0.661699516233057 0.316611387068406 0.883228462655097 0.34833549009636 0.711556050926447 0.129633483476937 0.692765607265756 0.081201096996665 0.328368685673922 0.275172411231324 0.374648117925972 0.0270328333135694 0.383617934538051 0.336851122323424 0.70437375176698 0.955477853771299 0.761318963486701 0.652471040841192 0.862368125934154 0.115938920294866
0.893358795437962 0.909163680393249 0.551228103227913 0.178867324488238 0.0614220579154789 0.707276939647272 0.785410514567047 0.453315488994122 0.00215076352469623 0.20745182572864 0.414762642001733 0.728874119929969 0.41022924752906 0.202190676238388 0.0540231252089143 0.781845810357481 0.411268438445404 0.0612476081587374 0.512171909213066 0.42901231138967
0.464155111694708 0.112057185498998 0.285536515060812 0.616096287034452 0.31506225373596 0.943154667736962 0.502673347480595 0.649026372237131 0.124234489398077 0.664565425831825 0.512954384088516 0.158988941460848 0.0238465792499483 0.75622997735627 0.26380752469413 0.658411304000765 0.380130663746968 0.462467414792627 0.960818974999711 0.109813955612481
0.613599299220368 0.550761154387146 0.128676237072796 0.692357009043917 0.361735679907724 0.495348563883454 0.333168854704127 0.283802417106926 0.230299387359992 0.442036304855719 0.994938757503405 0.448110339930281 0.759153076680377 0.212319034617394 0.746598122175783 0.0908546070568264 0.765758690424263 0.354585924418643 0.345346961868927 0.158674557693303
0.205448898486793 0.881368971662596 0.317195456940681 0.735136673785746 0.319593276362866 0.425145766232163 0.473760316381231 0.863307763356715 0.536775148008019 0.205563151510432 0.611979511333629 0.473591859918088 0.856598070589826 0.109480264596641 0.272217999212444 0.0884060699027032 0.344584392849356 0.716081258375198 0.68624873762019 0.921184512553737
0.376909898128361 0.914950100705028 0.968829217366874 0.061925771413371 0.13052385719493 0.00289973337203264 0.216780949383974 0.795391281368211 0.0828136855270714 0.824519937857985 0.988731172867119 0.124558245763183 0.391716802492738 0.391858621034771 0.274944149889052 0.431818681070581 0.31865298980847 0.962145620957017 0.82847085641697 0.176488420693204
0.0343681564554572 0.932753904955462 0.582119200611487 0.624021369498223 0.0809249060694128 0.193012892734259 0.901422365801409 0.532181124202907 0.287481204606593 0.203777898801491 0.546751353191212 0.0604732760693878 0.00799078564159572 0.486528631066903 0.958698469679803 0.639800074975938 0.408001917880028 0.961824826896191 0.741592132719234 0.202623930526897
0.301101364893839 0.26821286091581 0.777391461655498 0.357770589413121 0.597689476562664 0.1239305480849 0.387480268720537 0.396319259889424 0.619420277187601 0.242367340717465 0.196804813109338 0.471335029695183 0.20087606459856 0.991139675024897 0.0406531121116132 0.525109748356044 0.375086626969278 0.202002951642498 0.637954781530425 0.139442114392295
0.327538565499708 0.204885294195265 0.247039669193327 0.816760200541466 0.571893493179232 0.743986567948014 0.830526681151241 0.381380984792486 0.640358032658696 0.168715237174183 0.116445597959682 0.995631323428825 0.439733157865703 0.133069800212979 0.771683084778488 0.389841740718111 0.809964993968606 0.854921935824677 0.396204059245065 0.360462819226086
0.141200926154852 0.824974291259423 0.686267659068108 0.964292136253789 0.273463517194614 0.827622217126191 0.690237825037912 0.206162808928639 0.0784310759045184 0.0671025305055082 0.719008878804743 0.223967378260568 0.255765123525634 0.871870025061071 0.154175410512835 0.375012116739526 0.91695110546425 0.900281304493546 0.830897992942482 0.898369248723611
0.243858403293416 0.179816431831568 0.914226315915585 0.842660442460328 0.73423463315703 0.612828558078036 0.415838910499588 0.906650742748752 0.913958694553003 0.377530344994739 0.142793655861169 0.851985914399847 0.636172126280144 0.174307527486235 0.612351596355438 0.496597548248246 0.467472372809425 0.108628375455737 0.300805314909667 0.545869288500398
0.982308155158535 0.337811606703326 0.915123239625245 0.430479466915131 0.438728275010362 0.422500145854428 0.0747039509005845 0.50352627504617 0.158590705133975 0.634810710325837 0.199467886472121 0.736201116815209 0.523488034261391 0.0279848873615265 0.488597423071042 0.209487768122926 0.506347008980811 0.510033780243248 0.78522877395153 0.271630884846672
0.331500311847776 0.162171977339312 0.961565998382866 0.12333202175796 0.875212373910472 0.96525079687126 0.525328992167488 0.830303971888497 0.668464619666338 0.0205125515349209 0.903486768016592 0.341375235235319 0.740566896041855 0.822047799825668 0.557185161625966 0.384676828281954 0.0120590168517083 0.351498805684969 0.344271348789334 0.210786850657314
0.644195712404326 0.870160094229504 0.293848578585312 0.224787325365469 0.0311933720950037 0.381324206478894 0.330192087916657 0.874307230813429 0.151901931734756 0.0759663400240242 0.242402110947296 0.348589055472985 0.985100426478311 0.966515003936365 0.198018246330321 0.517593655269593 0.347868841374293 0.909152529435232 0.370019921567291 0.0684343164321035
0.536053227027878 0.0391178212594241 0.199122991878539 0.265881453640759 0.834717155434191 0.703287195414305 0.50163848279044 0.854425494326279 0.832455607596785 0.950386742595583 0.755396493244916 0.142415563575923 0.424220610642806 0.957733911229298 0.637708980822936 0.776756928302348 0.046310301637277 0.460820809006691 0.930762090021744 0.842454266035929
0.83579535712488 0.310765142319724 0.0211641064379364 0.785906382836401 0.345310070551932 0.488440949702635 0.660544080194086 0.614228565711528 0.944053943967447 0.970274781575426 0.393509291345254 0.504806410055608 0.938344739610329 0.905968320090324 0.632249277317896 0.152834584470838 0.934464444639161 0.0636268374510109 0.766585023142397 0.383632249897346
0.871926742140204 0.737790202023461 0.114384422777221 0.554175204131752 0.829109026817605 0.568866593996063 0.775301467161626 0.052466772031039 0.0580080924555659 0.156088520772755 0.475326823303476 0.0850827735848725 0.558857486350462 0.507784504443407 0.100383265409619 0.841874369652942 0.0372773890849203 0.0987393693067133 0.0704700802452862 0.813648921437562
0.903180922614411 0.0332791041582823 0.729402855969965 0.348502676934004 0.513844716595486 0.884840464219451 0.993503306526691 0.821021073730662 0.941224589943886 0.434927152004093 0.411264126189053 0.707207160070539 0.876589904073626 0.854652958223596 0.160846162820235 0.266586755169556 0.914531065383926 0.774110376369208 0.850626455619931 0.490352775668725
0.247520755743608 0.143296309281141 0.698898834874853 0.782050973037258 0.607893150765449 0.945414716145024 0.119108329992741 0.290819111745805 0.502421363722533 0.675769362598658 0.604333813302219 0.259456733940169 0.706440463429317 0.944183747284114 0.698318852344528 0.652708981186152 0.827949995640665 0.927330058068037 0.743695858400315 0.592519583879039
0.430902160238475 0.633971537463367 0.48460014234297 0.453726288396865 0.57496500085108 0.875933853676543 0.0921208588406444 0.323433893034235 0.00338914128951728 0.322146657388657 0.558029198087752 0.467839645920321 0.322866174625233 0.651787000242621 0.815536780282855 0.408844376448542 0.277092550182715 0.966302031185478 0.770777284167707 0.447046710178256
0.021795614156872 0.0305048914160579 0.703368211165071 0.0613695478532463 0.999509847955778 0.305788208497688 0.323182272957638 0.652343814726919 0.803018723148853 0.206244609551504 0.61450149375014 0.436188963707536 0.545703716343269 0.980314400047064 0.292983216000721 0.995508181862533 0.247854503570125 0.746391545049846 0.358262170571834 0.89632886252366
0.221144746756181 0.386448438744992 0.392882302636281 0.0493626098614186 0.999934632563964 0.567434275289997 0.614530024584383 0.601973810000345 0.790063329273835 0.31050128932111 0.0510974093340337 0.275688396533951 0.502696653362364 0.233316547004506 0.462490380974486 0.509797955630347 0.88459203671664 0.776180161163211 0.169068791903555 0.457802668446675
0.563290085177869 0.326531988801435 0.162267930340022 0.637794578447938 0.863608494866639 0.16564081935212 0.400731961708516 0.617696827743202 0.175323118688539 0.802242413396016 0.382144351489842 0.164928553858772 0.987568057142198 0.635392698924989 0.643496257020161 0.139596341876313 0.599705232307315 0.275146447122097 0.213449324015528 0.164191546849906
0.891713851131499 0.224782354896888 0.733969625085592 0.0289418993052095 0.715734658762813 0.960407540202141 0.101540739880875 0.748129006708041 0.268710871692747 0.110380616271868 0.184953742194921 0.985381757374853 0.977195892017335 0.652161811711267 0.593369472073391 0.105070696678013 0.194064721930772 0.409029700793326 0.532401359407231 0.126277240691707
0.928188720252365 0.960458195069805 0.349893930368125 0.604889032663777 0.416422470007092 0.36137587716803 0.173225685721263 0.937839851016179 0.8143018593546 0.393788194516674 0.346434423234314 0.831832569558173 0.421495004091412 0.524890908971429 0.177487232955173 0.0622514896094799 0.202050139429048 0.510119717335328 0.211715991375968 0.978457091143355
0.998089817818254 0.874716329853982 0.8373903487809 0.451259510591626 0.803224418312311 0.253939414396882 0.937474409351125 0.353260028874502 0.273763926466927 0.608551845885813 0.12514678016305 0.524490777403116 0.491377560654655 0.974291446385905 0.941843810724095 0.355059287277982 0.681205422850326 0.86610240326263 0.665459699928761 0.459452183451504
0.357269249623641 0.83018656889908 0.674973832210526 0.11797132762149 0.524470121599734 0.278200034983456 0.458674722816795 0.943119675619528 0.814731041435152 0.539668184006587 0.356778250308707 0.821166186593473 0.129745007492602 0.467251447960734 0.76516484725289 0.419507057173178 0.166104529518634 0.534075769130141 0.881376587320119 0.0383981794584543
0.31644580559805 0.222211104817688 0.589738454669714 0.627854026388377 0.444198538549244 0.473630148917437 0.319752535549924 0.475191405974329 0.608516179956496 0.697050760732964 0.557745356345549 0.649475448299199 0.703281789785251 0.0747676808387041 0.995571546489373 0.388278918573633 0.366432254668325 0.249121930915862 5.67452516406775e-05 0.568609213456511
0.878042605239898 0.406058138236403 0.300459791673347 0.0134189934469759 0.997471238719299 0.0919142568018287 0.207580325659364 0.0987959983758628 0.661098132841289 0.193129377206787 0.172638811403885 0.860675312113017 0.339510278310627 0.60080407327041 0.618665137095377 0.278410408645868 0.169619916472584 0.349698384758085 0.433129666838795 0.23145716637373
0.821582788834348 0.165041035972536 0.743344886228442 0.265632264316082 0.0321036833338439 0.708857482997701 0.692933042999357 0.77586978347972 0.295604335376993 0.466235890518874 0.543513819109648 0.947970232926309 0.362860610941425 0.800112382974476 0.796955831348896 0.856965441955253 0.621754119638354 0.308513579424471 0.432027882663533 0.636542409658432
0.424186736345291 0.811300125205889 0.350759898778051 0.687675729393959 0.071556361624971 0.939881899394095 0.115152743877843 0.699304296402261 0.777661229483783 0.767644642153755 0.971991854719818 0.522212064126506 0.142635074909776 0.368765495950356 0.744110286002979 0.70206783269532 0.074283869471401 0.673951293574646 0.720643432810903 0.540173201123253
0.569049491081387 0.982059679692611 0.362237942405045 0.450035449350253 0.659275967162102 0.983445297461003 0.710559041472152 0.367991856532171 0.0688104962464422 0.858825865434483 0.876764255110174 0.175560372183099 0.112913975259289 0.517239361302927 0.276940885465592 0.67483729775995 0.181781745050102 0.770632235100493 0.13662750297226 0.5887493530754
0.793240596773103 0.565903749316931 0.923209263477474 0.126906545367092 0.264592121588066 0.22961251437664 0.0861389541532844 0.0869773509912193 0.305607077665627 0.99338847422041 0.80312431184575 0.6570830559358 0.48538305121474 0.444679451873526 0.470761271659285 0.674143646843731 0.820542300818488 0.382517007412389 0.717093359678984 0.0554209758993238
0.023278699722141 0.603353045647964 0.371096421033144 0.420846170280129 0.97714872774668 0.66786081972532 0.523074519820511 0.0565617266111076 0.192913694074377 0.399499124148861 0.560668006073684 0.661667278967798 0.968611336546019 0.0903904146980494 0.307978425174952 0.153793761273846 0.480061455396935 0.168597604613751 0.0661497276742011 0.727596904151142
0.0421796899754554 0.729138063034043 0.800205283565447 0.996646342566237 0.311009708559141 0.170408905716613 0.095912623219192 0.312639822484925 0.402944079600275 0.457950028125197 0.817321381298825 0.205286611337215 0.762000470655039 0.62022459693253 0.808209614828229 0.888004527660087 0.0773423537611961 0.713090234436095 0.976878507528454 0.392837321618572
0.413603800581768 0.168716830667108 0.563265793258324 0.38932122499682 0.963569343322888 0.141340018017218 0.317709872266278 0.0455813982989639 0.846250503091142 0.946519560646266 0.116718519479036 0.79042628663592 0.982803729362786 0.851811904925853 0.551963989855722 0.0932845196221024 0.766693172510713 0.424757674569264 0.818425028817728 0.755351215135306
0.372824560152367 0.831704193726182 0.223386640427634 0.240527602145448 0.780543367145583 0.261902590282261 0.97420347458683 0.854368181666359 0.346526550361887 0.0570760278496891 0.315978863742203 0.658592893043533 0.051010933239013 0.930082995910197 0.930095321498811 0.791297111660242 0.333645193604752 0.090196471195668 0.142705024685711 0.381205559941009
0.54819909366779 0.608730579726398 0.605813590809703 0.955784934805706 0.0511528579518199 0.818053860450163 0.296854880871251 0.115674434229732 0.407367864390835 0.78697069035843 0.960069682681933 0.887659995816648 0.750138974748552 0.79876439482905 0.970202349592 0.534108560532331 0.378742042463273 0.820303095504642 0.794864665716887 0.109697790583596
0.458165762014687 0.0427317568100989 0.117431592894718 0.0966208910103887 0.98944465117529 0.471344471909106 0.434934683842584 0.374076804379001 0.303660612320527 0.499421790242195 0.657057067612186 0.491450469009578 0.693834098754451 0.415117042837664 0.784325320506468 0.0281098030973226 0.336318376474082 0.251454593846574 0.715964456554502 0.387557113310322
0.348325378028676 0.401368968188763 0.789578480413184 0.0636605296749622 0.400154037633911 0.791376715758815 0.635474558919668 0.752794602420181 0.862538821063936 0.498463244875893 0.624243007507175 0.984997747698799 0.329601661302149 0.727097495691851 0.235529335215688 0.724094404140487 0.183743582107127 0.766516580944881 0.737975284224376 0.818258141400293
0.863255133619532 0.820188522571698 0.359682965558022 0.424879261292517 0.293634170433506 0.552633034996688 0.1203774868045 0.392525114584714 0.0431381796952337 0.680411482928321 0.319663249654695 0.423437818419188 0.00342930387705564 0.263246262911707 0.968280303059146 0.298556397901848 0.853707753121853 0.735263850074261 0.128953302046284 0.381026502931491
0.228877243353054 0.00327619980089366 0.0390694963280112 0.192944829585031 0.787413083715364 0.429514451883733 0.89164385618642 0.348036704352126 0.280945473117754 0.206307240063325 0.806863312842324 0.178373886039481 0.152721528895199 0.991127140587196 0.123677439987659 0.676975079346448 0.799176431726664 0.788447308121249 0.385456698946655 0.771183336852118
0.462146928533912 0.683296893024817 0.176211725920439 0.427087409887463 0.742914033122361 0.631009320728481 0.514805251965299 0.15931840823032 0.132413686718792 0.128447958501056 0.162354923784733 0.256869381759316 0.762357373023406 0.763686317019165 0.701521860435605 0.940449936082587 0.864076967118308 0.658752310089767 0.210452359868214 0.506989195477217
0.773234131745994 0.706698286114261 0.342014596564695 0.445821950910613 0.391495879273862 0.649075259221718 0.771412991452962 0.247329570353031 0.117445546900854 0.736510801827535 0.332064925692976 0.630837927106768 0.696191613096744 0.592783151427284 0.657818145584315 0.373024641536176 0.57760818162933 0.00565362605266273 0.148821028647944 0.572966870386153
0.310506650712341 0.277888860320672 0.789833910297602 0.399131473619491 0.514811275992543 0.00968266115523875 0.904954214813188 0.318852471420541 0.0944775696843863 0.21207113424316 0.763377162627876 0.417663552798331 0.532858741469681 0.0151026912499219 0.759273633593693 0.322273078141734 0.16792557714507 0.100938354618847 0.641942334128544 0.425682401517406
0.139539739582688 0.114532841136679 0.0236761283595115 0.363365155179054 0.366258584195748 0.725264667533338 0.127534802770242 0.31274202442728 0.987289249664173 0.257021540775895 0.33177981316112 0.000809681368991733 0.553680460900068 0.893293319270015 0.318666241830215 0.543456787476316 0.319785194238648 0.661578892730176 0.430679932236671 0.502763772383332
0.731065134052187 0.752518875990063 0.204048323677853 0.909525017952546 0.854148172773421 0.559218056732789 0.152011636644602 0.740238697268069 0.204343932447955 0.590878882911056 0.200529451947659 0.817149036098272 0.550244102720171 0.104795900871977 0.63170306943357 0.619739082409069 0.774026551749557 0.712511080317199 0.279697841499001 0.584631226724014
0.22982263378799 0.106488890014589 0.785982792731375 0.634986450430006 0.667339943815023 0.880873065674677 0.160433038836345 0.880595807218924 0.764331340789795 0.601471008500084 0.0959903388284147 0.619631485780701 0.251069744583219 0.0603987786453217 0.636588687309995 0.832253267755732 0.52800373849459 0.195877773221582 0.230139678809792 0.587652918882668
0.529634383041412 0.871674878988415 0.675631549209356 0.752905087312683 0.384783690795302 0.873757009161636 0.74412128305994 0.0466709001921117 0.627300875959918 0.680723488563672 0.864117612829432 0.417714961105958 0.346067320788279 0.102394469082355 0.387972275493667 0.112631339114159 0.35845416225493 0.265733514912426 0.470754127716646 0.934623058652505
0.482290043728426 0.918083219556138 0.269801852991804 0.521188156446442 0.109985776711255 0.455776276532561 0.722453816095367 0.330553466454148 0.352597333025187 0.273962522624061 0.845750310691074 0.303565288428217 0.967746786773205 0.775630800286308 0.100881518330425 0.23078964301385 0.0242021905723959 0.130968529032543 0.664237865945324 0.790670417714864
