0.40403955662623 0.257592767011374 0.51596675417386 0.636406132020056 0.650287917116657 0.41880156006664 0.907626944594085 0.0136716749984771 0.740109587786719 0.453648540889844 0.357989837648347 0.24319083802402 0.0765870835166425 0.387881908332929 0.653299340046942 0.163063053274527 0.480779605684802 0.491168200271204 0.412002561381087 0.132166180759668
0.48075106437318 0.897666589124128 0.65885154879652 0.920388411730528 0.170728208264336 0.40794988302514 0.027248507598415 0.866775772767141 0.214611383154988 0.507034492213279 0.482968566706404 0.329810309456661 0.874049404403195 0.839600167470053 0.186650855233893 0.928530330071226 0.420244592940435 0.887248537736014 0.856438608607277 0.0551108755171299
0.0903777035418898 0.446480567799881 0.348860530648381 0.880030127475038 0.0807639311533421 0.720811596373096 0.908991463948041 0.229711149353534 0.334912927355617 0.260898898588493 0.307616528356448 0.128559539327398 0.118408038746566 0.947067412314937 0.573261416517198 0.824647158151492 0.818589294562116 0.386178788496181 0.409576189704239 0.122114754049107
0.971780420048162 0.57472550845705 0.0726481389719993 0.527630657423288 0.631174761569127 0.647766944952309 0.312823212472722 0.197108692256734 0.692535536363721 0.687956173438579 0.645448138238862 0.456230700481683 0.0809931047260761 0.714208070421591 0.918635315028951 0.808901462703943 0.655170718207955 0.402830950217322 0.71058834833093 0.792807630961761
0.703376598889008 0.823741245083511 0.230978762730956 0.108423911035061 0.334516511298716 0.35615697898902 0.550663470989093 0.446138612227514 0.0353982399683446 0.392812208272517 0.83506996720098 0.176836615428329 0.97836398286745 0.390136906178668 0.0418469249270856 0.871116852387786 0.953332486562431 0.122598611051217 0.271761327981949 0.888981249183416
0.836814776295796 0.650501230498776 0.906691140728071 0.124249932356179 0.521545868599787 0.185725973220542 0.541250749723986 0.962455206084996 0.849285736680031 0.327230151742697 0.228977896273136 0.401949357241392 0.314148993697017 0.678439979441464 0.0986230475828052 0.832800467032939 0.493863393785432 0.942967039532959 0.883095170138404 0.560713969171047
0.474105651024729 0.0291552061680704 0.65608663787134 0.632655064808205 0.325749647803605 0.39042844530195 0.625800906680524 0.290659568971023 0.8840867576655 0.0164627090562135 0.32385871373117 0.090762885985896 0.944848126266152 0.471838579745963 0.903219575062394 0.0684195575304329 0.247415700694546 0.522219071164727 0.233151227468625 0.606712975539267
0.480041885748506 0.356430009938776 0.265044126892462 0.390775623498484 0.460256397724152 0.156944451155141 0.225180617766455 0.493369968608022 0.513539836276323 0.826721258694306 0.98889842373319 0.729301991639659 0.468137938296422 0.569763181963935 0.598997759865597 0.220185501500964 0.593331749550998 0.487974517745897 0.592577709816396 0.340536383213475
0.5479173543863 0.398765120655298 0.916219643084332 0.665066929068416 0.355476453434676 0.521851325407624 0.106786482268944 0.352460774825886 0.733722117030993 0.111248955130577 0.500631565693766 0.116584399016574 0.548671174328774 0.06939737778157 0.900752851506695 0.0114002181217074 0.950569050852209 0.548588591860607 0.959889554185793 0.981298307655379
0.809172525536269 0.529897800181061 0.848453690763563 0.248158031376079 0.873379626544192 0.867540228180587 0.405261904699728 0.286918450146914 0.819738934515044 0.0807364284992218 0.44246031017974 0.087639938108623 0.171571631450206 0.256294067716226 0.809346096357331 0.971751102712005 0.88950817915611 0.906540046446025 0.403051941189915 0.143765101907775
0.757946236990392 0.167091822251678 0.387584191048518 0.292279300279915 0.220592765836045 0.114442402264103 0.269658125005662 0.294989595189691 0.427813305985183 0.668627162929624 0.263330080779269 0.573368600104004 0.4565660872031 0.114677779842168 0.964575757971033 0.389636715408415 0.0993748179171234 0.574071686016396 0.752100011566654 0.681214454350993
0.887987429508939 0.0290653810370713 0.678083161590621 0.710678704315796 0.348681112984195 0.35598002653569 0.82612177846022 0.489683935884386 0.500015594530851 0.403115852735937 0.425828603561968 0.669461613986641 0.652972927782685 0.486115314532071 0.0483154435642064 0.441199283348396 0.198818464763463 0.326478556729853 0.0127091349568218 0.217509242938831
0.97962067858316 0.845096004894003 0.525762330973521 0.0802617166191339 0.590915635693818 0.526717269793153 0.596715891966596 0.550209154374897 0.166183673311025 0.0961815593764186 0.0894614711869508 0.132851808099076 0.767031580442563 0.831012551905587 0.0301571835298091 0.111074335640296 0.937072467291728 0.459009602898732 0.253092532744631 0.275677356868982
0.676174503285438 0.882096841232851 0.333729703444988 0.112732209730893 0.20519165485166 0.769275580300018 0.641556713962927 0.856437338283285 0.0521216033957899 0.726720012025908 0.135741164442152 0.949497996596619 0.62789021525532 0.571003637043759 0.546493745874614 0.177873043576255 0.475585959851742 0.327902918215841 0.129615975543857 0.840892838779837
0.0927370991557837 0.79604392265901 0.167733546113595 0.593810039106756 0.314043356571347 0.243544058874249 0.576322228414938 0.951928375521675 0.920521694002673 0.410244070459157 0.381964172003791 0.230903004296124 0.6019894387573 0.21424014121294 0.546146750682965 0.141334062209353 0.226721903076395 0.363715811632574 0.728017783723772 0.576577158411965
0.885639346437529 0.355386382434517 0.522195967147127 0.00690583698451519 0.0671775243245065 0.0407758704386652 0.719851662172005 0.217465640045702 0.871837336802855 0.686122958548367 0.148624804802239 0.347385737579316 0.94900618493557 0.0385258845053613 0.285523937316611 0.0931073280517012 0.978262251708657 0.0712981563992798 0.494621333433315 0.604940161807463
0.221988309407607 0.7214354746975 0.40045827976428 0.203980212332681 0.102166619384661 0.0520081440918148 0.241334102349356 0.480157889192924 0.537439422216266 0.594717361265793 0.299068799940869 0.677897025598213 0.754522503819317 0.637925119139254 0.789294757181779 0.17275528376922 0.18869951274246 0.29661665065214 0.173971087206155 0.793785850983113
0.47970665502362 0.00814425852149725 0.0371055109426379 0.721501783234999 0.146277078893036 0.788237728411332 0.690338429063559 0.909437129739672 0.513026169734076 0.0370870742481202 0.723980634240434 0.717595295514911 0.548749734414741 0.696729465853423 0.523588169366121 0.557167026912794 0.561707894783467 0.755868173437193 0.851498471107334 0.608498139772564
0.394073738483712 0.234596132300794 0.338068337878212 0.650887405266985 0.101823691045865 0.898959428770468 0.283856655936688 0.691595806274563 0.316984451375902 0.575246853055432 0.12601599493064 0.787114566192031 0.204567869892344 0.852718925569206 0.505745929898694 0.423593462677673 0.102583289379254 0.0432108321692795 0.434499474009499 0.222172908950597
0.125665395753458 0.65664822072722 0.220075535820797 0.0897030516061932 0.264565568417311 0.19218999100849 0.057201074436307 0.0366590614430606 0.64969413774088 0.598950265673921 0.441558110760525 0.846755652688444 0.38203320465982 0.160365075571463 0.560666754841805 0.165015825303271 0.97273990069516 0.13904416654259 0.590306548634544 0.531235578702763
0.614853823790327 0.211440717568621 0.925825887359679 0.713272552471608 0.446579682873562 0.4096054576803 0.458910864312202 0.781358913518488 0.80466043530032 0.381409646710381 0.787239808822051 0.395957158878446 0.410275402246043 0.371612739749253 0.38075457001105 0.397490110248327 0.016249320236966 0.356352214468643 0.00463454029522836 0.0656425901688635
0.557097439887002 0.494414143264294 0.326185558456928 0.750980084529147 0.0938257817178965 0.977737321751192 0.021055506542325 0.28796104574576 0.169721010373905 0.449148720828816 0.280722744530067 0.178148396546021 0.723030939698219 0.487002142006531 0.283798640826717 0.292438289150596 0.722271098056808 0.758026057854295 0.737084728432819 0.97386208968237
0.0828850641846657 0.938610159559175 0.849779943469912 0.109823184087873 0.119321953970939 0.0476022048387676 0.159673214424402 0.46618763753213 0.248334968229756 0.545459763379768 0.258095616707578 0.286162619479001 0.491485338890925 0.365868764463812 0.830728416331112 0.216795679181814 0.888058236101642 0.0181675087660551 0.160053987754509 0.665010583819821
0.854804970789701 0.718524109339342 0.618536213878542 0.333087136503309 0.693849415751174 0.594136869767681 0.473765124799684 0.903090844396502 0.930173774715513 0.907101616030559 0.885888303164393 0.814041796373203 0.537288712803274 0.982462488114834 0.194485237821937 0.856570131145418 0.67236588196829 0.147131905891001 0.680334452772513 0.691983295604587
0.332795324269682 0.96920533454977 0.483142717042938 0.53622046019882 0.565968847600743 0.203638075618073 0.209288279525936 0.0961364454124123 0.732301636599004 0.245096739847213 0.466259821085259 0.189277778146788 0.130949950776994 0.122607762459666 0.7551962104626 0.837163881864399 0.0766610759310424 0.127251652767882 0.891418148763478 0.686215805122629
0.0933571497444063 0.899423231836408 0.224554018583149 0.959344901144505 0.691649477928877 0.46586544951424 0.540901863947511 0.470204554731026 0.347079330822453 0.600351430242881 0.316566885216162 0.945505669107661 0.314460435882211 0.181933850981295 0.00432054488919675 0.423646020470187 0.995039894944057 0.489534521009773 0.276801498839632 0.0694859032519162
0.0788209331221879 0.807678649201989 0.0992824553977698 0.0123698113020509 0.910064903786406 0.0406413383316249 0.555921206949279 0.918569636764005 0.256730201188475 0.725540894316509 0.165150160901248 0.455636800499633 0.0187930183019489 0.555055381730199 0.777821394382045 0.507090493571013 0.252209203317761 0.196984109934419 0.207918914500624 0.548288817983121
0.250260824104771 0.619047709275037 0.78842121665366 0.420418107416481 0.331418800167739 0.844700293848291 0.6866544210352 0.180000476306304 0.717195712495595 0.17218280909583 0.285614816239104 0.658408606890589 0.529382786015049 0.996674310881644 0.948086643824354 0.50318462587893 0.621367258485407 0.992791560012847 0.679596686037257 0.86683836276643
0.569705575937405 0.396942273015156 0.195523171685636 0.620899363886565 0.985240200068802 0.697916970588267 0.779486358631402 0.452162287663668 0.906867419369519 0.0732291252352297 0.240972764790058 0.510692558251321 0.112631249474362 0.246461914619431 0.32179725007154 0.721265049651265 0.475784359034151 0.671908141346648 0.758933274075389 0.898088714340702
0.479346159379929 0.863189171534032 0.106584137538448 0.110526893055066 0.101277037523687 0.154367320938036 0.417369825765491 0.154651863966137 0.872453769901767 0.0275079659186304 0.797523723216727 0.612961542559788 0.276947314152494 0.816211410798132 0.471143399598077 0.833134934771806 0.902039842214435 0.10444205137901 0.549910208908841 0.972745585022494
0.597185898805037 0.41484685218893 0.0835982100106776 0.536393841030076 0.455977906705812 0.833959112642333 0.609334599226713 0.810107681900263 0.40639828867279 0.793651088839397 0.361759582068771 0.118727727793157 0.706464104121551 0.203266403870657 0.841425789752975 0.0433732226956636 0.653041689423844 0.983731304528192 0.362370823742822 0.485796187771484
0.998900952981785 0.256802594056353 0.318971271859482 0.29671364556998 0.714924017898738 0.40936909453012 0.493136165896431 0.228719504317269 0.47131815366447 0.301548014162108 0.0643708186689764 0.92141551990062 0.301940177334473 0.818433785578236 0.613179717678577 0.972252284176648 0.780231022275984 0.913436397677287 0.743831217521802 0.53113820659928
0.398987339343876 0.566654475638643 0.634538691490889 0.270594067871571 0.135396985569969 0.848310665460303 0.494687060592696 0.163600256899372 0.786081311991438 0.280720641138032 0.689164137467742 0.909007149050012 0.41223511681892 0.819306885357946 0.0598640015814453 0.639566132100299 0.271857768297195 0.155684577766806 0.910307961748913 0.185584942111745
0.398037987761199 0.57454203045927 0.791390666505322 0.109831277281046 0.372910409467295 0.14350572344847 0.192434116266668 0.893464675173163 0.842694401042536 0.303765923716128 0.538501564180478 0.360956138698384 0.567493112990633 0.265321633080021 0.587862298591062 0.638771225232631 0.831402652198449 0.383186019957066 0.576458142371848 0.615872546099126
0.409050693968311 0.995987061876804 0.235568883363158 0.482272422872484 0.0630241816397756 0.912804329302162 0.0676951806526631 0.0953790824860334 0.452252693241462 0.909049184061587 0.953685189597309 0.0577000032644719 0.875083998776972 0.025904698530212 0.930240666959435 0.0959377663675696 0.173815313726664 0.410325072938576 0.976222129072994 0.791077585890889
0.797938758740202 0.995868058642372 0.299971996340901 0.746933426940814 0.679835554212332 0.827760915271938 0.991443700157106 0.0437975451350212 0.400589195312932 0.173549414845183 0.81847673561424 0.803763753268868 0.637589282123372 0.967036320595071 0.446647421224043 0.131833313964307 0.394733733264729 0.410142096225172 0.343281965702772 0.810867440886796
0.707344414899126 0.957572291605175 0.216238086577505 0.641437420854345 0.278722496470436 0.879188645165414 0.827292682835832 0.536702830577269 0.843139744363725 0.262621522415429 0.822239305824041 0.625353828072548 0.800131734926254 0.954008404863998 0.441241418477148 0.788623878732324 0.610374870710075 0.864301565568894 0.40818715072237 0.248874968383461
0.604956450406462 0.682374180294573 0.989905781578273 0.866215362213552 0.559059642022476 0.194208522094414 0.51356680970639 0.176406706217676 0.545377279864624 0.344448410673067 0.525811157654971 0.927743921522051 0.849685943685472 0.16387701057829 0.430891337338835 0.173573959618807 0.958334072260186 0.666074050357565 0.819970252225175 0.0619010652881116
0.592921622097492 0.979634541086853 0.811620506225154 0.193414164241403 0.295328780077398 0.321367490105331 0.284356920514256 0.227029707748443 0.308596602408215 0.668821881758049 0.742149248719215 0.119804001180455 0.6232098354958 0.955491754924878 0.363610076252371 0.187215723562986 0.863155537983403 0.00380305387079716 0.138446587603539 0.716564443893731
0.812241140287369 0.801965954015031 0.243567769415677 0.861664318479598 0.969279810087755 0.0193090210668743 0.393029483500868 0.724282139446586 0.0921641509048641 0.379258786793798 0.869182937312871 0.556806050706655 0.63839865475893 0.322346684057266 0.42375302920118 0.456494113896042 0.62160364119336 0.814583472209051 0.336713294032961 0.850399917690083
0.706903237383813 0.094975404208526 0.516493220813572 0.409028451424092 0.530220875516534 0.262495698640123 0.766888119513169 0.114769135834649 0.224909289274365 0.505577835952863 0.469231440220028 0.424179325578734 0.230712110409513 0.550932665821165 0.194115441292524 0.517567663453519 0.0895396692212671 0.305795211112127 0.350918581010774 0.43446784792468
0.997255195630714 0.718427177285776 0.478302704403177 0.659023130545393 0.461324532516301 0.0438192563597113 0.356561311520636 0.944620969705284 0.400212215259671 0.247431030496955 0.898778761737049 0.435503737535328 0.967499349731952 0.55211449530907 0.355655557243153 0.109657742781565 0.392849035561085 0.279105487512425 0.316799621563405 0.195552870631218
0.953046570066363 0.79421452479437 0.85439428081736 0.400219185976312 0.430370344081894 0.0936727933585644 0.60858056973666 0.334289208054543 0.625196610344574 0.976657508872449 0.11053549638018 0.500217132735997 0.143340795533732 0.618422018131241 0.0091137879062444 0.489089546259493 0.935459573986009 0.148446679813787 0.977130990708247 0.88003167626448
0.744628151413053 0.583242102293298 0.485666316235438 0.317599970847368 0.660484368447214 0.779452626826242 0.138970392290503 0.180173769360408 0.626246877713129 0.407487594522536 0.497980220476165 0.374161714222282 0.166143014095724 0.714451453182846 0.594420230947435 0.708894366398454 0.749120243825018 0.519639831036329 0.78837806545198 0.226965382695198
0.94076354871504 0.0234757317230105 0.792481285752729 0.764512050896883 0.571852256776765 0.828638343373314 0.719946769531816 0.221960613271222 0.478916815947741 0.614224430173635 0.140745975077152 0.435485497117043 0.626483009196818 0.690598341170698 0.882547789020464 0.448533694492653 0.667562583228573 0.149839054094627 0.0342524976003915 0.99088605470024
0.193274014163762 0.288579977350309 0.67372507834807 0.646346802823246 0.822355412179604 0.312586635351181 0.0289275094401091 0.753269747830927 0.61444156174548 0.763276674086228 0.32356416946277 0.947963770944625 0.697985678678378 0.513988886959851 0.40948106860742 0.881028348347172 0.13703128695488 0.318589980481192 0.639485253253952 0.949571237666532
0.402575395302847 0.811630850192159 0.147305080434307 0.48318285914138 0.918575412826613 0.831941620446742 0.014413581462577 0.339251947822049 0.414245208026841 0.375337920384482 0.22243857383728 0.395555589580908 0.0931161835324019 0.227810714859515 0.460865144850686 0.845875008264557 0.39545477880165 0.209646412404254 0.248639350058511 0.406163444276899
0.612744755111635 0.766216477146372 0.233420526375994 0.380920831346884 0.18913106340915 0.205860723741353 0.484188269590959 0.672960847383365 0.859258955810219 0.933886989252642 0.741379094310105 0.136283295694739 0.987966486718506 0.540876737330109 0.622620753245428 0.289245349820703 0.857075593434274 0.0977965632919222 0.791043343022466 0.36360543128103
0.703326350543648 0.635327825788409 0.3139262648765 0.555620658909902 0.883592951111495 0.791807840345427 0.120687970425934 0.117545138811693 0.961725134868175 0.345329051604494 0.0281573741231114 0.421217288123444 0.752217015018687 0.542906040325761 0.339379081269726 0.45784228737466 0.718670810107142 0.852327813627198 0.823312828084454 0.0156599855981767
0.149501619627699 0.632032987195998 0.311647306894884 0.227652043104172 0.230388559168205 0.949603094020858 0.153968667378649 0.653934447560459 0.265528821153566 0.233234834158793 0.124629788100719 0.39674132806249 0.825235250405967 0.304502214770764 0.0335131948813796 0.874996232334524 0.385148050030693 0.0701834110077471 0.37434819038026 0.678778264438733
