413.138280798905 402.567298316145 303.677180668799 614.280770507663 299.327393953393 564.677770791825 704.152422059306 463.354405140368 317.662482503105
790.079364849677 780.784797170526 577.263233789849 696.484341671253 968.087019057375 583.490440657596 387.696172388197 803.510164919379 439.594739894257
5977.05341141374 6441.59736501819 4929.65471738508 7223.46766445907 6091.45402314385 7433.11621467244 4367.11560017356 5845.27170685016 4397.66982193736
15511.7480001826 1325.91403306884 2308.31339774898 1276.43217553964 755.582952436074 1652.47307291766 1487.44481847793 18115.5338666828 4182.26074588187
29187.4021696859 30031.4227949349 24396.1404245911 37744.6015113771 24883.1579626155 23677.2461473534 15062.8843130254 20822.9460376648 21765.3024699114
2524.14501156407 2597.73334583678 2563.41410707901 2718.97071024926 2712.77075953297 3811.0128747498 3342.67002409342 2369.04515126397 1707.22964053774
15026.3846454656 10631.5814842321 17317.039004911 14197.9301846784 10171.4056756547 12997.7370312411 7071.92596145016 10714.9906464124 11669.5173888159
0 0 0 1615.81014190243 1364.93315231858 0 0 443.732601107853 0
10674.5858682687 9724.82710071949 12116.0426507902 13250.1038724448 11666.3456856765 11901.552176467 11415.4505180582 8901.87302344055 9548.81225320356
20520.1101640563 25635.7909671848 20813.1725870811 22237.2300051542 15392.4219594019 15258.5177665774 15471.5716676882 21283.8396194788 19388.8015554717
11373.1723669696 8795.95354141503 9706.31024302242 7930.33066004175 10602.4339143264 13600.3762737638 7349.78560153312 6721.84657099174 6115.83502616853
3762.25330245077 4788.87406873347 894.903766360727 6324.96376004046 1949.76980925744 20910.823316673 70394.2422059857 605.684309326558 1829.92299653674
6634.95034075688 7250.71558881496 5986.14132603169 7925.59116967894 8186.35235343047 9051.3544886065 7600.50850126065 5747.96142670303 5297.00651976618
2727.24459624983 2717.75844004258 2037.19690895992 2002.56461138809 3790.52842771107 2064.58846368738 1338.43973230011 3260.16528352787 1403.97482824826
549.594750701362 458.128600141711 368.860695608253 509.959514728784 593.270111799093 508.756269110354 361.276167476828 527.884198668935 307.053437789093
3690.59215214244 4852.4947817965 3074.32861098725 4890.16959513095 3694.08727360629 5246.0152148435 3604.21429444952 3271.82158798596 3163.48614678312
10701.1362077423 8447.07877545978 8618.43835568991 11030.7761126903 10079.0735404643 12172.4025708329 7187.63053783745 6078.95304501262 9169.13232188594
15606.7580010322 17179.4500648831 19704.7689575047 16354.8864909687 17198.6621432875 23653.7541502821 13086.7485588381 16225.3071762759 12851.3149979359
16627.0618689022 12233.8490695756 16879.5334518778 11585.0559257605 10094.6630778 16998.6538171355 10283.5222152213 8796.70196142256 11399.444404759
1122.33735658566 640.547634053684 1249.11747014542 782.929524813731 716.265789369583 1358.47993590698 642.397100510109 328.191307842369 735.409134606089
13752.6525387047 12000.6039706722 10481.843881128 24481.4883822558 18211.3342454762 19683.5164997352 10200.9227358773 11776.1772862056 9153.20501005715
4575.87607386862 1825.75366527383 2578966.80698985 3054.45962584481 7959.5053067184 3445.99416032547 2020.74585420828 3225.52843759423 9262.57612839977
1637.04926049062 1388.54699902443 1832.61656052479 1298.22854321951 972.833784268637 1383.26757853078 1061.72103594783 1067.16569318958 1321.87898683846
93.5349084535039 1314.69189546027 1058.20647760502 0 788.262200625909 0 1116.91809527482 0 0
1842.2885008183 2239.687865318 1841.69214231312 1011.74675104323 1101.83040914002 840.558128218869 1567.41617851367 1784.45188024741 2134.20431529555
6282.75778639542 33927.8888605747 7875.80000339715 10120.5296899251 6067.1415735416 16848.5099074116 6009.64493848576 7522.23897775212 4830.76951141256
4758.85330570977 4026.51737031593 4788.62169411128 6139.16803602232 4919.48216359739 4765.33665721625 4062.67437479953 3771.28364599056 3579.7250712641
229.189760917682 220.485261603078 196.0280517056 206.65512729679 265.338974680078 207.267657654132 153.71194599885 230.256532481498 156.635783982965
1940.01509704838 1354.25155839966 1807.43208127955 2347.82136688581 1940.89154119756 1851.61977036354 1460.51389075276 1560.88569205465 1396.99840136838
4726.0659705733 5246.31415545584 4815.41357490615 6282.02025108923 4382.87864029931 7963.79592884606 6975.88396945202 5349.51359590897 3559.32994861807
6817.20978971437 8889.5022263912 9357.28030302517 5755.63395722638 9190.97243730791 14616.3012568249 12208.7056193219 6137.84198674969 3113.63724866694
540.3915853548 513.391784856477 534.757652664903 720.658358949545 691.780587372817 532.417003937282 358.057246082211 592.384983838762 597.326973430582
15626.8946098166 18928.6019778238 14174.4085610489 16225.5470531979 12718.5477701049 18991.6270482826 11940.5386226256 16548.8974075676 11398.6336485369
35279.2497080571 22969.4862236577 21908.7365970829 36517.4105004496 34947.075554118 38011.489418806 21170.4879879041 18009.3907333757 28546.7335954724
1973.78022459786 1802.98943289487 1708.64950403152 2247.01848431763 1932.75863056299 2422.24968227765 2128.68732397863 1725.5036001455 1371.54309473596
1171.33234951461 1174.13219549556 1055.28704618787 1309.92777492928 1143.34539227395 1533.90764718677 1210.65457716302 1110.99179230768 792.513500899757
296.016992933449 409.156444840213 365.661705851959 407.873581698577 278.492439026565 381.713702343593 290.782365006642 334.578046481037 343.377372426042
4523.48190802295 3079.33357142308 5158.10544815651 7278.52460856965 5702.56194633772 3744.87040915986 1896.79722067351 4915.79479736624 3335.46495544611
23021.7012527291 10757.4002623736 15824.7592820004 17969.5290258539 20757.225497038 21647.8705439485 8658.89128739924 10967.2189576419 18430.5552200047
2091.99949290452 2950.80042547615 3218.74494323884 1417.66158154408 2920.82804019229 4510.05337495252 3320.94643639389 1864.08386473159 709.524536273392
7010.09002656465 5041.3396810692 6387.89264826419 8496.44389320394 7041.94779771517 6154.08359328595 6088.2262837472 4849.54031280163 5533.63132668285
1958.03549528171 1640.18956093138 2010.04716867734 2755.57202448459 2140.37751488717 2027.03870609697 1981.715054994 1494.20134128206 1573.0921510656
4911.59444858385 4412.01657735566 4105.70796340952 5709.95434935642 5285.66425862869 6460.89342849805 5334.14105406539 4418.05912311305 3867.99760970776
245.37440722713 223.505312758131 221.459253805675 263.433328722525 250.415913984178 239.114908412471 217.247819862728 233.938511544084 213.404858441375
2916.75112680124 3194.91473808133 2527.70989695349 3879.39650581728 3240.97682220434 3026.18998566978 2952.62823433142 2794.11361771751 2750.85072409084
516.333803459777 671.299568736216 241.383685477111 1350.65904563538 1039.44015215 1179.46497673088 534.476227464689 641.775005404604 294.261806942417
2899.26267307611 2754.22730374312 2298.68421362402 2356.33164814484 3637.04149108645 2638.86010540043 1899.48974534717 3133.760120507 1622.05258184506
8907.85947105025 9115.04884493817 6234.78194949199 9742.29985700421 6034.22801929161 6925.905134403 5091.23306773264 4528.75131553538 6518.29262229505
22628.1895131128 16837.0897329373 16929.6960202348 22261.7868825251 20331.1273614882 20772.229853746 17269.6059272106 12369.3368905408 19413.1300293213
13976.2911262701 14832.7017467292 9871.78763117076 23924.057411587 18634.4799530001 18116.6075764219 11441.5206134515 13516.1314614457 11434.0869754964
613.63847200126 619.955497812398 353.953158756504 885.639874292194 772.365375695489 862.148648517536 465.973577945701 471.030674095819 509.894836560923
481.322844351862 414.885284620365 376.215128261602 573.48582596418 531.908266531215 495.380905605328 459.870323248148 472.19540279306 381.324546530771
2158.02985911059 2790.72268477288 1989.02011911095 4268.70142805306 2930.68165919589 3783.21985285088 1916.67926292994 2343.46137641175 1443.71807303421
976.668537350114 792.996012548968 849.233599692537 1162.72781783651 964.495312057388 1229.67998918379 693.062522700484 654.329203251698 685.438920720233
0 0 0 444.626865352034 263.564536456011 105.922090978 0 0 202.278066211497
1471.48214364362 301.038525112192 728.900535946587 1312.35353346626 1503.76703023918 1289.47351364293 508.406073435152 858.306909655606 1068.10993576694
12948.5879745067 11441.860497845 10883.6806067724 11357.3677395429 9218.66756494613 9053.43100254682 3760.04561406967 8730.12810750265 11169.7376543655
3515.24296316878 3772.9154342547 4068.29123657099 3203.56562293425 2236.10268553688 2932.55837591182 1685.82124859791 3470.50602199636 2874.51180141131
10222.9421085607 5268.34972512239 6658.59971282408 8086.43838701053 7798.68691554284 11438.4759956715 3000.30093303042 3054.39963959637 8327.0063058794
12360.3790502368 14143.4808316076 15228.5733426124 12966.0229474532 7938.16375153063 8203.07483119315 3782.25325406134 14537.077933145 10916.3612500771
29137.5478838394 15143.7219781276 31286.6802786408 16523.5980093703 12272.0037217979 28280.2892506381 15435.3892368608 6245.72163626424 19601.1093853956
8121.24051451082 1582.25684601126 3630.58024516065 6823.12855720809 7290.39227142682 7279.71218475277 2973.23575379525 4147.38077582285 5326.05812382872
36124.9560625086 13137.9576486944 25298.2562582763 25963.1844152076 31849.4069087714 25334.64697635 3577.94031854515 11049.7081316532 34071.1143058507
5302.1054788505 6308.51401859923 6618.31267744002 5244.78570295087 3424.49763535878 3672.74226522833 2263.10478991033 6270.18037418232 4763.74544777875
78571.5175060961 45754.4703560945 66218.9313489127 79637.8243167704 80423.3991870888 106534.868794233 48269.1375391463 50483.9587683873 55308.9685961465
42642.2198436529 37426.6755570993 52851.8581076646 35449.35958914 30502.9305179691 50993.9968455471 26807.3992145378 36601.5346018994 40477.2772752913
1782.96305370937 906.285163038841 1406.87279250428 2146.07910204167 1861.65185574129 1686.25038556062 1028.38350274027 1437.60130528246 1308.80511810248
8159.87813031399 5436.83842598996 8365.36169882913 5959.18184839639 4968.22251477697 7004.08397797861 3459.39529312401 5061.31503156903 6334.51880741298
8920.48115196985 7165.42562229293 7981.9808426083 9285.46872102208 9970.65681718446 13630.0837441342 6111.80148340927 6435.85808899376 4652.47390393877
1565.11638626458 1446.5938441017 1140.8286429794 1214.55833291766 1709.29700646844 1413.98380481882 924.198380907556 1487.49178509221 853.942221605057
5506.00792984059 5834.6983597243 4656.96371961396 3016.45726250462 4878.49900802813 3676.26881544038 4909.43930794973 5211.67846008456 5234.70833221262
7245.66779186447 5588.96798660818 2259.93368805516 7011.01182920257 7704.72818339175 8337.21293575534 5215.19613055367 2761.51527130743 6568.05150970612
7833.77284810543 7400.14967016375 8100.1903263739 8287.14837232895 6551.44005799146 7619.30558862246 5413.25343364874 6806.04481211743 7279.20088484319
1403.82255329926 1418.92374248367 1254.36174867438 1095.28479594018 1321.74615784265 1775.10633896705 1378.3203253278 1321.60321643434 842.094926231887
47585.0469175119 31038.6609857775 42029.3215865906 39208.9311412747 34565.5685502442 48549.5128708887 22385.6563746369 25374.7309051127 36403.318477632
3279.69177843931 4789.24594490192 5133.35615981971 4213.21923931874 3216.55708751888 4608.35379819472 3465.84645004083 5216.18913090631 4757.05855715392
4549.7615487943 5956.36843635304 5823.64267863706 3631.19653541371 4494.87350426895 4971.86996949647 3726.89992244056 5578.31667592255 3252.21070293728
6613.41182695983 7493.65332659251 7442.17941574492 6733.56188308006 8345.65289977644 11614.3267252109 10730.3932449789 7197.87277696046 3541.74803953643
14909.0154632385 17740.4694155296 5342.04837654987 18360.1641809508 10299.3596495204 12403.9952463201 11426.2542901154 3449.33137637503 9339.82646162293
15576.5468454848 17983.8519550559 5087.1082900166 19055.9636220643 10273.6156182314 12370.2605755884 11425.3438982667 2688.24815791648 10008.2363724276
10222.8360104224 12922.7008119652 5120.16347518081 11400.6069591675 7646.84865977925 9987.3398285084 8685.50455117152 2383.23559072652 5945.37921018999
2945.65034916848 3257.58430091484 2713.49995328838 1250.56362385282 1980.33185122598 1608.65958258956 3167.97880635146 2098.30596008929 3306.78174303935
8360.70856834786 9599.21760932724 2539.90344346364 10020.9442784922 5269.55063500051 6181.91747280964 5431.54061377961 961.840840513572 5387.44753971817
45715.9779476205 45291.2985395085 34878.7506960944 48745.759302985 42384.2882833407 52494.9949887835 34689.6784111026 47229.9730620342 30517.2660228957
4225.80025874792 5505.423323073 3568.56880060795 4937.25115225797 2625.68101236806 3088.8141843358 2248.10186996627 3399.55834528632 3349.71590120749
2597.7345677662 2815.1683326421 3010.36546161465 3300.78788942722 2916.56928084211 4627.25546323821 4784.36385297944 2808.6852050702 1619.50713562555
4697.5444587213 5016.03562415839 4254.04225434103 4657.79609245233 4603.60362664245 6110.91295745799 3966.34117354797 3544.31950790049 4803.43053156401
30313.5869838064 39946.3550051257 38821.831834117 42113.2334452373 34322.6642696673 49589.7689830122 24818.8812750707 37736.8227133105 26126.1098671063
25960.1917476728 26320.7047574448 21110.9224024141 22516.3228853782 27944.2491889056 25972.7067272035 16608.3467152435 27988.7894780737 15721.6335155141
6306.97380315688 4712.53829090689 3726.12574869829 6095.91485611829 5630.7735477565 6528.45583804657 4138.39155832837 5373.28347550919 3978.9916674696
10525.4462638527 13238.910754102 12153.9119466429 15441.6657721764 12783.3284388109 16641.2250777551 9521.38808348984 11374.320754305 9570.45542287349
3349.59214551989 3155.42426563087 2958.55937204681 3244.78780167631 2564.21997977293 1938.81272887799 3020.40040949595 2343.34903087033 3109.67472396147
33022.6281756121 35656.1287011687 31861.5954963469 33266.3707038461 33937.8667266905 43906.7049597331 35946.0071387765 33352.4006916789 21758.7531244497
25083.4299698374 93604.0680563877 22532.3126794831 25334.1388003785 23518.5469743303 25873.9063906879 16868.8560625794 20551.6386537871 40169.9449661043
56493.1554449745 58212.2496640168 43054.4961235149 56229.1291840649 48295.9270378163 59888.2483203908 43651.6053932386 60664.705986451 42606.4515087784
22837.0381906117 19722.584247933 15943.0216399762 19663.4513659084 19514.6783564183 23260.4635521142 14787.2809365068 21203.0983338673 13049.9493629203
10357.6272839448 10015.1320386596 7387.96170864178 9030.34396895702 7858.07520842915 10991.1843545482 7180.28318486383 9956.0054881066 5995.81434357769
23283.8806931175 26609.9858055714 21836.524912567 22571.0479103543 18905.7640305012 20149.6628903955 15164.977107553 24994.7168714016 18646.8813051454
19887.1450099956 11879.7076462606 19022.9622200596 14224.231620611 12920.0317332375 18911.6520082899 10362.0584471481 7492.95284390362 14479.7006741651
2467.42413886816 2528.29646781596 1698.48913882772 2204.95033412056 2052.52408747814 2900.58122781247 2235.71174202432 2336.77580673904 1542.53711690991
8926.76525849748 8054.80861891076 6807.31195133368 9339.61810855415 8935.9154355531 9094.84485033336 6049.15242225391 8543.04549548448 6313.00780001242
10878.2894363058 8303.50385496684 6381.61549720793 9058.93783733232 9151.32875823519 11133.2642000745 6857.6877339648 8952.37513931362 5439.97632110678
5123.80666588313 5194.18280312727 5361.83454907581 5389.81617734728 3516.72528468834 3412.26079382495 2411.82438398663 4542.10156096155 4489.09295001348
27988.3513110308 30099.2138924072 23967.3830993152 27726.5847827573 27872.1413298769 40271.5943433027 31094.5052590811 26061.0852252046 20070.6711251291
12344.1018839853 11212.9991214978 10579.1620870225 15132.5003246909 13596.124711231 14062.7230402939 6767.57966779959 13019.848038337 8971.78327913043
4811.61884549948 3859.94684014018 4162.09752845135 4927.07813475873 5387.88740163639 4844.59520752776 2716.7793569182 4070.08102462902 3814.97608656944
694.339685479759 685.296024082937 661.760259868339 1140.76020535587 610.530412754021 1307.26332517177 1616.74668404387 979.415331108592 516.185603596494
11613.5096378075 13369.0259050872 13165.1519663778 10943.7510218517 15118.329698003 20143.3484501011 18058.7285507422 12829.6106794547 5629.62511013723
6196.51542875034 0 0 6595.30465202965 7626.40248559911 0 9592.01939817357 6559.54989920131 3463.32783171123
9468.32584745591 4825.28447240763 8143.38910295964 6722.82267083586 7294.99941792795 8134.61700321016 3274.69870102791 3543.54994346737 7791.06100510225
10769.8874165868 8301.299600241 9522.74017392532 8367.07784381113 8171.471917688 7959.15034096578 4385.63302589794 6378.61052910246 9637.31201335994
11295.2658879207 4750.61550369344 6300.91436097861 6090.71550031921 5687.76347928576 7849.10775542035 3439.40470898053 9171.12358141223 4559.55257002259
3640.54092643892 1069.4815403457 1537.23387844136 1448.47533952429 1338.75004557043 1809.07428021155 582.74059999665 2753.32264738062 1137.27795343526
7415.03489646593 8702.79276657675 8635.23654716839 8302.28754554283 7772.22866660167 9587.48524474987 5632.53139588815 8790.18843875893 7314.98020749083
2425.69926394416 3107.89265717977 1298.13109683509 4932.58473312 3828.18079114249 3963.23179055667 2587.71651279373 2504.43671271868 1875.07335844851
471.284726558347 244.460311532164 294.849392009528 471.25321437748 433.805513920944 575.767866759968 288.071873498356 287.967789853204 274.323916920875
353.72064362181 382.885992197104 406.849060131166 450.012881003193 407.608797840837 344.032976596128 339.487270763892 377.163814984051 472.363948083998
252.066064761747 424.438354429294 394.19316788369 434.420149924966 256.954036575591 428.858877656945 249.777589163668 365.992035562119 294.124230737226
600.007483052089 516.855783426374 524.481977880821 587.065913463709 617.500178702616 777.675939159121 433.974971143422 394.866904631195 374.130084315108
1920.78105833314 2106.27933978113 1392.7589020507 3595.2230509599 2877.70263767126 3075.80359532903 1685.7036691525 1978.38114161136 1314.28527299376
3195.81448392685 2219.09340494933 3554.30044417878 4992.01561206554 3785.07398574794 3115.75337637317 3579.69579108396 2488.00747654762 2257.41356939026
407.453319215045 453.215672257232 435.75898121659 531.279906026752 492.117444939031 472.591218119582 330.626915444733 485.675224141571 467.354291944407
5023.80646910926 6265.63531989319 4883.93621547376 4388.75073393562 3969.98351979487 3714.90375666694 4249.7342586894 5102.59304208863 5667.31580918284
9293.63586543564 7014.19722867405 10989.0033105068 16380.1044022372 10564.3750709042 10302.8297249831 4645.48710574915 9623.59579134493 6623.4210592428
7555.63695898755 7953.14349038225 5815.86401637545 8602.32416068176 7452.49475152059 8731.81159527278 7866.90347136783 7593.68699085007 5126.70383300986
8658.19117453909 9169.75309970109 6865.14433220174 10898.9375036139 10639.9348937244 8479.30932307337 7585.28146447331 8625.64769380678 7129.53950080199
5520.41044814107 3043.43989099335 4010.6099854882 4729.66957345478 5189.17251809119 4761.86299916191 1978.82227141339 3057.66335107578 4574.53823881032
31033.97517687 22854.1789688821 12215.6962316179 31058.5723029773 33046.7079872639 33974.6679227361 24522.3196907974 11861.2405690495 28091.7176969107
81.7272788394334 97.5097853797415 86.6175076614917 84.3759028827087 90.4576240636542 100.554536805001 78.4654047211783 87.5817399197914 79.4784362151351
7838.19808298607 11042.6949929336 6491.18702478491 8781.47434399366 4353.75367495105 5270.03479655594 4403.80388853306 6433.82306226322 6108.16588598676
12206.3740550054 9148.98772252799 9332.79067969384 11314.4074291773 10522.8525797795 12900.2627413658 7163.57132139044 9422.79626270374 8168.85502828765
11087.9385092237 14344.2176658228 9722.08128652139 13102.3617143216 8307.78878150855 8582.27173798077 7301.43546388714 10437.265901642 9628.95793181772
16106.3609864668 17768.5666164259 11822.6762803216 19978.6454216354 14595.9511162261 13350.1783278084 12828.5502737966 12674.5724902012 13850.6382173379
7558.72538818907 0 0 7401.30565045864 4751.08316217778 6032.074082791 2125.99791213146 1237.03563693485 8005.6482447222
2483.09966800869 1369.7985940504 2247.64633935936 3208.54501565218 2770.37243016444 2113.42651859704 2394.74087591896 1754.13081922458 1852.47715268647
1565.62243471873 1346.93212652978 1605.0397291533 2322.99492947381 1696.77130895818 1488.97410441161 1042.0143268195 1575.15336849034 1309.12103934221
936.540675992178 1180.35236396688 1267.79531127136 1119.88307789245 949.488656214656 1294.90834590718 790.384224109927 1140.31232621214 933.258519669999
31603.7838872123 17320.1390538137 34382.8921689919 47594.5813926332 37978.4405617709 24343.231445199 38148.6846838199 22239.7360084932 23621.2816701768
1392.65353701045 1405.12581457302 1335.74515947535 1598.69993234012 1308.74814978468 2243.95363839746 2079.24147514215 1443.78461372278 882.101372777746
1138.20080103197 1301.5737296664 629.767978082841 2004.95336620902 1604.97581498091 1687.27993599752 965.154349582123 970.705262399667 832.196377848528
675.687563360806 604.077765023038 716.241746363121 1047.65014117718 933.829574448341 686.62438841852 433.712631839524 736.051513898322 664.688786006164
3377.31048390299 2275.13708151261 2749.45862832934 2984.18050917956 2467.70623861226 3219.53247993623 1663.77259242519 2917.33901787392 2464.38502112114
219.2853303756 268.987288006225 269.835323588717 239.396414309645 175.457707192237 186.83151446021 134.095453119841 263.560330321418 185.249557503781
1043.79812420375 629.977401411239 828.984492912182 1412.81935663314 1065.15292433223 961.141174658142 492.934657999642 818.616852461905 776.248406192935
2964.28557467619 788.472147719619 1301.93130769933 2761.93334712511 2760.22708521136 3407.50829460566 1391.26186119186 1604.36632923282 1611.58081786879
5554.6247210471 17890.7142575747 34996.7276311481 11470.3741197773 9250.95841404473 10154.9462942786 5930.96518517938 6832.04963064139 49287.0754928931
22224.7405581729 24212.792629702 28907.953248806 27671.365621318 23939.4382370393 31171.465349691 17483.977796778 24563.5460300915 23780.7633848448
7023.24872125199 4867.76627844516 5284.44465251351 13347.7315965474 8025.01883738169 88629.200211252 4565.71042796846 10373.8171690979 4743.79262929347
7691.26254644166 4295.9572402594 7871.27867111481 11067.3112533025 9057.73023565503 6310.69719268011 8348.82725434 5741.33026551606 5706.04915060914
9506.55913499225 11108.9896753113 14462.9057659499 11164.3862879118 10184.8130907745 18235.8732235166 7117.43599689891 11159.4623256786 6768.26907117098
40401.5068416903 19277.4784178289 40180.5453093595 24297.6983702705 22829.3903984966 289335.985132018 19725.1551424596 40712.6002608877 62291.7625184501
11283.7131893646 5012.5916178227 11034.6730773831 6561.93824769269 6354.48109349158 10255.8945214988 4495.77415807224 2659.34811800545 8579.3071264547
7229.27967427842 8388.90920414627 3504.28816755532 9371.11797394266 8238.46578990702 8215.06215198399 9813.15400973894 9218.34054338868 4074.7082062003
7792.10113848253 1749.48473591758 4085.41393862551 8399.12654555191 8331.00524670662 6864.47957894195 3419.17114752995 5697.50529337702 5228.95404688146
3327.74518144544 1564.79667236364 3879.4539240924 6214.16750252237 4286.63608611287 2816.90555891646 1170.8678872033 3702.22500847147 2629.74067273821
35079.5800119452 0 37929.4034743047 370.06061633 0 34995.4460412724 19665.7356097296 8162.19258924328 21713.9574205898
3172.36740100526 4482.5422747694 2449.797373972 7935.12168646045 6114.13418241928 7241.9855578608 3601.35522606746 4393.93412778793 2062.2664724457
5308.38065773206 8751.33134141322 2075.45125342149 19497.0424733021 14133.5087512436 16481.0599804471 6688.63352330631 8561.74869443361 1990.97926098294
2600.58677857567 2830.61682091561 1520.20551295782 3018.70446939137 2807.50110528863 3157.33211219921 3350.4335487532 2954.73781688405 1425.09324757163
2948.24222469272 2324.22088746929 2316.07888301174 2978.02255581371 2787.51824949018 3062.86698240577 1990.1895761797 2776.58890730366 2759.3712654625
581.78826481333 700.258597535981 601.940909859778 600.670708320833 456.31329344365 778.077425344622 502.390996030739 583.517328567096 616.62983033004
7888.9354838463 4308.60093857 8326.77929382622 12529.8502531797 8967.39902061434 5781.94820721853 3282.1498623341 6873.16159455236 6718.95527892503
10071.6513993209 5582.18436717704 9796.69981337323 7773.71985136437 6938.97117959309 9715.28554741933 5236.48164553119 4404.39423394578 7402.04084041874
373.475949759641 350.491364222949 221.534860809771 399.7354498186 392.278572236697 425.651960160942 311.982683090731 213.775318340223 353.830301500832
1781.36972902842 1522.65147639803 1002.64826630788 2067.80882049727 1996.38375652883 2093.07301077941 1465.99593441386 1000.78234502659 1523.40203163707
3559.3049638474 2537.61695307085 3261.96522382287 5312.88608241999 3683.69484959014 2871.61931184129 1584.17025565653 2823.76450771536 2787.04854519945
3556.76865118284 4014.42186045597 3509.72123916784 4980.26472136561 3620.55210166086 5142.77679542292 2799.08054879677 3537.02780767894 2428.55141567101
380.406073082496 384.479792449255 334.249959202291 296.029055849025 513.897805127051 331.754086076314 185.258313657797 434.487803955064 205.002998109585
1389.68143660797 1369.26169550259 1098.51511820058 1486.62222873693 1272.06587651546 1544.99050096184 1044.06440531985 916.154773527916 1195.33169911734
12337.7451374333 12835.3150217786 9379.27098009475 13020.3235869465 11489.1022829476 13840.424093686 9582.80810795163 12329.596169531 7992.14335977973
1934.58207807583 1945.81281010104 1193.09196106931 2287.9763098743 1505.91548402551 1677.0266535931 1153.78287585878 980.384575253949 1337.37491725664
3163.20919823487 1787.23143876371 2978.13638615787 2273.25441979596 2193.5218311615 2822.16286454185 1046.66369751159 1288.60484906587 2708.20790640469
9804.58524065658 11531.7946761114 6859.57064366628 12264.6348657257 10253.381578086 12330.9865415281 8191.01641000757 8517.56229304127 8514.5044570512
3609.67159225428 2854.43912213846 2741.4803483054 3016.4817856467 2876.04571663261 3913.73500636671 2012.40769779008 2846.68186716304 2244.68421156422
846.219294373562 1135.43106292832 884.953575695724 1111.28087947694 547.011616983987 1167.71448174311 547.153362950177 792.743011066415 730.642413532284
13331.1224562222 10265.8066398296 9395.44800805358 9669.23126271988 9715.16424388868 11723.7231972802 9126.16209365241 12085.9554734158 10747.0953774763
8203.97772392929 7823.16091595266 6894.89013867415 6957.50877257665 9873.47998453048 8505.81898905126 7127.74001621181 8334.86644732103 5012.99763423711
22728.8325542706 10352.2798863333 22820.3059547021 12945.2544889254 11586.1787797612 20643.3209945454 9485.96534953202 5150.48905753609 16820.6606666456
558.338825548752 606.108148157852 573.815372610022 729.778119524359 610.571235387849 625.270381836678 413.006757499977 545.058462371729 558.960512924379
13873.2339663037 11305.2618512546 8524.81688506232 16576.8384287671 12212.5684417151 12787.4175331844 8323.62465575221 8838.77989932366 9703.3500857956
5873.62955782421 3172.38384691471 6175.26189699466 8692.34487583138 6827.18751514703 4826.21829594151 6292.30155324588 4335.85750555697 4281.67301595459
22139.0575955213 16889.9530470939 10605.6246812206 17624.2385978852 19553.7105939117 22813.4825217993 16044.7711382248 8106.57219871451 20206.9729373438
10041.7167351972 8177.67403177473 5944.87686059618 12173.0589001682 10684.1050840549 11301.9146172663 7767.37470649245 5850.09441791234 8100.05133700745
6322.96082046261 5415.20359010293 2232.133813315 7520.21174325946 7619.1213000937 8160.78574505248 5046.39353917336 3375.25538682355 5399.72721685
1208.82408147918 856.931816857744 730.267569914405 833.95997413649 956.547849842826 1248.43695936729 721.781571927608 843.318769558878 532.388310252543
1327.14804383905 1617.1244959068 1291.76467100523 1490.02355248754 992.199874745923 1725.47586646897 889.444472883471 1195.19647563555 912.304772814821
1071.96484812349 917.519920180747 591.811849647169 960.196826265084 1048.67133498819 1131.43275801574 799.085892677357 622.763244870438 871.242328243369
6591.69178602661 5675.08784538629 4844.76963618571 5961.87290523649 6311.75640073911 8042.44583951393 5208.4033423782 5589.19347652745 3178.77351331422
2926.58538519466 1312.61700092109 2095.38311473833 1757.6784166263 2597.41340178599 2326.603805231 693.34060099138 1221.33309749065 2407.14340302478
28632.3731313988 34237.9345667291 27419.5503189483 32779.1050781155 27926.7802281192 41821.8883069122 31628.8395857899 31513.5773872486 17882.3876911312
537.893116525801 461.594170818666 635.233996736648 797.570771737582 611.40938482607 442.989635420708 702.543363229508 379.5072586286 441.282924923383
1554.65462629277 1338.17873600619 1635.92943323139 2131.509563691 1717.24689289288 1480.49889961562 1702.75884013279 1319.72209302792 1159.97546417588
1406.93627051246 1584.41747163782 1188.87538084703 1530.39537560321 1005.79831652316 872.883782742778 983.839027729872 1050.31358636786 1282.60140049827
734.166732241697 695.928207551146 452.626734023065 1124.54268491299 1032.89916736727 1019.10167568597 606.958062471323 707.10376399416 490.453439123118
18344.4864352135 22772.6087295053 16741.3721703589 22654.4397522574 20491.0204207977 28854.5382010255 19293.7906113741 18261.5751675814 13046.0869675072
2703.85555916407 3153.30090792864 3588.41076770125 3796.6901177083 3404.78186210715 5208.34216465951 2491.81389112024 2764.5619323661 1950.48911279929
881.453148670364 794.260483987108 704.577871022337 626.585960531506 644.146129486976 834.419327383007 562.409205216578 680.431404125972 510.767825130324
10466.9631596459 8012.05397525915 7798.84630716346 12602.6148488181 10203.3076037487 8404.72796003618 9735.72425595345 5810.6941296605 8413.37265716317
1646.84594557698 1900.45168362676 1054.51648376631 2237.88519729761 1210.39205419993 1758.2903273264 1839.45258699165 1102.54472812553 1119.29673849621
9517.41672299955 0 8714.50711903357 10148.1659732589 11320.4581625259 11152.6573513166 8279.85776559091 8610.23493363177 0
8121.29946253657 13088.0765146097 2969.51411627862 30062.0315147624 22048.9826999335 25410.7507394692 10466.847733175 13389.0606152608 2696.0121074683
24757.3987602826 29793.0872768439 22130.3389446954 12598.2702333912 16738.1971023427 10428.5184639495 28657.2286641191 20957.8166424369 33387.6328110849
3449.75529912774 4168.76394174867 4278.1841859976 3459.61365258812 4460.35871735261 6747.22492838002 6269.47739000643 3837.62560935381 1693.73343547476
2076.35634863048 2617.84239147413 1907.96324839748 2194.97554722438 1738.17221122869 1872.81028638844 1649.93589718417 1901.94373516783 1980.058043284
0 2008.32291894645 1086.75253026673 4443.33036977642 3776.20691744593 4400.697925953 1874.21303064946 1404.92066723217 1499.09795823871
612.186482401983 706.743843601834 573.301439571206 706.552380847346 489.914479964584 835.926032648318 516.813809013285 575.220978087976 415.64222038864
4007.20206585297 5106.94685241699 1129.34084442427 0 0 5579.11222654991 2745.4326726248 0 0
6896.60428132051 40985.1277650781 7713.10502995691 43910.4369758155 112244.497227021 7284.98629246527 3988.3058288327 3582.11610368248 6677.40216117041
15722.5349335284 14837.6055637541 7250.27995828846 13015.2766054488 16119.4574933501 14021.6378222451 14172.8664283296 11698.7910491661 13127.9230854578
2743.2065508878 2099.35394299172 2134.81887385563 3315.5146102231 3138.42814865119 2719.12295820682 1473.81512398607 2537.96049032413 2282.90869526582
20026.0607866125 24317.519147936 11106.0939264876 35845.6749156561 30243.2044553441 31634.0441918509 21491.2215771167 20105.1833736043 15953.2445620044
2826.55171380154 3310.62152148647 1916.3705738809 5380.40533357202 4375.69938605274 4711.30723771692 3022.88977720076 3085.18139645267 2006.03410212242
12583.9360588698 10789.3864661894 8992.69185635643 13913.1161350886 9961.35301889239 9665.66868428213 5573.17520803612 6374.81130546601 9970.29440831887
232.777236881556 268.089832265279 250.804819015586 252.97531341711 294.563402531135 355.172991157782 281.462509745416 260.491873590869 173.750363097511
1597.54672426163 1843.53327205116 1689.59576447289 1593.31222918929 1104.84188040363 1348.69511274064 918.287563549806 1676.45399498341 1229.60018322268
2675.78454260879 2203.0830239433 2141.16617727091 2930.9313800584 2755.61015303593 2699.87794379633 1663.04108215134 2184.22888112879 2119.72020425685
2231.33224550025 2324.25909659079 1919.42562995602 2097.97466773131 1400.29350597812 1514.80382820413 1479.76594705212 1392.86014172692 1895.64588884711
1127.93005226442 1210.14852152307 888.787741442425 1260.44132837885 1163.46181849816 1236.97811650672 1015.31639984234 1197.50714664313 743.744199707484
1971.79904794349 2289.94366515518 1723.48001549766 2399.48039109134 1663.99436862601 2378.51667564192 1501.08761128791 1660.6233910587 1529.21127902152
86.9159394509228 108.309014390271 88.4019953150198 112.48472639927 81.8804723348295 112.386474778708 69.160134661737 82.7285721891979 90.1901830216096
3128.28056800279 2336.57896027799 2808.32162985813 4013.08761616728 3300.75427232196 3211.77502145145 2791.86949929076 2747.60071753813 2255.41844414423
681.028304052687 673.29167817952 740.746606602488 571.632377947883 411.003498742056 605.37651832003 345.612834021048 575.25700710852 552.414368170058
4078.11001877416 4077.12382488339 20619.9717580869 572.356736947182 275.625305771874 945.03194494054 1004.49392421593 761.883850103718 6398.06175872967
3476.22789980765 3837.17434142564 3292.43886460708 2947.06832679722 4676.18905941045 3994.78428323343 2639.90685663578 3641.60142221859 1747.44893521242
15568.7756099075 24563.6891940433 30378.478208023 26047.1539711151 32394.1175038002 51232.8377710455 14975.9555907674 140602.459542768 20101.3295405081
1396.05275807126 1167.60456235684 1484.12921288053 2108.77237596438 1516.97900793242 1359.74637338964 869.630876434237 1420.72551300816 1060.43253199039
1402.99326921633 499.247062763211 723.391021955788 437.298767788376 391.85336386768 17069.2200287597 5515.34912226859 209.680838124565 275.157842306993
11259.2533422385 9892.76285194958 10498.406377282 12280.8761527771 12104.0228700425 11447.0269993732 6800.24858468985 11866.1268471992 13029.2929369441
1700.21543763051 0 5206.64139925513 0 6372.6049395452 10416.7041113473 0 6647.52611510959 0
18282.5906335554 14819.1085514225 12795.9369460898 13607.3371292938 15546.4754393795 19032.4272656013 11216.9786569927 11073.0318439154 12654.0612289396
1343.03930032867 1031.04088442617 740.525301757263 1441.85473240588 1386.79757003434 1446.16195806266 909.374483415424 1078.02107226486 931.893998292903
406.643145860874 382.729332240112 316.39999201849 287.016253260824 418.82543050132 384.903472631898 267.932280522838 370.418046707301 191.517394605367
17990.4413185293 16382.1348585842 12835.2703118901 18523.0903232312 17942.3291748066 20490.416188856 14605.5438799277 12529.568568936 15691.984877429
6438.34754120202 5274.45261433349 2759.96693503729 7345.10260960769 7487.74532260941 8219.11155042417 4863.69956981794 3324.82234466155 5302.33478679669
1344.07944781712 1345.43664776863 1322.32705181447 1534.87804629423 1268.01307983881 1659.84678599589 1102.59232205107 1282.64859117511 907.358506102728
1516.84309347763 1530.90456020227 1213.46546031073 1841.72481147263 1193.25889212878 1165.64343951859 1097.6543285977 1040.30690152778 1102.54050001019
27269.3553980311 28721.038412466 22840.6889444245 23927.8875643553 39132.2322106859 25303.027352343 17098.5094143547 32310.2596114786 9811.23984629709
201.210726878376 227.785635507918 235.114252396169 212.572362739672 244.771839411612 241.804687660759 165.565004095223 232.257226724379 187.381884850438
19508.1061978042 27218.1432487479 33174.6163574259 23205.9976472093 22906.5231282962 39389.9981843471 19099.9839670932 25885.9599836065 19392.8157288326
35870.4767263815 22112.0629337807 29863.0984560877 41096.2059555101 34455.6856568788 58411.865042276 21676.836311159 24512.3598459853 20802.200708957
13973.0674506461 16650.7844181852 20060.204202196 15472.1760180454 11652.3004442911 20223.3482354644 10172.3010214211 19380.3512440728 14454.8733285536
14173.91248051 17166.703234001 17873.4868832044 8556.29274189078 8899.94711159728 12045.3253319786 12536.6683972165 20783.7054130322 19703.7619376768
5148.26207717985 6762.08985795101 6291.80230542994 7348.60646986868 5437.14841985981 9021.74745048422 4179.10210365953 5983.75278972075 3471.6920449314
2784.21475616883 3451.73971278119 1862.83824115719 4902.73773867355 4138.67238831474 4532.65748962737 3283.1210817714 3160.79282431226 1953.83933190213
28753.6126910558 25926.692010548 23368.4376456274 28424.0108167982 23258.9424591536 26088.8118507625 19173.8657245638 17461.9254510199 24590.3255167557
13251.4924563805 6813.27479789734 12515.2191985161 18130.3667261897 15298.4920557782 10498.2110409077 13809.9623327964 8935.09491533007 9827.24512684958
3003.55829045623 1378.9226332925 2937.11839358282 1769.21889083749 1692.3194839679 2654.06676570259 1137.78032916003 790.31661137444 2321.00247013852
7532.81119073792 8066.28091540035 7262.28243137667 8593.04041359801 7670.21562937746 9598.36345960806 10554.4429287086 6357.30089707989 5851.77864613164
161.311684713904 143.846099186186 159.84993119516 203.510152085381 189.408237331361 190.188135474005 95.8565380602339 146.759670546989 141.45533411661
557.833364318891 512.83516436909 370.16710629696 502.073374417818 660.800056947912 500.930330775797 359.24499030922 551.719128309498 354.796188266374
1254.40789044255 1225.4323999613 943.291165402559 1068.44870360605 1453.34417127645 1121.34278308885 727.567632961115 1280.28234100951 772.369194427514
6468.79894678545 5918.92652421364 4894.14617655605 7756.31469673507 6164.61793682678 4908.79683813037 4832.88861694884 4762.83909889814 6117.49488855304
10168.8733794994 8985.92008251772 10166.1931671868 8080.91161097484 11716.5340199794 13348.486280022 10395.8170290569 9087.79526677286 5871.33071614692
20585.8497270464 18021.3045568802 16627.6322796668 18797.1690510264 14460.9184016429 16868.3333507944 9528.51024159662 10111.5486730878 16130.404519336
504.775193399099 0 605.082069121165 593.299001072928 0 0 392.060993931229 0 593.192531187456
2513.40937468064 2589.13365432597 2394.89856792249 2515.00897887921 1804.39713952307 1569.19238005838 1574.42111945819 2053.70357498939 2307.64834733734
753.075938445064 488.184086330874 909.574126245457 1205.0588354121 911.715090593748 566.361838812017 988.371321967051 558.28884707875 585.91455518599
23695.3456072647 12401.9404509909 25899.2679152755 36172.8276603065 28547.3024212719 17612.051561199 28372.9927397847 16658.9930369961 17670.4032974088
3496.11636536437 3519.99376857092 3138.96887261299 3219.03128287547 2699.25701524911 3215.36317668131 2801.78461652685 3026.41088656332 3018.72143250886
2668.18193425647 3137.91666543209 3016.70950116703 2730.61054198829 1991.36572369928 2261.36374246219 1397.70280175574 3243.65943982758 2235.04225261736
2956.04174434741 3450.23492546811 1814.91215727891 5273.26071922107 4461.34586340028 4925.67747424213 2808.58070760226 2984.63328994653 2133.78075729649
660.70270944084 475.218793639298 666.618354224838 526.797621031276 557.680058897894 483.072340938942 200.472027532724 481.86319451787 671.453864630178
3795.88809685823 3985.65250734014 2578.65210181602 4540.17056301698 4099.42035019608 4150.1388938155 3970.30381394391 4023.10292598274 2526.62351635185
8431.54043705623 8820.21436827181 4125.78446774788 10204.8936197442 8717.53965923086 9755.80111149676 9197.58508071126 9376.65447272562 4741.13563483178
44319.5963035069 19087.5301167205 40108.7230003337 27078.4910941473 29137.456425106 38989.6375572841 15081.643259263 11785.1619777494 35748.0628292002
12221.4807940687 7171.647441693 12014.0749428078 9556.99036510124 9577.36874415874 10624.9418452696 4546.69560633575 6505.53073523864 10812.7577247378
332.033827745957 342.802338292908 357.297626355836 365.245947718679 428.490379167301 422.307156577003 278.38894922577 312.120515162686 230.720766407334
8165.05245747665 3265.53559969805 3992.81757874121 7305.78037444198 6656.08554674119 11068.7319628988 4321.73743362454 3715.27153858793 3755.14566666875
16753.1446227002 16588.5270024771 12517.6109256718 13431.5134428817 24103.3706708301 15347.1643525011 14847.8638533102 23127.3576187079 7562.55538973238
3199.0336553767 3229.71153464632 2218.89518026736 1859.87262990358 4943.61888312395 1741.93468116722 948.563145549624 4254.1840159109 1312.0825031059
32662.0404846329 35136.5667919481 29123.5529999586 26128.3939898505 46785.2377824887 38682.6647556733 34557.2026752178 41807.3516106109 14339.8316500133
45019.1763188727 51143.538410435 47291.3973876378 30903.5389766979 63598.5581618933 58813.9843389518 46484.1141208767 53441.0886348108 19481.4772374265
30908.7347250053 32860.5459120932 25668.3281353872 17821.9533333768 48189.8361991076 24784.3867195308 15921.4690326374 40303.0326288791 11686.9376507374
10799.5953165682 10800.5713235242 8445.81820110283 16337.6666942816 11180.5628620179 9942.8972758752 6968.58613529531 8699.2853311584 8613.14422147796
3402.83319999925 1385.88930673178 2627.97616332561 2358.89721634136 2950.74342109424 2822.74615641209 826.815667023885 1260.46668075562 3050.31385423088
1657.38329450583 1483.85343033762 1837.18110593313 1997.67088305846 1889.34830191063 3002.92782068064 1247.33306413202 1416.61647868889 1107.52611591746
448.136339776701 220.029288922701 187.295035067144 424.980123882184 360.017364251971 498.204027242813 286.961612511011 265.609365569509 238.981923183389
5532.96508045573 4122.9138825176 4669.44896885725 6824.20792595983 6394.59840434073 6465.29133132931 4769.76408301557 4293.95588408452 4826.80040891167
6777.26598685613 10497.3956328593 10497.5909170509 12104.0821858256 9926.2685173013 14983.2603648581 7475.82969429562 9040.84173494741 7906.7100229746
5613.75068169146 2653.54586924866 2678.97160673928 5521.78602805051 5780.82462856769 5531.72816994927 3184.44467030552 3161.15262459474 4370.91036975432
23291.2971586573 8991.37572118335 13916.4447173985 25814.0228368312 25507.3437922624 21829.8233826677 13777.8405583505 15619.3541442217 16847.8908712566
2966.4941842438 1820.51520162916 1949.71191448297 3229.97844460163 3125.99812889889 2903.91635132736 2406.05860766924 1807.8874177185 2300.41153410062
2264.14038612746 2270.21643040071 1415.32421019075 2631.73819802629 2481.70840118787 2692.71091872286 2559.24191278297 2349.4238813253 1355.05787459042
438.177972410011 214.840774203756 148.438400147518 404.108976564675 351.606665413817 453.484260383461 265.717131458528 285.849912224366 226.228304080871
13750.9876227784 5981.49772306168 9210.95347070982 11548.7078331569 10909.0170624175 13285.5615590622 5494.97184733139 6731.12869864266 9357.02207391308
38239.2684911809 41714.881795448 43606.8226547149 50944.4410736869 45812.4321522496 59862.6826504002 31690.4175754406 44266.5410800693 31371.8277873552
2138.58257576644 451.275096505458 471.793835024222 1761.56679519741 1484.22387408704 2170.2090803317 875.648593038409 850.629994266552 1053.84628717062
486.167902897644 318.523492994336 222.848851803184 468.869755580182 441.677234093495 526.03061346925 330.488895273117 344.776068929679 296.552155138468
23238.5369464836 18167.0224366665 20380.4486402029 29336.8703925809 23055.2437797687 28859.8607716315 24530.3584560473 19636.6157800185 17914.7223605565
660.645818651524 288.079986171389 351.233566391824 615.385304465225 606.016676155619 634.145777161848 329.725003900119 438.096874355292 437.838952327419
1476.07681576565 1264.6935157044 922.572323136238 1538.12700522946 1643.00770918721 1635.1785713924 1189.35270466159 982.382084076958 1231.02354899474
992.495437312732 1038.20113728474 1151.43647716591 811.25065156715 1058.92535152684 1339.72048617683 904.298769547124 743.572501454454 600.487049308795
52723.3708218727 49755.5261776659 42358.2149972769 44452.7561647654 36480.4756257221 56438.8584694813 28974.7621485942 40986.7117546085 30637.3758654869
6536.53989905394 1249.88460613781 1117.07263925412 5075.27107013144 3832.95151618283 6741.00576499872 2566.8740662068 2228.70927296414 2828.20179358016
26652.7085586335 23533.5513362868 30169.2386310761 22831.4180127311 20851.6521818495 33365.232899552 24647.1091914404 17650.2984727563 19079.836676989
33534.1215698964 36611.6295804802 29575.4152886491 36973.1005779522 31246.6245199386 40964.3739850133 27312.9390258813 35275.1781861122 24650.0942244048
3597.39113728768 3728.8969985186 3170.52932375298 2770.27891415466 3601.01009827158 4174.56004356511 2625.64111605577 3574.14371382669 1941.41777769559
325.161918029803 286.614779301482 251.863926189446 262.55896921102 370.99683624473 270.118930527442 174.142073302503 302.843535381803 190.670190547591
8005.17717267099 2099429.55808291 7818.30818033731 12539.7833719935 7828.38474492189 12410.4695677019 136775.353804276 6782.60754116286 3242.83323995652
772.406284348252 753.191219491189 881.117132826935 753.671494782567 566.898204178571 926.838044183656 534.334684018225 574.4786278874 626.522471034775
268.670511436644 386.639667224967 530.297796829735 507.076095040274 457.476145247775 780.21888451062 270.301069840821 284.322468497734 140.244749379903
2188.03977115751 2357.48184724083 2699.83819232615 2699.49544598122 2754.31367050718 3839.01731223349 1935.47530055208 1916.81531057298 1493.54851496384
2937.87414345157 3531.37299581583 4125.6986187178 3954.61453569738 4114.22881354262 5916.17155236785 2953.66497631391 3053.74838100432 1942.05011935101
503.623793542236 815.633751593759 1127.14539246226 914.60739983477 888.543342303622 1579.53999345907 568.438191603606 607.554180535452 404.842334734994
353.226064265177 319.807979665508 326.822652126446 427.278429958109 385.208032099539 330.259127552249 225.188224925629 348.419617876897 309.780783876603
26559.9707909294 31752.321355882 29108.9926202182 24045.5559681137 23152.3631332204 33160.5930552209 23332.0106930305 33338.4041114199 20725.8414476966
1325.7054180108 1606.99802456605 1861.94324247851 1729.02954491189 1195.63112429981 2090.43002510361 868.541540001683 1728.06659223438 1061.93505188685
490.544703301203 496.515224732041 539.437263002728 529.646559219574 442.869715149064 654.557160226177 357.425885803432 528.455533514809 342.191011685463
5568.41208169832 8889.0977205048 10549.8622042885 9174.88393354711 7110.15259907895 12558.0441371496 5449.88723301367 8310.8345463298 5521.23304674637
5232.75311486499 10956.099002418 12549.2941254176 10964.5185029462 7378.13639854129 13733.1155779337 6225.01134640064 9798.52933498627 7004.36094179229
10920.6267503987 10344.5712677444 11088.5331108852 9600.68606052015 9392.12382410087 11258.1847550268 9517.72145905733 11664.9323583513 9385.51545821806
12232.8345842278 12124.5785499739 14471.5681262956 12704.9015185734 9542.3016768464 16337.224973561 7536.26471409327 14508.5592275143 9204.07708204179
564.481053449778 559.170491155249 486.453871251785 542.996653500231 585.152316330641 577.518503776814 431.759562186106 489.612592350683 593.801869104214
16790.0446358651 9270.84797187321 14963.1022071849 13343.1160197321 12420.185011262 13597.484634263 6095.06851311929 6719.65898743087 13886.2190850605
4361.59777547295 3122.21032136426 3320.92686551761 3758.50616516868 3282.39754624814 4167.67648113559 3059.68804601757 3509.06504842178 3351.76847248062
5481.40069122971 5455.0089789715 5969.3749790282 6834.6983179278 6424.12727462559 6868.37431473692 3662.77856737293 6206.59219807579 4978.92466662268
39084.563750411 15094.0416786749 32848.2474159235 24158.6473084912 27894.344845686 32161.2662759576 9909.55787865372 10163.1220507833 33139.1638980667
21656.3173028229 23569.8432907203 19438.8939032753 27172.6030154705 21505.7399227364 24672.0854431723 20777.342782728 23084.0518185421 16257.4318271715
33390.4481419031 34605.6442172014 26681.4683585394 34362.1633552709 28848.8481916648 39002.5907950157 24789.2208016029 34616.2542694307 21753.1454410842
3911.16575407341 4836.9257254343 3476.51186290045 4277.59064128912 2751.79870492642 5169.51126145221 2618.41705558793 3650.45327977257 2534.90119872887
465.391155035704 542.46924822115 549.416707062264 571.458394926681 609.831432781521 652.044648830589 487.263521760543 513.579472947563 439.315599768551
3106.45218911768 3407.06210446969 2437.3421113668 4423.56786983519 3604.18748173482 3467.15841121551 2931.70220069626 2876.64948901842 2809.39659167244
0 0 0 0 862.340057200671 0 1291.94816704637 0 0
761.818293509031 689.327649371006 730.976501060545 846.931138428283 901.947688395778 748.442349853203 428.355946560247 734.807381261368 634.242815618781
9392.62659795904 8309.67014439482 8589.93067626848 8321.07535350892 6910.06004702262 8800.20493438506 7274.48534248442 5706.16089082183 8135.40803531405
4462.06025563057 4540.95521999422 3457.71614998347 3604.22684699878 3892.53774570596 4300.40006912929 2958.46592101912 4714.50869568465 2709.66909577085
687.529383374362 566.92040530404 610.981954975089 779.42679551319 669.230283368026 771.749957882574 488.468994940199 565.642006439711 585.011206179359
1491.99552467156 1378.19191075114 1043.97457289515 1640.21479295182 1565.04377563248 1980.11122036747 1604.53104226196 1333.34927430783 1033.17447236181
4481.94929054956 4468.91686559869 3031.20588032515 2373.3696895246 7097.94515535758 2171.40453359914 1059.30249022023 6169.53036731889 1718.19670875479
1459.12998969358 1278.86049646945 1270.93019248587 1657.12459704268 1624.49361897376 1475.15482438095 830.771551408344 1350.727683964 1139.31925123405
14283.3814016691 14994.54064595 9800.61296516383 15833.1967527795 16158.713016336 18635.7196149537 13673.4477977016 10926.4120004042 10999.0664435883
20482.7359020137 20911.1134180618 14039.2866036264 25509.7082682681 20514.0998389969 21510.4944238682 16812.196037391 14703.6429515254 17639.9832860651
3943.56515554961 1995.0679357099 2422.25972048916 3912.93239073822 3689.07722195899 6325.13624236046 2397.50679314197 1911.56915036804 1711.86722061735
59784.2715565746 63573.9415313824 56335.770897715 66009.1070058752 66071.4668240309 88956.7627092947 52047.4973333387 58325.7317128854 36039.1388417079
3020.68375643433 2416.84813236303 2708.17649985102 3618.19381981646 2931.79802237108 2643.07536790845 2612.20892101305 2259.95011562357 2399.39157925061
8077.8929131695 11724.9477277704 16358.1809204094 15552.0938797707 11781.4637570339 2718.63259993489 0 16144.7684692356 13569.9520113675
4687.55837736785 6100.27008946596 4720.36093645417 4387.77485719669 3972.74396856722 5632.88192254459 3959.64568801021 5364.62611408252 3472.22223566078
309.529049344729 289.634326906729 255.890774917598 295.329377864169 329.295380875362 331.23789259272 233.06540693711 290.511523040253 273.942694724048
893.399475861059 936.285984600101 413.31189209848 1670.05190798211 1385.76043773164 1564.15720981988 757.964322799915 807.826818673384 606.891585939565
6423.98301900407 5830.28882778519 5316.46257365537 6098.84274472097 7764.13170446652 5458.38975477162 3600.25876084513 6606.78348594588 3885.5748185214
1426.94373293144 1109.81773699477 1019.40110041862 1223.60004834161 1429.27470044303 1219.76888913153 690.273356117022 1186.48410121045 821.278037124985
303.45876217894 138.191864459033 233.010652007485 215.564521343522 260.821059774561 243.637285090362 76.240597507349 126.76812275254 265.936048203364
10506.932191128 11699.8147932534 8860.74518766548 11540.4128102664 10160.260682072 12159.3023401395 9067.20535728718 11391.1694949161 7816.73568852824
260.786325313272 283.605114811699 225.97047195593 333.100994361921 213.804207301025 348.91052779706 170.884629717543 207.543773378302 205.077735598763
284.616743936244 266.565370062173 215.368186108293 301.688361902092 223.099438350972 351.822974652702 182.57674395071 250.903963757681 156.881490139791
5610.35203515004 3368.51863128954 4213.71135122562 6585.10359215931 6090.72138324424 5514.77111187879 4950.22907887798 3786.82944482331 4179.68900332943
1353.41244618363 903.685060772485 1755.45547428967 2608.30364253472 1649.73024620281 1027.05014327315 591.47986067798 1668.07457867334 1154.58983982648
624.688246771346 613.235763611306 447.395714919605 425.86966309831 932.640392844483 387.805887290007 229.250810008494 795.293469202435 285.806462165895
221.559400752121 250.659508621408 268.792967947222 277.60606128564 302.259906496037 301.631764883792 182.567264482422 247.161511650206 207.516161895794
721.149186795769 918.352337289763 472.395691212862 1093.78800830438 966.769754267673 959.434060548828 831.594140647639 743.74369243806 645.793787109352
1933.76769430959 1693.79791752278 1557.26607096932 2067.40482427708 2043.31571705945 2362.67221533012 1916.56225507428 1641.75013522583 1464.51711980569
2043.35315919509 2848.88364562112 835.391049782897 6101.26171085935 4609.96094173026 5193.33025786003 2411.0381308496 2617.90710620547 1057.46804086873
984.673957355784 840.971779516136 883.53454455297 921.364361755199 1015.86400707751 1269.36183459137 1030.37011802387 813.808258633753 518.705779812879
19581.7957194679 18760.0505888245 7421.96938152498 22222.0815091458 14179.8787699577 15517.8489563456 12011.0300508998 4406.66521883114 13149.8012873584
6435.42052394379 5921.53049594984 4333.33426484375 8807.93631421069 7590.8906242718 8679.18600175907 4378.89915360467 4659.82199939361 4701.03419595491
44871.2798504246 32940.0344111691 47380.5609462761 70483.9119249933 48484.3423410896 39638.2709370027 17927.9484841962 49686.5663910191 34329.5264737868
28363.0656562439 31245.4752880247 20242.8073781974 40636.5614004359 32426.177048916 33590.0606499764 26314.3955084383 22345.6740251026 24660.5751745505
559.774551046317 514.071364420025 441.018464959989 491.788713658034 656.616062412622 482.243652791266 336.274316151876 562.374215109398 372.485056656074
13723.005355197 17595.2635890239 18942.9901553553 12978.1997168319 18056.1512944148 29798.1307877862 26476.2008904728 14161.5198885576 6379.43016658073
5012.65139102049 3323.23301104735 5698.98992022377 7476.19933784086 5905.38617197376 3995.17946382655 6188.64902752569 3584.84733090278 3848.11225506266
3287.6298539642 2628.994521785 3074.29952846072 4505.16825093699 3753.67450874684 3301.49787426102 3642.42971293534 2076.64155275765 2764.38805175665
20618.3825474714 28344.3780182301 23016.8587475036 17027.9838026052 12119.860210152 12060.2327959501 14804.3049988499 23378.8660732202 21728.4412037435
4632.90834859822 2485.75084957356 3755.81399744642 3837.39175113259 3568.5576845288 3922.20253896295 1710.00791913561 1902.32037975457 3689.86027423825
3095.81050853996 3078.16949628565 1517.02352792236 4617.64772121974 4062.85571020153 4649.90203941138 2496.75990697379 2246.54083499135 2474.95500989215
13719.1752868614 9166.74460109068 9525.36087275997 16059.9501769344 14511.0398466441 13235.3374340705 12053.1188050821 9315.36443987619 10467.2570358979
11868.6433720319 11899.9868882116 8071.46409838012 6264.38861015967 18918.0029873769 5736.80676776227 2745.8990859331 16438.3921769136 4568.42501669962
612.514568042698 866.255822444747 730.479784241103 851.35649312965 639.704630578863 1029.01177340901 564.497003207449 694.406250053634 420.400109359837
56905.1387351454 56553.9446083324 37400.6332829583 69403.6237787037 55972.4929331202 53966.621323166 39531.5289515942 40102.1231676092 50950.1547218419
4855.10467663667 5134.67489214984 6091.83378935451 4890.06921307535 5174.75519784541 7605.29414685359 3706.15411716915 5082.8209721508 3758.84485704634
2519.92734902498 3063.51987222543 1640.46753339903 4074.639007776 3436.93693949302 3447.81403641559 2745.78431928536 2537.3034226982 2112.04180239137
2229.40283705058 2349.43548878564 2328.25896483055 2622.7146161668 2512.53826522925 3206.08789138711 3053.33053311402 2481.31040353398 1792.37726052434
16408.0155954552 19435.5714143247 25118.2152116563 19751.3214084039 16283.943326244 28575.624815477 12626.1438867968 21100.375046572 14833.1520958215
60380.0523766394 2599.36268739007 1131.08551844743 1975.75646496467 1419.63351574087 345095.0478133 460124.38734503 2827.55031392173 3270.14536287533
1102.1595456759 1234.26549536061 1105.65689234003 1121.70620013093 1362.8182098749 1590.77732562005 1230.59680000911 1100.63922422578 775.760625635815
562.007074572061 733.545749734161 722.587189530757 663.207964059342 405.305938333748 559.287878336254 327.634545565556 644.209264226808 511.45469230444
4598.88384501032 3983.78927235242 4199.44586325976 3402.08780461023 3165.7179971748 4141.89973361056 3157.38577884641 2822.20332525981 3858.32813483595
312.223538798394 195.8943963337 298.01928300914 391.018214469276 345.801296486625 276.973320632286 298.829241451367 265.685693891985 278.711798394047
290.45932327527 247.479860677251 250.932730071556 339.650264840105 334.945275785639 276.326582612351 168.566658687695 279.525016374724 235.085677346808
6366.81082239876 7052.53646341155 6546.46544225346 6221.37769517197 8017.85473297837 8490.79798436812 5776.71236251099 6608.09252304742 4260.92517538873
8127.02212820453 9153.35183520076 7226.72071423862 10328.0327413435 7023.02337782921 7249.9433305195 4882.97520997753 7404.00772272084 6674.10741084994
8961.66143648748 5229.04454631428 4536.05752328514 7564.93593883325 8515.63431830457 8491.49176008554 4547.58941621055 3675.97919276286 7829.14184875986
249.20415196362 228.478059146903 230.243479823939 302.077387694336 298.408356222281 246.990549251261 133.857531244609 265.10230791777 243.575289115326
845.350482548243 0 0 1300.57613483661 0 531.198638243991 0 787.082010542931 505.564231685741
1267.0464873355 735.601359902143 699.220671813676 1228.51175239233 1092.04156165604 1391.91027560264 849.406497035226 741.238794049759 736.477649831776
1799.76890425022 1345.54328221678 619.343482373233 1644.82114002407 1908.23318097194 2071.97237377841 1255.52636094372 636.723969713875 1666.8060760355
5952.33938317604 4570.23838250257 5105.8458423751 7935.12118555439 6580.77677724892 5573.34947134362 6106.79227581497 4258.2975206575 4848.19723323435
12951.3239004196 15420.4129834065 14149.0346286362 12618.2537612934 16010.9017782187 21359.4398351599 18883.1501617267 14579.2943691571 7103.85900020879
4470.30751386007 3818.6744653956 2707.8180327493 4333.58190463689 4750.72155232043 5153.34835953391 3175.90808902194 3235.65501718992 3329.5847491584
6364.20712113184 8002.08888409073 5160.57529197865 8105.66778078287 6689.23396633489 7113.77352374228 5245.95852736408 6688.87080728554 5931.62463524657
13096.7188220446 10278.2841184793 6676.9555414756 13944.2079537986 13582.693237749 14339.2761945849 11808.1872747342 6608.47443262377 12021.5554074906
1219.54771908288 898.943955818102 492.667488119842 979.421198286247 1141.84181253929 1161.82889798786 874.717640424144 485.561745072935 1152.32167390475
1667.3792296027 1657.5763948614 1002.8626431931 1829.21192640874 1779.23702655264 1760.19804813543 1568.77296390686 1198.89985170306 1620.9827550062
669.640647961326 437.883879520164 752.88006526176 1058.02953037887 796.345073308536 570.235652901451 630.418514628446 585.560874972491 524.890561252015
12605.9296536744 12701.1837344035 7832.16208834642 12915.7101591967 12688.7445142952 13730.4564987478 11979.6813997561 13205.4695092844 6873.58803817761
651.21210392497 605.16848465666 503.504824093662 588.810042315539 765.323978142894 622.749706969468 432.015460353692 614.729693905175 454.935866484348
11250.772093896 10953.3871347311 8697.97836552699 10466.4245798207 11435.5284460304 12023.3447533523 7842.15472438416 10622.1852442866 6985.62353726773
265.557253107937 247.778137844858 268.414567777732 274.621669579363 250.280066689383 273.515473837423 176.842612928069 222.122747523252 230.563331691351
3509.84729350375 3744.34916618849 2243.8063319957 4268.04363341579 3842.69271960246 3921.70986753152 3767.50258131027 3854.23253193847 2377.65736042874
1643.13441316916 973.860406687533 1442.25180910376 1227.84664540256 1229.99329253514 1309.6686668848 466.690816817225 806.90623438442 1439.06205716795
106.736887796443 97.3726047936491 72.9753864438289 100.887185745588 89.3622243716735 109.80263976043 72.1582127725398 58.9521536265473 91.8249000703161
516.111374200027 0 1874.20126300628 0 2933.66774552869 0 0 2469.74208685358 0
1475.55730402693 0 0 2127.96520973292 2336.34504990447 2350.59448786033 0 0 1004.33839299021
19877.6705065979 20489.6112693564 17159.3779878595 19949.1484720498 17068.5138486131 21502.1054959055 14349.359674139 20320.8059285129 13408.0452740856
524.111112167625 458.593879866455 400.278672211015 621.276153245706 560.265519084608 538.387378252619 463.741406167603 335.38544665406 491.018481078142
3090.26133312708 1587.08900617219 3131.90414864922 1884.84307205819 1595.22689201612 2890.43267256678 1551.44377249543 797.374354074489 2259.4962736935
17479.3711249576 12569.3370273371 14917.3072883148 21819.2988713145 15436.1925277888 12647.2466222733 7890.82650341311 10298.6553860905 14276.5356989948
1376.89719143398 1334.26646155932 1247.7978550209 1858.93425129867 1721.1846454838 1549.53032864138 862.293488933307 1466.41566057071 1211.91963865203
3973.57780752971 4099.05725237981 3886.31407573488 4566.89129905329 3925.17545347139 5045.40512983192 3053.15226131936 4481.32138210768 2938.51863046988
3934.15008611635 4202.90247183182 3246.62162860725 4613.36297406065 4100.03194452017 5159.45695545215 3458.19885672031 3281.72554032021 3509.24254888027
6077.03232029411 4479.28339898904 5484.0008226724 9008.26004133282 9072.25871481452 4983.43207362186 1721.61196251964 7265.78696844407 6345.09039140865
5503.16680134729 6452.37929169652 6173.57884534956 4554.46053838517 7594.20047203463 8435.59441505158 7007.63060781951 6172.54884031449 2643.01736273508
3825.96870248872 2305.85824245722 3898.76029685456 6212.16562835214 4693.17010485151 3618.08439742408 1895.87509244853 4203.08629206803 3170.73342239284
483.641568503224 450.617308997767 312.246948707516 564.888652765553 388.115604900074 436.899887048288 351.292657647849 266.470132869648 344.120723784757
25020.9817360746 36421.6340663376 43837.6218652589 37075.5487993424 30582.5977474364 52804.009031492 23137.6873530244 34969.9954295295 24031.902317676
25027.9149648634 11153.8837484174 24241.3130373981 35411.8364174036 29212.3201331871 18987.4359580601 26447.7456442134 17277.7085582945 18099.1234653155
2433.77206352706 2651.99421351959 2937.01406563544 2951.84283473558 2715.24329284068 3680.14634767608 2239.06104886709 2367.61877778225 2150.40010003441
2661.9468075901 2994.20143751752 2834.75627132518 3004.2519697301 3204.10553276404 4010.75417859821 3225.1218403092 2864.98190871309 1812.13421726427
1850.13224430962 2276.79003758548 2734.54662189686 2577.97590585318 2236.81152698547 3882.26415573551 1490.76780391632 1985.29463011007 1138.62300410131
15097.2460395628 14651.0768081448 15434.3282945248 13635.6235756129 14357.4662019348 18100.2249061975 10256.6644323334 14238.5782285777 10949.8621488567
5018.47694108186 3534.48877616609 4988.84076504942 4144.04542866486 3830.48240884511 4045.44161210456 2054.30862578844 3286.04670095365 4454.62306841655
20819.1625391006 21443.942933581 18263.8175120333 20308.2404131753 20920.253971163 27582.2710336708 19187.0766201677 21753.4629135725 11118.6661187978
0 0 0 0 164.905857697031 442.640983720244 0 0 0
13992.3530325105 16661.8922408362 15120.3633855816 16420.1520022681 14180.4370315684 19528.3616120896 12188.6675391951 16869.8626919695 11052.2334841356
6765.44342183318 7223.37438016589 5260.4311985618 9563.71027883003 8166.84473302409 6220.72209385391 4146.51503201806 6862.8080788415 4713.97854077817
1128.972600239 744.258952667553 1291.43490351442 1679.96239135782 1335.29315338338 953.218997383032 1288.44522842188 862.70116660974 867.519633560487
1482.440771605 1742.75767570505 1806.32891696912 1600.81085659654 1828.48787407663 2761.33924260357 2460.0587599677 1576.72066758856 852.211111044061
989.925896809564 1030.57796307058 869.114013345536 821.108976774644 746.481380895109 1035.16430331966 657.250822914069 958.694369378825 574.495378499763
13310.9933324578 16108.7435967597 13721.762241096 13900.7071528175 12879.1243988372 20492.0889768645 14863.4925279934 12757.5985176501 8708.59734861707
5591.70308203361 5249.02826322921 4823.82091929903 4674.00727946843 5945.73162365651 4178.11268683957 2282.9473717941 5142.6494479466 3612.34575875947
6522.0078157391 3902.99164433302 5970.04562611771 4720.5648724804 4288.0212274312 5275.24175840627 2632.89369037444 2531.43581903429 5419.94977591188
1427.32693300415 1208.42770001275 1049.64912741402 1127.84973600156 1214.57764639158 1463.22901283484 851.958150109189 1138.25214113112 794.570543066251
698.464698695767 668.376700882767 589.283267342588 681.601730993032 823.047773117718 638.730204761679 463.572590260039 705.196619206668 437.642294270614
2662.22151293614 2629.56730984634 2858.93448592075 2490.04639793584 1754.58973333475 2132.02501568511 1362.66829984592 2376.06927210471 2230.82231106909
1413.63548931812 1508.82025922744 688.941728856698 2282.23798384779 1975.54040668061 2135.82795112728 1266.73697463697 1129.46695778702 1100.73897756959
16088.7054419765 9772.57782664877 8314.05151313114 0 14689.3756422042 14594.9631591508 8037.38145926934 8030.1717603163 12488.0829841006
5950.34604459816 2971.75462697089 4395.87844161196 7134.46204033062 6719.16896623292 5018.69267672081 5362.10344191992 3593.35189761014 4600.67141276361
13209.2046436775 10793.7051942985 8401.57876033767 11381.5655865708 12115.2447897338 11301.2782831214 11164.354338428 7342.97653022818 12717.7559229279
17030.3363729393 20648.1118283666 13112.8559294333 19020.8070069838 13674.9149612279 12949.2309317991 13138.1785951776 12943.3464318646 13589.2249331588
2134.88316915147 1889.92032274935 1672.75054361009 1762.85819522884 1840.11747287742 2134.41975093503 1458.16424407272 1847.80234501486 1256.14562433647
10308.1580140711 12374.4820948338 8817.22604706954 10805.2657968686 9409.71937305352 12605.403812555 8239.09692309723 10305.3834350401 6605.11422118179
2104.45373951227 1494.45622544515 894.551506676484 1802.70609766987 2177.24202451105 2005.14076549439 1290.43456306549 1246.77985302744 1570.64537574569
3232.96215670103 946.145835140913 400014.598826567 1476.21503587672 1382.99394223628 2005.80755777438 1481.92100877871 6384.92590412351 5506.79089861705
16407.1810785647 8088.99325269302 14310.0867461538 11625.5072880309 12746.1563854705 14894.2077195133 6197.3827295854 5960.32375184502 13882.9996897713
2112.61353898155 1748.61583857078 1716.58687016349 2535.13474617783 2454.0463485981 2033.13475807439 1212.71531272462 2097.66066278374 1761.93899240422
12647.3584564112 15685.288316401 10604.8086146502 14045.2568663186 13324.3070676561 11872.3174985517 14906.9711235376 12244.0722932167 14398.5911782818
274.817165870924 452.207267370581 474.913675476694 595.027006216305 337.81473019822 638.81095886339 211.117863812809 377.359642838601 152.707608900897
40467.8861870055 27932.1740917172 30189.8210907898 37629.0060883621 36864.8341438845 38429.3765531999 25808.4709061652 21048.829355694 33620.2398290063
564.925699269714 593.017300027996 409.669217225541 665.718123399891 424.127482792982 490.620342640149 424.070672558704 310.404828398181 432.018331751809
2403.46621887709 2403.22852594534 2314.63132734523 2920.29622191448 2338.74838067182 2295.86818588501 1335.15563855338 2544.53202509303 2052.44901899258
43425.1352412302 54091.252578919 41844.3733385356 52337.7790474263 44961.976309341 61833.0203713161 47002.6513988745 48484.0275604245 36825.9144607998
475.244021847744 449.105264152038 446.932355177013 553.079692028182 544.099142307728 480.940137526655 294.448507770166 477.323997590297 461.804489920936
1123.79102501706 739.413439836186 966.026163672897 1285.74908892409 1021.85188704022 1072.62013757414 980.38749625609 760.77411485155 735.935915761661
656.096666076407 4433.56447630047 672.84838838986 847.560453829336 547.440996754333 9078.0774880151 558.021719133929 1556.21865570372 92056.8379946316
7899.78324031681 7870.21278424635 6195.57567996883 8705.79462164321 7697.24651975992 9173.84838230246 6385.45160890568 8641.50774296101 5721.98158594372
10844.6776099837 48624.000116875 11337.2967298376 61815.3562670925 6620.61692108573 9148.76861493176 5310.2964598634 29216.2673417756 8821.96471183458
17023.2197088586 17783.2092157981 13382.8912684256 15170.2952678643 20916.4082481962 20108.2656443236 16810.2181770035 18045.2699416039 9653.97732734434
6730.01017610996 6860.13254096334 4937.18447933557 7311.12378999703 6756.20455215657 6991.92418999096 5446.74680007146 7548.71643161338 4749.44864383101
9579.4101525087 9651.15837633817 8239.38826251729 10019.057260515 10064.2768539007 10557.9258659971 7007.26007493412 9936.02175977807 7107.76207304747
468.262744245425 200.551089734644 198.455393244267 447.364835548188 350.776005561618 510.61881074792 261.25493954458 260.803615159596 259.231841861947
14377.0060232206 15371.3026212166 13802.0748479468 17055.3769336558 15382.0359690147 16950.0231088562 11336.4608167268 16361.4139598665 12052.2434635872
11738.8200853373 7756.41412014145 10660.3999367917 0 0 12434.3253227312 5303.3432693909 6302.49374799952 8202.4598793645
5751.0545215927 5834.51440361749 4765.34423161849 7550.01846719611 4518.24623599948 4674.22258249617 3417.14376289997 3907.49965607581 4230.34096363353
144.651530259015 149.54619782624 144.454154037643 159.856066535565 157.301019772557 203.793635777258 189.322270472144 149.506638304431 129.663384466399
1145.4386456411 608.512307539643 1043.48194787887 1625.7149977999 1334.99672290367 939.00119601746 871.816124591453 903.20591656826 864.47957298233
17014.3549854464 14385.0561035998 16074.736457979 17289.7574970255 12666.3352210896 12982.181888392 7148.46490825829 11496.801660917 14216.0544860603
8788.9498840501 5252.80628973887 8936.23608773839 6028.68323401623 5248.19245212304 7690.18824183774 4735.5506670959 3192.92111969195 6821.47364040029
911.597757685425 963.370608106255 613.553490694902 1047.54556674784 1020.6080668986 1005.40894704662 971.489965221426 979.471779078529 545.748302791846
2324.79388082101 1240.06614362607 2068.91485708995 1695.44926247037 1830.53787014166 2189.44861821774 915.315579586556 971.741008926161 1864.65284196639
2690.94414026024 2492.25145854071 1398.13380222682 2579.47027309466 2890.51819380638 3076.01665024918 2113.19557550614 1738.73518090209 2240.35007987182
198.780589795906 157.021408460734 86.4051268212898 169.785240810858 193.175554078171 206.392424400373 139.675061322213 85.1113116254027 184.230500196928
4808.85474977086 3067.43120141614 4454.0238052939 3964.58615526336 3465.65670859568 5363.97604395061 2478.61251110207 2633.21403120557 3139.51835995196
5163.65778856672 5579.5492935927 5093.23197127221 4350.4311715494 6046.36946233351 6989.43290908948 4397.15779308032 4605.62264710694 3169.26007236163
2704.90678990485 2556.85976048012 1846.0618066976 1682.21982648524 3933.38953546699 1623.27651697659 883.813982370901 3411.13604760958 1238.13345297675
4975.28451873892 5923.20784398467 6911.07955499267 4023.67497048146 5771.85933366827 9529.97714499781 7360.81220629379 3959.92440139503 2301.22432773573
15022.4865148442 14466.2963058401 11992.9368263715 15003.9509219913 14391.7266171087 16553.4074834144 11635.3359666617 15413.2929309634 10033.4155058819
254.506377598163 253.945734101628 240.535971242235 323.323386683659 278.29665223245 248.839570768138 173.433259941577 248.195530208108 281.25985804044
4626.5873409146 2988.89787296904 2985.06583799378 4734.37845955429 4634.50948532552 4020.15638610002 2857.93036666069 2241.40248144373 4125.111891967
4631.38685007182 4421.72137890093 3931.50613401152 4468.57093828825 5302.57705685008 4253.31215804634 2637.4710081419 4789.75745950774 3014.43003375526
2623.03192306647 3011.99077086712 1519.01784065677 3305.41929345925 3002.71654480738 2875.45176290372 3566.56819968172 3262.09755479995 1473.38280902828
7414.68113801293 6240.51773967318 7977.52600652055 9655.04639868041 8782.65470539132 9088.90282906812 9718.51862539903 6349.9008879599 5203.08089057057
460.233345793252 587.002656794976 256.679811883132 1074.95073229983 830.58161663517 878.778314721151 468.525291621981 534.036739937709 287.926698010821
492.531059589577 332.381735780519 502.640318138399 654.504638096755 548.813545952896 414.441288872046 518.565167008389 366.589275415461 361.607608880394
353.881227033854 372.966465555517 313.720076145971 418.468058355776 359.628771554657 460.500714156542 322.519497742653 315.023012027472 313.49420208464
7425.45100543166 7716.37111731652 8333.64611983835 8872.15261454001 7482.80287982274 11304.8399504509 5666.20175049123 7515.38732213051 5156.38532930886
11739.0946092495 14141.7777602793 9398.10608354739 12224.9468816051 9403.08110949079 14239.6536000587 9897.25703305906 12160.8679832807 7410.93619650332
5181.10211218982 4218.50716440708 39354.7192076523 187775.54581416 4956.60947422031 11919.064893652 14281.7076406812 10758.5320738173 18760.8528672463
454.047143865946 264.625080355185 309.221154539555 435.559542864207 420.640437624385 436.955156923913 267.775260849714 301.368886569874 352.365222764917
462.738768045668 478.129488972413 466.004904556706 443.299913548729 340.769713076704 536.445469899797 280.432123742644 410.376903997021 245.36947089118
1349.89142052329 1225.28628280699 1085.7093479529 1195.50822370008 1590.15039865593 1143.89158253589 775.097376354602 1326.06591474512 911.605115239049
13374.2240579379 12965.3869335142 12006.8761502121 14078.6815056934 11067.7916819331 12800.8447220258 10215.8632567228 10230.6072604656 11019.8648894907
1867.06122209349 1766.27720685389 1996.73407436738 1209.94794261084 1052.99533728647 1494.21150531568 1294.15034715797 1237.44987058453 1685.23791613418
5175.22818754501 4670.30178638874 4822.63933330086 5014.37182288942 3843.21770934919 4728.12825581731 3357.99493131334 3368.16156094557 4289.01507506867
2232.76153343962 2136.75486773594 1776.94754001707 2000.74017105505 2527.94055948055 2686.46075463768 1906.45112035797 2168.13923572568 1379.16216789947
0 0 0 1606.61431919138 0 373.53412281043 966.466600624606 628.283207371745 0
27617.8687104858 13164.7829146836 25223.2077338277 20170.3719445286 18801.879630625 26831.7031485937 11960.8275843456 9067.14042176151 20532.1261275151
1736.86732751054 2302.71480880827 714.758332801757 4657.98756015342 3589.76499867051 4027.9153132438 1892.99395923747 2166.5361625876 890.110179333375
2031.73537018084 1522.24357406117 1751.59201892522 2170.15735265581 2082.12701798345 1682.65568430545 670.950144171161 1595.09714725952 1904.68271693464
3667.81932371148 4058.05347792335 3794.34125713206 3355.75390025752 4488.304443951 4503.1206575181 2857.21504130429 3502.72849762302 2461.06027586553
4661.19406595202 4716.36209337516 3265.34513408318 2415.45465640003 7441.68947387024 2402.32752787723 1138.1746494286 6375.61400619294 1758.94821905755
8676.52204748366 5130.94365039261 6113.90042271302 8155.59550228208 8074.93960657441 8403.34851530803 4018.96849168554 5839.94620389813 6166.02566990872
2164.07530562544 1814.77430666024 2283.83640824088 3464.76015773525 3129.11607301337 4085.31242148222 1517.31076492271 1870.30443426677 1187.32863242504
1988.30973738573 1116.01097613448 1620.90160973769 1668.68857492548 1255.40406323132 1998.31506854749 1201.80464750197 969.975006942317 1240.04534031374
38051.4868801348 18693.5901573721 36573.8547351951 53703.8748079553 44467.1021134222 30520.3039783449 40867.5129272096 26736.4758502782 27659.0152980485
66200.0788307632 62046.144217981 45286.7021423389 66271.575344525 59810.4235908735 70180.4166353589 46532.0174320828 65107.47093786 40313.3419880277
1161.93863849552 1001.03103001035 1015.2958560637 1108.78910733226 1269.48265163847 1483.20810023359 1054.89823395562 869.386675912437 648.374518317351
6668.36010979254 7374.69345712126 5168.70564814783 6072.63546765088 5195.022931751 8015.8760688279 5547.23476777106 6331.69909542627 4682.12461238126
482.30108511691 389.846651303061 309.905803146785 365.491960981553 320.541379063683 447.058998436095 281.849617863445 410.877288551022 225.380932109273
2576.14824624744 2454.44548327814 1692.94473059046 2262.25143650533 2090.04044648643 2878.98126942999 2058.1944869481 2281.21613706262 1255.97454625015
1968.93523511042 1880.70559005114 1387.37546155155 1735.42658030964 1654.47510291253 2167.70368276578 1435.94278941197 1729.16705463683 1030.97270734066
3950.53062978098 3446.49966405607 3079.03819771873 4480.06314807849 4470.30451921515 3829.32923688203 2252.39295233343 4032.62940605059 2937.89214976309
1723.81621664459 1607.75881443402 1226.99148206446 1845.94037577333 1702.00989976327 1815.26102028579 1180.21526157011 1687.8708286029 1100.88481215879
3587.44994064301 3308.6190865093 2662.92903025129 3930.76151832017 3854.16355605366 3813.03277337411 2345.80844108176 3550.18861099962 2493.88522145517
50159.5839039448 54495.3386377026 42170.6896759622 57899.4927666518 50652.4568682287 57709.0512728524 37975.595793372 55973.8691388604 36674.8806579981
10380.2572797934 21059.399726847 25066.3409232897 15614.5721673931 13401.8209881138 22128.5028537564 14852.8944621343 21185.972016257 21027.4106463306
5678.40395496968 6756.20718365272 3566.72070052813 11597.7096099605 9347.94759895018 9856.50766688777 5981.90079152115 6493.77270016571 4188.75659945889
9014.535734495 10355.6006395251 6653.33508262324 11383.8003801269 6168.41092150269 6256.87668714385 4697.18438625526 5766.20437262894 6635.18643538554
1221.51641904131 1248.33456755931 635.922637745446 2058.66647092331 1761.36213359755 1986.20733812086 1126.02080459021 983.886770687427 888.838778156004
12474.2320668503 14069.9444365124 10801.250892529 15481.8894770243 13121.1641984421 15718.0299949767 14404.5612132711 13440.3013156887 7901.87408969355
511.633291443118 482.370641987323 561.21648546271 407.496291289572 322.251978867236 430.01681092294 255.014330486645 405.910681544898 390.183942874832
884.404270135743 739.387427842364 432.009080752413 907.326195688979 949.674854002433 1036.64576064153 669.66418359584 518.580846582687 739.203749098705
367.640726797937 397.386674340146 249.768842959968 420.992798665029 428.489827992471 380.479156168789 368.040569599092 412.846872886598 233.378009893553
2810.4467675404 3431.46021533493 3839.39201705099 4352.7870808109 2723.6005420449 4131.70628427777 2203.94791513321 3094.91697657391 2209.84134967656
3398.46155283626 4465.90937339943 4360.6369759781 4820.08909493987 3552.94096373915 6208.00486689268 2846.48029326967 3429.34099586924 2338.91777335011
1690.38070437729 1543.26697652964 1713.09661720094 2392.92030902283 2329.76260844103 1617.31447270287 950.362059613491 2025.28241675295 1765.69728180692
9218.42863523365 6881.96946117175 3430.70406737473 5180.24956707323 10267.3808458442 4635.33604265819 10946.1278857171 4163.94518095207 3130.61644613439
1673.46703047366 1868.33771922409 1740.39244205436 2064.97764051894 2009.8738144357 2286.013667259 1856.88267871801 1897.36910916171 1510.49801545198
264.486603896862 259.922683752938 197.238985086413 188.506134007668 371.233341052169 189.976279100957 125.408405420634 324.788551300914 138.958171332735
319.629812355311 308.722458013175 245.732947445786 205.987523431513 244.906603690272 212.657281163324 285.436641213139 232.462199900581 316.164223783795
2041.29630457587 2311.75034973376 1933.23617625936 2011.80283218367 1532.12040783111 2326.37851016525 1638.97810159653 1966.88758642977 1389.49672096521
0 0 1315.59722639534 1345.18936127728 0 1553.72196238223 0 1383.25240427878 0
7543.81310159014 11858.9736991191 4385.44948419008 21034.798057542 15746.2746314304 17516.4607411036 9545.39081809098 11156.3476148862 5141.49899773949
1050.876385253 1436.52896705227 575.393536161104 2747.19633557435 2098.46320539769 2383.9554148971 1150.51440191478 1360.14633836258 586.221756222294
3615.48622470121 3921.48753721102 4067.54922835412 3845.29705336851 4241.62490358975 6258.6316601936 5731.34810117553 3792.40668839285 2102.81072789015
683.825197450807 49851.9821275851 741.285835976718 5674.22503720725 4512.24386107046 586.532749049709 362.566530248496 672.540620009623 689.210247489653
575.898977537324 628.750952001608 475.939455433113 606.618639401971 475.882213091866 656.520244837439 431.84599261438 492.984668937029 441.866360758985
14664.8300492778 18255.6642644184 12928.0498381447 18563.7918520499 13945.8121025057 19697.0197543449 13211.6695521948 17292.1248098085 9458.24285590954
1206.64758759201 1432.62238560952 1120.12940605183 1491.43616908787 1471.1893267655 1601.58465034286 797.855373210871 1369.99650817336 766.416261056139
2720.9735521171 2212.55637720762 1967.28256103829 2690.78042043185 2670.14017425539 2734.70012129639 2144.71765613184 2228.35780007066 2108.43211822232
726.578388711177 498.49398407894 615.682970177268 560.510531901695 615.801115694699 816.15380108386 401.435678732417 378.438565664164 481.287834348812
12177.1346452078 10229.7359791589 8451.73285027273 9238.68831111135 10265.2078487786 11114.5543115383 7834.26768164368 10747.0337004002 6386.47156651288
358.261803763383 432.969870658148 375.946315655852 478.370520826367 332.709351886801 528.736798199185 343.644198266177 362.961517778972 298.446127814819
5421.19856705079 3876.5603333195 1403.18132911018 4170.07258865142 5200.23076069074 5599.0034703359 3713.7998118799 1374.90843347719 5206.62636667203
803.263564256984 987.214122790985 810.994086318439 904.445910372923 672.751672987222 1020.31809757999 646.263543596932 771.894507266055 681.86940233096
1112.28728821405 953.269472262274 834.114176102148 1275.26060584943 1077.40768406955 1113.87120379282 894.985873446262 795.175758081873 861.077085010593
1648.68693010292 1441.89102878299 1457.49546649352 1946.95408537866 1809.26777307346 2360.94830704608 1685.18644737998 1620.39842848386 1121.02835386036
598.02243041441 856.276354593295 660.096285534073 870.429875488731 561.989077080146 828.150758302267 522.567678256932 661.081512024331 551.977798561964
446.910777418398 446.584567182363 504.624957443783 470.736612179483 430.460517223408 425.024243941449 377.126841957909 400.049407262929 505.272552858553
