412.481807354717 399.613240969257 302.725993771132 612.749578814898 292.940645866203 562.899853518816 698.151843865344 458.530278644495 313.820537429561
791.074224860615 782.66709808401 579.49751009051 697.581721658265 970.258761426293 596.611352829814 389.385668858715 806.539717320229 441.753197035152
5977.02553587581 6441.72266381813 4929.9301571332 7204.31950435054 6090.9820792768 7431.1664572017 4371.99932908583 5845.49445988856 4396.94576409406
1470.05471715233 855.176119218933 1530.61669932562 934.097853345466 748.304275209174 1429.15952271892 791.211449634597 464.586933476484 1054.28170248474
29194.9045994825 30033.7198135256 24397.3089077053 37750.3765083043 24884.9141060011 23681.2427483228 15065.4917471364 20829.3825854292 21767.9226158192
2530.42622897098 2602.8113739316 2571.15997969194 2720.1400745311 2713.66218250168 3815.97646321104 3344.95243545446 2371.40982717944 1708.74246190694
15026.0851653566 10628.9716472767 17320.0371261233 14209.7854927221 10173.2355180759 12996.9975249562 7075.71348690993 10714.5958570309 11669.3228888975
1228.86764214209 996.357712684254 1251.48389773796 1666.03129637238 1397.31431229485 1222.96142079816 1346.80764934683 980.16152166436 943.38664964955
10675.0619972405 9725.33289293217 12115.6691884112 13249.7262780423 11665.8515654428 11900.2161385246 11415.3164714761 8904.36569313899 9545.66122571367
20518.8586136842 25634.6799512164 20812.8433228288 22236.2894713622 15392.980289994 15258.5885037858 15469.6997459707 21282.7830443611 19390.1199051083
11386.87581078 8799.10369358984 9719.86478737059 7932.78947269803 10603.6386945289 13604.5967838948 7351.93285307335 6724.22371252958 6117.20302892936
2776.45825261507 3582.2543691597 893.303777581846 3440.97318402115 1691.21025530577 2139.95819563571 1991.11737027299 612.649021350586 1813.72008282474
6634.77723128956 7251.41046468969 5984.57861593532 7928.67517394396 8187.19362265761 9051.82237915264 7600.20648167445 5747.09616183544 5301.06241266955
2726.54430336164 2717.01391299426 2037.57354704042 2000.03692627813 3791.29685159595 2065.00604776344 1340.22650131715 3260.93697900625 1404.64343851335
551.733777379463 458.912729464794 372.213877301953 510.383013672931 597.247084214988 512.846554184186 365.603943596284 528.655320851242 310.186164165054
3686.55253265629 4850.98707242305 3069.0470845312 4886.62290313192 3691.9804230707 5245.15461560575 3602.10643798899 3267.01647828725 3162.03291683167
10550.8763265767 8169.2457824759 7958.92116978631 10961.9563635334 9832.62249714586 0 0 0 8741.60075807988
15608.4051476884 17180.0156109195 19706.786123919 16356.5867446964 17199.7415406012 23660.3095742508 13092.5155592531 16230.7269483128 12856.9776230308
16626.7160830024 12236.3846240274 16880.7707192204 11583.1853339777 10101.2276206738 16998.8713191359 10282.0655525806 8797.92621857948 11398.1727514133
1121.37269017332 642.107825490138 1249.08141839802 782.77824879175 712.823132669205 1360.75638902017 642.452458013145 332.171072295145 734.523108717766
13754.2680553106 12006.5241461583 10483.1916396686 24487.9432785941 18216.3993873184 19685.7354938034 10202.4595721353 11777.7171812814 9154.75625790185
4027.98446381724 1782.00914161394 3076.64075987345 2888.99673991589 3395.62982766356 3033.45979591104 725.862419779183 1479.7344363045 3697.2047937164
1633.17120407238 1383.1879877256 1830.70947882175 1285.20876496177 966.829245000037 1381.58629597704 1059.23559220982 1065.18852016564 1320.82614123582
1146.99649186516 1348.79930050935 1134.49689777611 694.871050670451 806.611347385894 571.02936459137 1184.33409268581 1030.84758225827 1482.97212909371
1838.41289646631 2235.9334830924 1840.31918630064 1009.79542001327 1100.22784611423 838.559016589698 1566.41617698073 1782.11815073076 2129.9804440569
6014.98222407528 10002.7915804202 6581.8700492162 9573.54312452036 6059.701458947 10294.9660091284 5655.71339171865 6937.42296449146 4822.10871959234
4758.9431407325 4026.31112041451 4788.63471091962 6138.04247867054 4919.08181105082 4764.86203201011 4060.00443757312 3781.64901666023 3579.63602173611
230.955926645754 223.91222876192 196.074823974821 205.696865151921 264.322531761372 206.086432089343 150.169769903717 227.570182939882 159.070663607078
1941.04786813143 1357.17159193374 1809.28155561036 2350.51201540716 1943.41052084592 1854.8582527799 1461.68685557091 1563.49965340276 1400.64454018346
4727.81255083886 5239.3991014527 4813.02392029052 6280.48942904332 4395.85451349725 7962.95427756786 6974.63352860676 5350.20160119252 3559.38738623428
6817.28610066311 8889.96084359279 9357.93015006654 5754.85166100128 9191.80723431257 14617.3256518052 12207.4872121938 6138.9227032336 3114.28236108711
541.964570763348 515.572207351572 535.504101129107 721.357441853881 693.481749394361 537.150270797424 359.420829196574 594.077447704081 600.248770214263
15631.3236601466 18930.0504435572 14176.1267196137 16228.1729879849 12721.194875006 18994.7201518876 11943.2400288007 16549.7946429964 11400.3123019496
35278.3549222165 22967.1159857369 21906.7541426466 36515.9853112955 34936.6875817586 38009.5019555862 21167.8768499831 18005.6239731129 28545.1757526639
1904.892959923 0 607.438133468232 1471.77278000816 0 2358.58194120961 2029.06284734811 0 0
1169.61115293642 1171.42040393853 1053.98021026223 1303.57580073167 1138.7417714935 1530.97588371596 1208.45149290599 1106.38668131436 787.603342524485
295.645553460424 407.444441378814 365.821172175779 408.700500274073 278.956886565647 379.709599290291 291.424294840976 332.639498059608 343.242295006658
4519.85243192762 3080.5168801423 5158.43377314453 7282.71009063461 5700.28843167452 3743.78002683504 1898.98819695596 4915.45016804138 3336.224471157
23024.1011081884 10758.2307610262 15826.4152707869 17975.056586618 20758.900797173 21648.9389127843 8665.81934881771 10970.8571400095 18436.7350730561
2085.15389207385 2951.37151215912 3219.5192907656 1419.3822983654 2921.58380472507 4510.693713646 3321.75165808769 1863.39472352204 709.755073348011
7010.56779559058 5039.56891017689 6387.44575001556 8495.95440816021 7041.83676922042 6153.76207116214 6088.43710996856 4849.73591185537 5533.9971822752
1967.45270305621 1641.02392358566 2012.75267213716 2758.63418808234 2144.58724385959 2028.25243606115 1984.23164469924 1495.65647775722 1578.33030284738
4911.88079759874 4412.29543726284 4103.93216247717 5710.32843317729 5293.57873722414 6460.08127039847 5333.87792875973 4418.4513483562 3869.97587686318
240.148005209825 222.417432960894 219.61505555344 262.289562306067 247.117836467111 237.825692012749 212.387682530336 232.431634992 212.653744035455
2915.92843809449 3195.8761554022 2527.70004134295 3881.18945159011 3241.85584283346 3024.69199970256 2951.98782964653 2795.7369575617 2752.79796397701
517.322957737552 669.786046380434 240.590515284914 1343.8858578007 1039.49645616524 1178.86042108858 535.066163501225 640.176528580485 295.667874168947
2902.6979558838 2756.8256796676 2312.56018515449 2358.24128619968 3638.34501006157 2641.01889008742 1901.06356324712 3140.67131759788 1625.70628976194
7452.63428964862 9114.42717765716 0 9619.70022026698 4755.78724990519 6516.85650729316 1513.71594928181 4394.93505844656 2115.66073596087
22625.8886164706 16833.5143831519 16926.5733352646 22260.0885714036 20326.843115496 20770.619235547 17257.1220777854 12366.1457145608 19411.9132634211
13974.0975382234 14833.02958336 9872.32048522821 23924.668267807 18627.1140198952 18117.7659709765 11442.6156515087 13516.2483474386 11434.2752081129
615.449756107714 623.456511168842 353.977558660719 887.083489754958 774.374699873325 861.834685160673 465.721454548753 475.980069352351 509.663147740636
480.508135955182 414.066822292831 375.521688903455 570.60335244001 527.79409311378 493.760000168703 455.425410098398 470.104656095923 379.580434711064
2159.16853738396 2792.36312518001 1990.77283911149 4274.04106883727 2934.68209793017 3785.2745229544 1919.72471664649 2346.34035281756 1446.19602788117
975.194365228392 790.07007661787 842.327482807492 1162.34203490933 960.809480109447 1228.33047043527 687.804005671146 648.956147632285 683.489229808311
300.905585617117 292.406018373159 241.928692759725 467.67495382934 288.21497838103 257.456028392213 209.305013234404 207.289428398126 214.776137387521
1471.45898396159 301.280560801269 729.421824197705 1312.27254181586 1504.88371204737 1291.47122152868 507.677907727638 856.699881173599 1067.59607064172
12949.7745284644 11444.5611287747 10886.1960075403 11358.0430980817 9221.04105028825 9055.78216699911 3760.96756865942 8731.79945549083 11172.8985196376
3516.83175944174 3769.64776920743 4070.5775452448 3201.93082464469 2237.84173584851 2932.28324234841 1690.28339816414 3469.19972765388 2876.13079051686
9405.07154885804 5159.40482004397 5991.91709197155 7470.94250458917 7800.12007695387 6740.46047486867 2056.57480913994 3052.50836881461 8321.49443778819
12361.536172057 14145.5547205077 15230.1844243924 12970.3012687802 7942.71810080887 8206.88184755726 3785.72334900118 14538.1958342962 10918.2013614256
29138.8762065092 15146.18188004 31290.5157064435 16529.5254557248 12272.4612232203 28294.517514366 15437.107664934 6246.5456128997 19603.1387514728
8119.07710358348 1580.25170643123 3630.87170028072 6822.87029808838 7291.76692090028 7280.39071840822 2973.67574485718 4147.76083483245 5325.6249939841
36124.8371540342 13136.8692726263 25279.6654006793 25962.833387872 31853.633490968 25336.8444093004 3577.89172194445 11051.1991949556 34072.1532713009
5303.49076494958 6308.47283337659 6618.86936265317 5246.85867728055 3425.1532261481 3674.3487299266 2262.79270508781 6271.0994453041 4764.09351204171
78571.5085643225 45755.4474515077 66222.4591995735 79638.7606967648 80423.444274925 106534.864187331 48270.4601588141 50484.1075637114 55308.5261672161
42385.3797213563 35905.9916871811 52794.9714998006 22644.9386665909 22012.3942323201 49358.9780442838 24715.6469429858 36290.8903425558 31627.5739564481
1781.87038817503 901.906107363406 1405.27431794969 2144.13477680567 1859.50855651264 1684.93484543076 1027.84756055873 1435.17856480423 1297.90613324222
8165.30383267419 5438.86986827413 8367.85990822247 5962.55190216007 4971.76840051633 7005.57753332941 3464.4488132015 5062.47569922403 6335.84174054904
8923.13141384027 7167.0707334435 7983.08275993554 9291.44447824752 9972.13673668203 13631.5659765829 6113.13471085701 6440.57423308166 4653.74041768206
0 0 1136.01789173969 0 1401.32923939514 0 735.444024117185 1429.14210695436 0
5507.84090130177 5836.82217456842 4658.64853262854 3019.99432236185 4880.99102719438 3678.52298030332 4910.88860078408 5215.66495727268 5236.32185800867
7237.7525507505 5586.22380005732 2257.49202768385 7003.36494363434 7698.42396014085 8336.50993188383 5212.94777020069 2758.99313931918 6564.11904288958
7831.03685989725 7400.49707275389 8099.28768029169 8287.8830510023 6549.8639836649 7618.23430612273 5412.6146985597 6805.09360396007 7279.13646672797
2481.20367480531 2501.56749588418 11721.7399622404 1269.98301741887 20326.0258124879 7410.0138644197 2757.05885812006 6480.26972068456 16222.180096151
47585.9351559192 31051.6800370129 42032.5220012527 39209.6575558996 34566.8875801271 48550.2304884851 22390.0136982562 25375.4806154965 36410.726028101
3283.16424952294 4790.6176564886 5136.47771336065 4215.93433431825 3222.07050998592 4613.2253852755 3466.94954896956 5218.21118202844 4759.73174831694
4551.00386957502 5957.50585533852 5823.46455820012 3635.39771171511 4497.44897042945 4969.70934131316 3727.61494137726 5578.47707900104 3246.98666626226
6614.83824095577 7496.45825484305 7441.30133026257 6733.42017055251 8345.51691320516 11613.5382010109 10730.3011088873 7200.63253700506 3543.44423049663
14908.8683982993 17741.9754975275 5341.31862710757 18358.5240840282 10299.2002155081 12404.6005970771 11426.3540247954 3450.18469315243 9339.80414891206
15574.6359776813 17981.5681376518 5081.69533950748 19054.270964674 10272.8336715085 12363.051867777 11420.0991916611 2687.54699359858 10006.7844815132
10225.7888860306 12919.827162709 5122.9989679248 11404.2062023206 7647.60510378517 9987.31949193952 8689.67684443025 2383.20713842447 5942.19201925477
2947.60509662287 3262.33998399364 2721.39321683178 1252.8782653464 1982.98965848948 1610.72821308888 3169.93649200887 2100.11589960848 3307.57208277713
8362.23526823716 9601.65034018801 2543.65468918662 10021.8394337667 5272.77987389064 6186.44623993706 5432.98563561424 965.771810869827 5388.02819290599
45715.9413751357 45291.0609580692 34879.9550419002 48747.076018178 42383.522499152 52495.7888001441 34688.9352503626 47229.8811957778 30517.5105719613
4227.82052128186 5512.38065164012 3570.15876242834 4941.57306004685 2628.7299337182 3090.51648823648 2249.0024438169 3400.51060016425 3358.08955715103
2599.93042709043 2817.17582968084 3012.86473507918 3302.17446275435 2919.25462162152 4628.94454936125 4787.23783035937 2817.31296437255 1620.23589919234
4698.78050004143 5020.95703654341 4257.08288184778 4662.06211274944 4606.01161988746 6114.75953336645 3967.77282634715 3547.56169612558 4808.32779105615
30314.9414737024 39948.6248087484 38824.1880163053 42116.8590454638 34323.7798271772 49593.4107885392 24819.9600351196 37739.8415792063 26128.8205719193
25960.758916216 26323.4551102628 21117.0059888914 22518.3491211788 27953.0802292731 25976.0799098531 16612.1636216305 27990.2590999428 15726.2910016606
6308.79418494696 4715.31333658869 3727.96651822291 6097.77824923445 5633.26096412594 6530.83403572965 4140.32732503216 5374.80146303265 3979.55601980632
10524.0720361826 13237.8718773591 12152.042345758 15437.5534400804 12773.7975267025 16635.9777033131 9517.53632795491 11370.6123462578 9568.501441295
3351.10081209753 3157.38332388983 2959.63367514466 3248.00350188743 2565.36192648163 1940.76875695078 3022.38840446595 2347.36052116826 3112.34906758642
33424.4561662233 36090.1709083908 31865.6591212591 86416.5891969109 34097.7530424974 43921.0344621903 36017.6578222593 33367.4092382897 21971.9459899757
24860.017273099 17768.9241204076 22466.3312744584 17544.1345766445 23229.579496753 21601.6672910202 11770.7025943302 17654.1803026011 15410.6287478682
56489.8575171371 58206.9651333714 43053.568323614 56227.454991325 48291.7229262884 59882.7083556479 43649.3003073954 60657.7930418882 42601.4241904179
22829.843983626 19723.1887540936 15943.5559195267 19663.6890629967 19515.1321250424 23258.9026439338 14786.3227335678 21203.6220877894 13050.7767676675
14299.0619961758 10041.641886262 17508.5079135835 9583.74662733634 8361.10981236983 13537.6268067691 27825.9988896377 14614.8916159509 149523.052050093
23283.6450007928 26611.8379032573 21834.7673948866 22571.7601678832 18905.2172255556 20149.7823349259 15167.4477135902 24992.0747888245 18648.8612769603
19886.3366479855 11880.6366610709 19024.6338052081 14222.7435190733 12921.2717947253 18912.8750510312 10361.6985615337 7493.31696440714 14480.1852269103
2475.68331707719 2524.35495060378 1699.71665595633 2208.2306800897 2051.61487828047 2897.9013759582 2236.58923508978 2336.47891597487 1540.72074522004
8926.18110641561 8058.52911474214 6806.90739007063 9338.99079285948 8935.61841548122 9094.94719482365 6045.82091996491 8541.84147436713 6311.80811820086
10876.3583111974 8300.96758809996 6380.48022445869 9051.7150484454 9145.58070871705 11129.9850863731 6856.91168218893 8944.77660208659 5439.36886146297
5120.39327933609 5189.02541852186 5359.78946104459 5387.89885840676 3515.16779581246 3410.78741342796 2409.02365374242 4539.01015029693 4487.91091799722
27984.6883005661 30096.5956669441 23966.7743124395 27723.27284004 27871.7633530199 40269.3373327053 31090.3812901625 26058.2397854213 20066.3468503623
9711.75346685308 11070.481108097 10566.5610447519 9082.28953317372 13440.3145705187 13762.0886669291 6705.65508913687 12999.6599524909 8902.8994490648
4816.23002372927 3860.75950576171 4162.18696764711 4927.35397703664 5387.78365825389 4846.508550975 2717.11754625397 4070.93776751146 3819.36115978048
696.955251112318 687.158149541459 664.131857361164 1142.96262596213 614.501099443683 1309.65533467265 1618.80354156155 982.077528055261 518.036479108829
11616.5084313594 13371.9347908059 13168.5816916409 10945.9406651374 15125.5879465886 20145.9046854371 18060.9346631002 12835.6010986763 5631.38960451505
6228.6169103039 7270.50008040206 7170.05877516105 6638.41181851841 7775.95410765014 11029.1313635445 9598.41129721788 6879.68410266073 3512.4020884972
9469.86172312532 4827.16535018733 8149.87352410628 6727.197040952 7296.09123988118 8135.70438462314 3276.97164057574 3546.61858280816 7793.4050274807
10771.7257409716 8305.13095293108 9524.19034895306 8384.66140536768 8177.49451673729 7961.68611479345 4387.88188433482 6384.36277740696 9638.62063020084
11296.995120385 4750.82109649534 6300.24241096214 6086.37809350657 5690.97712189853 7850.98193456552 3437.30025828466 9168.20676610831 4558.94565945466
3646.41631354296 1069.25516093642 1534.99587774947 1448.7454225069 1337.77639858356 1814.55733906932 585.615628307837 2752.28474656743 1136.85260387084
7414.14348623425 8700.21340144396 8624.39239524181 8300.82671651213 7771.43197947644 9586.53448903323 5630.92018735866 8788.28241303304 7305.45632257933
2425.76557814538 3107.79603083811 1299.14154709707 4930.36165468098 3826.52376426924 3960.63628223937 2587.66994811867 2506.12179994747 1875.1740903729
472.136428508033 255.888897379381 294.313798603571 470.811700846123 431.529375764981 575.286114885723 289.852184183421 287.755854742948 269.711357149429
355.383305624561 385.790858417517 408.472559717876 455.284412891544 411.43072713531 344.869726855106 342.714614117401 381.046422405412 475.178803158381
256.48686803409 423.727152495383 394.661455261206 429.063728834575 257.565400275669 427.30376103339 252.415857013953 366.183515890273 294.844406196103
0 289.922800640524 515.77700440645 0 0 0 422.742702776191 381.065730189051 0
1921.9716658937 2106.66546648315 1394.12840149447 3593.97340258182 2876.72408549294 3075.6961398721 1685.63276519281 1978.5868426693 1314.29507162024
3198.33730277071 2224.77804890421 3558.23704010524 4996.1777543326 3797.48957418165 3118.53537611152 3582.3722506229 2490.76375219636 2264.92384054433
406.050957731291 453.637909102164 433.628933215714 531.960696138186 490.516086308356 471.052221527452 332.996756504049 485.092115811811 466.507469880621
5024.93497973357 6266.92259269547 4883.92711097811 4388.77294650895 3970.41229665585 3713.78005604843 4247.90963313241 5102.7698721554 5667.5047641442
9292.58262782668 7012.34775150596 10986.623656642 16374.6729384758 10563.6897867996 10301.1735025733 4643.27178753916 9622.39504980147 6621.26986378198
7555.39539463268 7953.60915404528 5813.38926195458 8597.05891869256 7449.94294192984 8730.49751311079 7867.84383990335 7594.59968506804 5125.90713019619
8657.29121423414 9153.28186090418 6861.40090057188 10898.3118513533 10638.7824200315 8473.50661928683 7582.89905241694 8625.0093919023 7126.68483733046
5517.9568126362 3042.46058059138 4008.04466251371 4724.79336826355 5188.39971840203 4760.23672881255 1971.36330400586 3056.02390839003 4570.30073855296
31037.8156921931 22857.1619093165 12218.2193437339 31061.3978867532 33050.9592416895 33977.7675435216 24526.9155312075 11863.7287807199 28093.1043296411
83.6760663664745 98.8734176974345 90.4198564502666 87.4455364620839 93.0591526375073 107.243825017453 79.6220877725221 89.1200980430222 80.9796541062297
7841.286454774 11040.3984677558 6491.9582582743 8780.98025713597 4356.80182376398 5270.66669166207 4402.8835974219 6433.81054384701 6107.22388625945
12205.8813027941 9149.84827307812 9333.86134706245 11311.2685519899 10519.8639261564 12896.5622618022 7161.8288417396 9422.65372242389 8168.47695958786
11091.1196692981 14345.3934688387 9720.92359147105 13103.0878831895 8308.95954647593 8581.76821898215 7307.82699239521 10438.3444845718 9638.06628183172
16103.7913597639 17767.997404092 11822.9039835272 19976.968542077 14598.1825422231 13350.1380427435 12827.964442279 12675.0298006555 13849.4995777521
9381.07265856629 6172.94825748107 7406.08092881922 7400.88488138033 6831.3927271723 6684.42066349094 2324.44633511595 4086.69668526518 8141.87944864504
2483.16851401251 1369.94714953594 2247.53704171263 3207.23181677202 2767.15964968655 2113.96447102503 2393.52443836933 1752.16700640369 1855.89476678907
1567.62414068915 1349.18567997835 1608.55102065649 2324.97225849326 1700.51930980211 1492.4869721733 1045.2156231213 1577.39304070476 1309.73111051531
936.803292348459 1180.62972795467 1262.32963041121 1121.39678151685 949.954935632 1292.39444746888 790.230482254255 1140.46327973115 931.996111592897
31603.1033322433 17322.8345153475 34383.1078382137 47593.6893352616 37978.5712273839 24343.3590114497 38148.8407294959 22242.9401119079 23621.0863112198
1392.48724564878 1405.45884347242 1334.98676564832 1597.81079820549 1308.14545400639 2245.00085246801 2078.31935011552 1442.32587970442 880.096975379377
1138.90387821003 1303.29539214056 633.838753167096 2007.87590079253 1605.71056775274 1689.39367722318 966.527476854022 990.989881587179 835.742397880744
675.30325022572 605.411862562388 714.710474546162 1053.72758000099 933.04049113296 686.804217176497 430.748353969956 735.11186674971 666.076439837614
3377.87456284739 2275.66338515833 2746.50756853546 2983.09237411695 2467.7655900052 3222.95517648034 1663.30047684458 2917.94673209046 2464.99495759652
219.997231473694 270.101523261896 268.98742528555 239.767163479228 173.421170515252 185.720101813959 135.664880644107 264.403114055086 185.990771251517
1048.43276918428 629.13728320967 827.359003817483 1411.85583133894 1062.18019363306 961.587914166195 493.046159976232 810.4337132672 775.870846456992
2965.75724845751 785.414414635875 1301.18535172039 2764.61425366165 2760.95427341318 3408.24824188688 1390.31137450441 1605.43820353228 1613.7491025336
5532.92594568016 7265.11414081761 3748.76694295133 11385.6888911986 8766.03879661862 9737.54510122557 5896.35727479355 6453.46023897289 4104.7402170371
22222.1995284984 24211.2751102788 28904.7128591866 27661.3254580181 23934.8169407531 31170.6402194265 17480.8021847734 24561.8026464675 23777.1560519273
6442.31508198342 4836.37101541124 3848.21272821953 7640.03166436089 7178.41164732064 6427.8390163273 3981.69377063382 6221.92695861495 4569.3110319434
7690.51880317575 4295.81540179053 7871.06845340915 11068.1674497413 9059.04788781571 6310.04301534892 8348.17930345012 5746.62292329368 5704.35737283234
9507.1641320671 11124.8258383268 14463.6545022396 11165.3830154704 10187.9964464673 18238.0520047471 7119.46805256156 11160.6168600463 6771.5782786384
38517.9649640401 18584.3475302292 38187.1606212451 23322.6972885629 21826.1903164265 36474.3552871832 17329.5113270706 10246.9731031657 28877.3076308589
11293.1093352003 5629.05608664446 11177.1397875459 10446209.4804355 150458.036977252 16363.4829955058 4505.11288483068 35034.9630065092 9158.33166694233
7226.746366948 8389.38381035203 3503.06852487425 9370.44174446324 8239.73868405976 8215.78928658588 9812.95476817524 9221.98824193669 4074.68010238084
7002.86029305274 0 0 6254.79510621704 5396.4729355203 6860.77093522342 1418.16083669885 5249.32269643036 5116.17945440349
3326.02192268964 1561.50035074626 3877.9242905136 6212.25535783501 4283.71953270339 2813.16385176426 1167.70327658992 3699.93244082487 2628.03275981232
35083.5450449894 18961.3099429551 37975.8129699486 20607.5852962743 15216.1990752916 35024.682447791 19761.4408111908 8312.41926865285 23460.9486508357
3168.2302568915 4479.6218876232 2439.37859411389 7934.1512179029 6112.10114374177 7239.70104134996 3599.93708033996 4392.51788684846 2056.03718083254
5306.63117510963 8745.42205714474 2073.60015646878 19495.3292564978 14132.9298897029 16478.936351367 6684.42185101663 8560.66955684667 1990.25672057085
2594.04628235346 2828.25986659796 1514.94653147597 3017.64204105051 2805.76229704456 3156.8743995273 3347.43552999345 2949.03170199361 1424.32377816849
2946.21206664173 2322.50378002184 2312.35964803458 2977.25306591952 2787.21949875707 3063.91182631671 1992.177195846 2776.81530674009 2758.91746053945
575.498203987544 698.348841242974 600.131738718772 598.954540170491 452.751909189907 776.628572823114 500.349152427898 582.403410413526 613.579402207007
7887.01575852838 4306.64999525826 8314.56181979191 12528.6013417363 8956.40238164323 5778.02819805909 3281.10805800915 6867.7804102519 6717.85506831595
10068.2683077182 5580.79665423205 9792.1991488127 7761.80349220343 6936.34935328881 9713.88254458527 5231.50987058637 4400.58805900246 7400.09521639635
372.178931408789 350.934714912298 218.735017257672 399.637594853855 402.843699691176 424.076411822071 313.063674323366 213.709870353487 350.924170729328
1783.54912813991 1525.10145987988 1004.7918276146 2070.77529498004 2000.7087980632 2094.30794609564 1467.72721274254 1006.57806001933 1525.2223795138
3559.15316301184 2537.10832259529 3265.03057492587 5313.82311608561 3683.7366134597 2871.30064662706 1586.95487655001 2822.19915256941 2787.03033304321
3557.62855289082 4015.02253660516 3508.71119728765 4982.03113924328 3617.30232552178 5142.89120507187 2798.92166349255 3542.82874114179 2423.7376251575
381.178771086063 385.731166518576 337.811734346208 298.135300258158 517.697439723235 333.809480871872 187.365850167871 437.855158400463 207.227050712235
1373.93608842219 1087.30912362206 977.492821419486 0 0 1450.25183847814 218.277749152041 905.681460790966 1198.46735474387
12342.4932666509 12837.9990858776 9387.95519406649 13021.8599936681 11490.3140202344 13841.3338730652 9585.09592067865 12332.2178047499 7994.18547239069
1936.60942086781 1947.98864409842 1194.33540493099 2291.38158514465 1507.16503771892 1690.96525267357 1157.39526626561 983.013253701655 1339.40953686791
3166.03253741714 1789.59028408512 2980.21884595688 2278.45488162023 2197.37423111457 2823.03697844157 1049.9482283911 1290.21249294301 2709.45234022978
9805.40641066735 11532.9828818009 6862.78147957774 12267.7078207276 10254.0705773454 12334.0566449155 8194.65655456166 8518.28471427893 8516.59430224867
3610.199409365 2853.59793581796 2745.61028149861 3016.4614987231 2877.01904280063 3914.64584694426 2012.11334175157 2847.67884698099 2245.11225808629
846.59659318357 1137.57796283051 887.61799271348 1118.90288223314 547.743755822548 1170.10950028117 552.379187804087 796.633054465164 735.784430961604
13327.4451480793 10264.6928741286 9394.68844385866 9666.59472932887 9713.18750517236 11719.6023358189 9122.72617753621 12079.33293456 10744.829998703
9783.23928889574 7988.72860505948 33077.6423327613 6961.49966972799 10396.1086644562 12348.7478117723 9245.83398310637 491893.306598247 5676.06170076378
22734.2898575797 10352.1392689911 22820.9336887899 12945.1463183013 11586.3272968012 20645.3713831186 9488.87891154959 5151.16936562378 16820.2332757826
560.430260118545 608.983821862319 572.470292358732 727.608554658155 610.620311375883 627.550222550539 414.742990688278 544.758837612491 559.529322391623
13872.1696742914 11306.4784756319 8526.81258323917 16577.1470291032 12211.9755061586 12785.739049748 8322.79711342093 8838.71304289267 9706.12904955709
5871.03104306332 3170.83834357794 6174.71624860505 8691.56825928355 6825.97595921528 4826.27593743451 6289.84486973863 4336.32578902256 4279.5786655803
22141.5005870877 16891.4048851906 10607.5599041593 17625.2394229173 19557.4909498387 22814.8929185222 16047.7118616031 8109.29718647566 20209.1893475895
10043.4319735822 8180.36721580939 5947.04407596658 12177.7911146236 10687.2432646556 11302.6656434838 7773.1396910445 5851.74230855799 8101.50372948813
6326.82335382141 5414.42812857954 2231.41386656495 7520.10666613813 7619.47535082247 8160.39850614802 5047.00706340835 3375.96682602139 5402.12643684473
1207.80241636384 853.970588354445 727.024851379871 831.476855841612 955.295617553819 1247.45618681022 718.461141576006 841.590123215747 531.496279304341
1329.47660562387 1618.68506542856 1294.02850077686 1492.65053763801 994.380760512906 1726.41755296883 890.121138823792 1198.09295846782 913.041034078532
1078.54167813054 915.627602993139 590.561945490736 962.064988152515 1046.35234717947 1133.04921508356 799.299310676893 622.770374739852 870.946327329763
19977.3815079593 7138.56218504975 5012.26545315195 6813.64196039996 7089.42756374818 9122.69959797644 5210.27571958017 9867.84127648007 3541.33300512446
2924.84066557614 1309.68424222138 2095.28889713492 1755.46883137985 2598.65669627198 2323.2893448824 693.529339827745 1223.01697276936 2407.25354352016
28630.4549501593 34236.7357430216 27415.5554160821 32776.246531526 27924.739282207 41818.689386542 31626.9320553806 31512.8283762821 17879.379321392
537.223023582481 462.04895545892 637.358225900723 798.063023913632 611.736984964085 442.657937601125 702.491743727848 379.351516061176 440.402080868275
1554.89017021999 1337.4968586793 1634.73739295615 2129.48134752063 1717.19787289452 1480.37200426244 1701.22982684572 1321.82750588489 1159.92314704198
1406.97752852302 1582.1165073081 1189.30133138694 1531.61932511764 1005.40467364389 877.58588007465 983.537529060415 1051.32430863345 1282.196402904
734.383517737297 695.21315938895 451.299828622045 1124.69352238463 1032.47152305873 1019.53598829613 606.742618874542 708.113330561244 491.28439109149
18346.9452767216 22776.4005522831 16746.7588481168 22656.8525670994 20492.163588312 28855.855905484 19297.3652066489 18265.6617726083 13047.3656447878
2705.46749098885 3154.94878992208 3589.10215977858 3798.84503116546 3407.19469882161 5212.7937133985 2495.23328659633 2767.07642610048 1952.31360380949
883.441933133064 797.628374253291 706.669745120055 627.690824903177 645.610745339797 836.53890447492 564.630543055904 682.003448763043 514.802136259288
10466.4721069559 8014.34927636896 7790.30708117274 12608.0148044627 10201.6819136754 8403.63698485066 9735.23992506205 5808.04564289964 8416.31291001475
1644.94926892474 1899.41513578009 1052.80107658017 2236.06731585747 1207.05107245214 1757.88459048462 1836.4604116686 1098.27819847682 1116.73285303174
9667.2196498969 10374.1002939455 9368.05050504536 10226.6099081567 11634.458712996 12323.2974300874 9167.14402096726 8972.73511910865 5548.15032222046
8121.67991551144 13091.2381018975 2969.38688485063 30061.1988335599 22049.9706753416 25411.8255940368 10467.8927110893 13388.4467653212 2691.29384051877
24760.6980687758 29792.9103171842 22132.4693368751 12600.1715293137 16739.2479587182 10427.7787118115 28657.2898007093 20955.7617288776 33385.1296415354
3451.93177623204 4169.74988486906 4282.38159087281 3461.87879309004 4461.6909894 6750.25168121138 6270.738576102 3840.83779360457 1697.71005509168
2076.928471505 2618.82061442943 1905.34150849661 2196.01897336791 1736.06198930753 1873.77158176321 1651.12453275487 1911.34562794219 1980.47864703954
3239.9480019066 2987.98698469409 1523.52018866261 341020.153995808 5670.58605657936 5817.75656138352 289917.940209147 8002.91135540105 1819.33354291599
610.873575951072 709.20577281326 576.566381197868 705.516622367478 489.623017049432 836.677776429706 516.798635173086 573.882691578119 415.560914009809
4350.63693874282 5197.56935485664 4020.01268297176 4442.55066777354 3288.02569637286 5605.63485845193 2835.71491863436 4052.61465763655 2813.67569520101
6785.99530928313 5856.26805239554 5473.74430905573 6788.27912410975 4723.41255425053 5544.98876373858 3969.06038291351 3451.75241479214 5116.69677012164
15722.1683951012 14837.2806260329 7250.23754584513 13014.0887037165 16119.9632368084 14021.7632913919 14173.3919874777 11698.322159272 13126.9897582516
2743.1750008377 2098.5038252201 2134.11763640193 3313.60124155757 3140.51721185421 2719.40446813967 1475.69112933985 2537.10269663103 2283.38610114988
20024.7625024924 24316.0797898489 11098.6157577717 35842.7586542873 30242.6355523448 31633.5522896949 21489.2772637299 20099.8113458487 15951.6403362391
2824.5106780664 3312.16570112208 1916.4713104505 5376.58506397575 4377.89856313495 4711.59810711283 3022.13439219242 3087.71854108462 2005.45138079447
12578.9237476612 10787.0967998393 8982.87009579407 13907.6709193254 9959.47875462978 9662.69767769055 5570.66387547941 6372.56989133489 9969.75471440469
230.658615259192 266.618010965757 245.068864226943 249.498593055447 291.313003330507 352.766513434805 279.383971880542 255.570474426529 169.116149230208
1599.14305114097 1845.02635162989 1688.77638285177 1592.34321304701 1105.34452815658 1348.22249808943 917.13247752413 1675.15477983946 1231.71726723215
2674.3163309102 2201.48241014946 2138.76301393802 2929.65886575062 2747.65785793608 2697.21941869774 1660.32718639181 2180.85920275716 2114.46650358184
2231.58131437211 2327.3925481884 1921.46872927325 2099.58793602232 1398.46093123156 1515.23538827755 1478.28403462503 1393.44141876448 1895.2832907253
1131.91704216525 1211.67830262736 890.022478055359 1261.57680188668 1167.21296061824 1241.08889003231 1017.19328837388 1199.19933699146 745.646785539826
1971.63808115457 2289.06013045512 1723.00144561598 2402.11479965343 1663.84933476941 2379.42398903359 1503.7352139194 1657.9468811204 1528.04798658385
86.1601849736893 106.577779573901 87.7074495351395 109.34879714689 81.9525166278124 111.535958304695 70.3772330453279 84.8014531463648 89.2340444822175
3126.36283394711 2333.96631025952 2804.16258794228 4010.91867583898 3296.89344849097 3204.1601349015 2787.81576943789 2744.42443372628 2252.93428276633
679.283146672122 668.522494896009 738.39907546592 567.359276153752 405.484750970225 599.930079109964 343.79631488815 573.766991102822 544.420546027565
278.952216174949 264.293789041291 226.157755223927 282.644730690742 266.433762700414 292.78926529459 223.588432641049 217.705370961305 290.659548442258
3474.98210725657 3836.12745905878 3292.42821086921 2947.61952065573 4676.7921143808 3994.01223656237 2638.04957669994 3642.99515186034 1746.47656078475
14162.8795796191 24161.8721572932 30321.5191242465 25555.2775708507 20437.1237536272 38959.4165686552 14293.1992485271 20914.9987187985 12231.5051998075
1391.0258417942 1164.77405961039 1478.97563931586 2106.89216573045 1513.99391252782 1357.73794418716 866.737086357895 1416.55502560443 1058.6305650157
99.134203003527 131.219048740866 131.645506366011 174.444428501758 124.126267508385 120.320785213972 100.875853905694 117.328120988758 109.436037320748
11254.0179823556 9890.67517140974 10493.8632817099 12279.3788487082 12103.0483952893 11444.4853907919 6799.62782089902 11864.7654683392 13027.491045272
6055.91939253596 7293.10426759801 6599.38286640828 7294.56110485912 6368.00562517636 10537.9319492055 7786.61554967826 6655.76270651781 3925.7383306329
18281.5284105025 14816.5253781605 12792.8711241351 13604.2696261862 15543.634981388 19029.8817009453 11214.19592502 11069.5024485924 12653.0347293511
1343.55007030356 1031.57362722424 739.989735373052 1442.01562181618 1392.64176916686 1445.59318102599 910.150049432019 1078.03549847292 933.106732139264
401.148286496406 383.726672192645 315.545116349831 286.186859541488 418.846346523687 384.204414054827 268.293932050033 368.92934770152 193.183289627012
17990.3799685913 16381.5640884006 12835.0086376734 18523.4669906944 17941.9532696358 20489.4157615936 14604.2684793133 12532.6784090432 15693.8669555955
6440.1706061176 5274.3607760555 2758.15529417144 7344.91655457464 7486.92719485824 8218.6898871673 4863.14351937333 3325.35583229579 5302.22559117152
0 0 1290.60222776628 0 1063.15849649332 0 0 0 0
1500.60635214828 1531.11219164817 1214.82633510784 1841.96649490725 1194.08334050532 1166.00296023885 1099.02088571294 1040.12353884159 1102.25170129824
25189.8540639682 28120.7496546693 22826.7371777859 15990.3437070866 38347.3875773505 24850.5710528182 17063.5857582528 32104.3904769172 9699.66242192909
198.726929643139 218.552122944895 230.791457205113 210.48333737776 243.158820195278 238.262590359955 164.506308633517 231.512882517935 186.371553650057
19505.0663427833 27217.4753563245 33175.3274489282 23209.7710003115 22909.7209506832 39389.6792751673 19099.9653299712 25885.5250799134 19393.8094376002
35872.2583362162 22112.9211573076 29867.8133827972 41097.958892688 34456.215338929 58416.2536898334 21689.5873814932 24514.0197261659 20803.093534075
13977.9723736245 16652.6809814544 20062.7037994985 15474.402033956 11663.8464029508 20227.2881555265 10175.6117595925 19382.4326670371 14458.1004272099
14175.8178602156 17170.600800297 17874.9196792436 8557.32155392821 8901.89845208331 12046.2117846441 12539.7368198272 20784.2571355669 19705.2207244884
4851.39543992908 6692.89392150349 0 6886.06152430096 3007.21913372051 7976.21089923283 0 0 3401.13069210967
2785.29299034467 3452.71602044086 1864.2972252647 4898.2627691253 4139.22154543324 4533.53467343675 3281.77264016644 3162.30022228884 1952.86144599008
28751.9203010794 25926.0162369261 23369.5223347093 28424.9101839199 23258.4614184652 26088.6897536914 19174.7041803017 17462.2102067144 24591.5451812437
13253.2452905766 6813.90275929422 12519.5237688482 18132.1047677634 15302.6629497408 10502.0257129315 13811.8742351403 8936.54201164251 9830.13560526436
3006.43880207118 1380.53191501036 2940.62288973628 1771.02203924778 1696.68106793944 2655.52364204441 1139.84451140472 791.865549087287 2324.94533878117
7533.40207342931 8073.98192349364 7263.43778511826 8593.94689267143 7672.29695451486 9600.58878234051 10555.9279608407 6358.4698804311 5853.83076403946
160.965952571509 147.733187690853 159.843848654908 203.253835310804 190.423432954504 189.007485873502 95.334477228444 147.14572967212 139.635996680949
560.284888954208 515.806835509958 372.233560342264 503.671591015485 662.543805692013 505.253006975059 362.277917565573 553.341384939919 356.192142309067
1256.93596450548 1225.96716259993 939.597611558807 1067.42719414381 1452.87589750434 1122.27511992325 727.667580238529 1277.77973645286 773.55464303486
6462.90791803136 5917.21355909464 4892.82125113828 7753.86901328868 6162.61428929283 4907.5089095878 4828.40886170131 4760.51493308905 6115.23255589165
10169.9479432438 8985.49998802504 10164.7197773589 8080.64651808568 11716.0204111271 13348.2253433441 10396.026210298 9088.52270747205 5871.56634203657
20585.2380840016 18019.6852146941 16626.6815650333 18797.5204091182 14459.5117907954 16866.2204892441 9528.58741170656 10111.9001532521 16130.6609470812
711.491655748216 613.552245992955 636.171937470781 821.133971189558 804.154420177376 719.126260364064 429.678443140378 655.653097026674 636.565222674911
2516.908790412 2590.33751371204 2398.73774570353 2515.75191940836 1805.22718967105 1570.54430885459 1579.03984135259 2061.65310108356 2310.06251490422
759.076058091511 488.300920598733 908.117893848316 1207.23536131803 913.018851879665 566.351927249634 989.626511109642 557.086950722144 583.459308318088
23691.7266937423 12401.85044233 25899.9739938157 36173.602966888 28547.2767463157 17611.3932040043 28374.0810757444 16658.5593966975 17670.3457879665
3491.76982609682 3515.93721984051 3134.78106991763 3217.99614078567 2697.1898543254 3212.87089897798 2800.22960701746 3021.86159029297 3015.09376890637
2672.9479648908 3139.68537823675 3019.33288777381 2732.99387641828 1992.63129255515 2262.70895999768 1398.92350136673 3245.31575743684 2237.15863541159
2956.34426273133 3450.56285477252 1814.67676408279 5272.93771992368 4460.92215571217 4926.12515801399 2807.92757796315 2982.50834292928 2132.90684565434
659.045804644494 474.054018543224 664.56457511649 524.615644279445 555.478898326146 481.884410934183 199.380501427924 479.377006296548 662.038558454895
3794.77794556691 3982.81855958598 2578.35729483097 4541.74744795902 4098.83894378906 4151.35294085787 3970.79365217567 4023.6280492822 2527.4017577647
8434.16206808217 8821.837935234 4130.11199336403 10212.0631337644 8719.68829906713 9757.57907904657 9202.27846263665 9378.28141212077 4743.13374207912
44320.6022845684 19089.3044709151 40117.0836413682 27081.6460162586 29138.8714380986 38991.3596958885 15084.5106886414 11787.9856786052 35755.0311607441
12224.1185105431 7175.58187996442 12008.1273420314 9554.94725818789 9578.38515341827 10623.6901752833 4544.73937638545 6507.59635178576 10810.3289398696
328.810274924496 341.482823221343 357.535279469771 366.319958569704 431.672119848757 420.941839433509 277.550039974066 312.634704309648 228.634678229331
8159.27837561722 3266.82582240918 3992.30138867475 7306.91966691725 6655.83507278274 11071.0675587344 4321.21172589343 3715.52821531736 3754.42490676248
16755.9790473345 16588.1781040151 12518.0821562988 13432.9946187267 24103.710320902 15346.3710033352 14848.1879010089 23126.6494062461 7564.0736347024
3213.76916701491 24381.6382940593 2455.63521285851 1938.239584708 5153.49235825783 21325.3118078459 1278.25832115072 4421.16676279234 1589.48287922754
32660.8495020317 35131.7762930154 29119.6922732988 26126.2701743226 46778.878631699 38679.5495965446 34547.7185493363 41802.2285046085 14338.0871974145
45022.666870719 51146.8457104989 47294.5645064279 30906.2033171656 63600.2599043238 58817.6520301616 46488.7418503701 53452.9992993471 19483.8672442047
30906.4824760692 32859.652468555 25666.5540611135 17820.9578687293 48186.6633989366 24781.0663890142 15917.298164857 40299.7129059399 11684.2914810459
8501.46319166629 9396.35609078458 7842.35954568791 4960.88842203349 11084.2562901133 7584.99725681619 0 8585.34344697362 5239.16017113951
3402.52417871666 1386.1478687223 2626.2872659226 2357.59165841014 2950.75402974991 2823.12115659994 824.185732453342 1259.19361397778 3049.55855112916
1657.69078770613 1482.53254528822 1840.07800405008 1997.99504008092 1882.79982755378 3003.41054445031 1246.61312976805 1417.55157373009 1108.0734253023
453.751436724607 220.104715875593 182.588403045175 424.773032368727 358.271509370847 498.527561033547 281.456196988422 264.082482341877 233.824300769972
5534.9055060727 4124.38091880425 4670.05157706036 6824.9409421298 6394.52254966354 6466.53995800417 4780.10633393489 4293.3645138017 4826.68129056863
6775.55997042488 10497.5532627751 10498.3830367108 12103.8389538907 9928.19456561422 14998.1805295017 7476.15820465778 9041.55818044435 7906.85784236885
5614.925825272 2657.02878423087 2682.78492689378 5522.99964759816 5786.49045661741 5536.32164182923 3185.2457189395 3162.12027972651 4372.17423398925
23294.9432307006 8996.16637155385 13917.6587730562 25816.7803757964 25509.0626307626 21832.1321882072 13781.5940507286 15620.8105732894 16852.4248312068
2965.12728451789 1820.26882141483 1949.98025861318 3230.1581379173 3137.75094751507 2904.85472329337 2405.5475461924 1805.21865944212 2302.88611358936
2265.18068668718 2270.41491093036 1415.9140339212 2633.34377337345 2481.55137620093 2692.56766992648 2559.43501321733 2350.39126804584 1355.86110231937
439.043716905914 214.479437504808 150.236892091959 405.542140132521 355.966900005946 453.8340450549 266.281048759828 285.817427781536 224.693012531445
12752.0626312931 4722.49354630971 5293.29524426173 11190.9120797618 0 12967.592929248 4508.20615367598 0 0
38239.0450156764 41713.2462181884 43606.9701932136 50943.5139998402 45811.4274319688 59863.3025951054 31689.8355664571 44265.8802130026 31372.8671723965
2483.8025866212 1710.90746826806 37987.9924243803 4493.19551405537 93045.6494490913 2357.97314628398 2706.64664111922 858.902915033231 2366.76150485174
483.255959230988 316.894462110652 221.0491049369 465.868742011429 437.825090919478 521.918881130197 325.911656415011 342.154778736587 295.110008429796
23237.3964733877 18165.7874382849 20378.7346152747 29334.3922631896 23052.4282931483 28857.5750858186 24527.4127074148 19632.3893330034 17913.6041297604
1390.59608474213 7981.62309936729 19929.5259958259 654.437533163387 1035.4508837205 36314.2286716268 343.692570420819 3983.76945990554 567.965184572364
1474.1046420224 1261.61947965355 921.032101318921 1534.61941045234 1641.7399059136 1629.73178797638 1185.19287235426 979.838286383006 1229.87080996563
1001.43252700539 1038.59270732371 1151.53173032328 812.204741112994 1057.44398427106 1339.5205010335 904.563284275452 735.330126259867 598.119619718316
52728.6740581929 49760.4372707777 42359.275738083 44457.7045983126 36484.4619065724 56442.1887656838 28978.2259000093 40988.1423230656 30645.2226828006
6536.21972962902 1250.25981738537 1117.05453532708 5075.2850443762 3833.25687786023 6739.91232795455 2562.81484831185 2228.48271403271 2825.7367428682
26650.5270601708 23534.7642635159 30172.6566570002 22830.814663721 20851.3853977536 33366.306480274 24645.6924720479 17647.0434494843 19079.8831740456
33534.2549173942 36610.1083408594 29542.8306172234 36972.1326776981 31248.6147183988 40965.7439390769 27312.3447190254 35274.8257785217 24651.5532386728
3596.83506609754 3730.39843716325 3171.02185438709 2770.27077761578 3600.88028457454 4168.51357233403 2630.80712944379 3572.38463913931 1941.30599760382
320.631521183369 279.766863425177 251.196669000215 260.550395791776 367.354175841749 265.506823748145 171.306065264812 301.350196984978 188.209862727542
5949.27707068462 7431.14431968212 7048.58594167119 7790.46903883651 7821.75416361694 12370.398199027 10817.7142226408 6757.43602137755 3197.46847112121
775.207490482787 757.077735331922 884.781559626621 755.730829636982 567.786198524082 928.140099009807 534.781494121081 576.427854783482 630.425603042755
271.127754787101 388.400143256362 531.114958144256 510.584599999007 459.357710385192 781.914310032452 271.489180983522 285.866202097374 152.011251372055
2186.63142582621 2354.81500636398 2697.06966375914 2693.86565521258 2750.57938444709 3838.18373255781 1931.74294545573 1912.16697883975 1489.35657806943
28796.446144862 9765.20562127442 4526.31124671965 4284.97411828057 4147.46092853746 19983.4621727015 2968.6322080928 3572.9782794009 2053.17196217312
501.135368947255 811.083214129628 1122.34145194129 910.350115990178 886.092366944423 1577.29929814833 567.581277350676 605.245367324447 402.457581983125
351.839399992276 318.191719729828 325.358608453374 418.912826258703 383.17173365147 326.721848330165 221.672545366408 346.402821076423 306.634174900175
26562.9012529273 31752.4896928619 29109.1249982896 24046.917558415 23152.8120387551 33160.0670789956 23334.3666250013 33339.5362794121 20725.0083043731
1324.48443433853 1607.82989350315 1862.05871506813 1732.46236835 1195.21756050014 2089.65169386745 869.729310526527 1728.37324873484 1062.21225732004
488.306362371331 492.955731134821 535.680286978182 526.999897436781 430.61378435009 646.685533053044 352.644879069481 526.346929527029 336.848091193109
5571.60245134129 8889.62193394454 10548.9150521531 9169.96095893429 7110.34304082383 12558.7550168773 5450.22910802764 8317.46276653621 5521.26479368752
5234.92482370927 10958.3889535355 12551.919704003 10965.4011939323 7382.05201538844 13735.1435401559 6228.75118810657 9798.99147210456 7005.02195264062
10918.9397411451 10344.5926905833 11083.4917122651 9600.52378740631 9391.77879918232 11259.6393949422 9518.35674906903 11666.9116796144 9386.16733123748
12223.8275214742 12120.5623541458 14469.2540700411 12703.5066339274 9540.73832205604 16333.431061722 7532.81055279195 14507.7619956377 9203.07213201319
565.062009236156 560.729052374333 487.113637066529 542.851556276215 585.304469679658 579.245764886309 431.729222245555 492.028765546193 590.3102898968
16790.4774103529 9270.74780672488 14963.5646445519 13343.5141325436 12419.3932485937 13599.712063263 6094.43416263216 6720.13755251173 13886.2071050129
4356.25405529997 3120.31719883967 3318.57166398871 3755.56645945332 3281.09722485384 4165.07334290695 3057.2031557817 3501.20768893308 3349.60500952663
5482.48715333939 5457.22154058948 5970.85481056941 6835.66596233392 6427.39774441936 6870.6268263723 3663.69394124687 6217.10998482787 4980.74402168195
39083.7357627058 15094.0713705649 32844.5663017266 24158.4574133811 27895.3809660382 32164.8037192808 9909.99871358714 10163.2331681573 33138.4273704942
21656.7340351286 23568.8084840127 19439.9419797487 27171.0924567683 21505.3517022787 24672.528867996 20775.1805980164 23085.2481826484 16263.1550267525
33391.801837148 34607.31063461 26683.7408867719 34363.1658330835 28852.2094520052 39007.3303713601 24790.8748105907 34619.6706288056 21760.0053813664
3910.32296939776 4840.05395200173 3479.1397933261 4276.38209936753 2750.81817453947 5172.42661613923 2618.58968297994 3647.8070271847 2534.37577476581
463.577529575484 542.025585337709 544.164779007641 561.34731315823 607.036815312062 649.72881880748 482.487390918304 508.841373908886 432.721817020632
3097.9931507737 3403.99183437767 2434.67973931461 4419.45988025194 3593.13775933508 3463.88461291869 2927.12282106886 2874.08094269826 2806.69941146339
2063.76279686347 1534.61623380393 1896.05268973887 1200.11457137795 1231.70481622508 1471.08965330347 1334.7130355219 964.844791110777 1911.67015528933
761.974993598244 685.405976775636 730.936880892476 846.933792792913 900.374628117016 749.594963449527 427.861965097255 734.415915002695 636.179739008311
9390.27285116682 8308.27704221465 8586.98808978357 8317.10606775872 6908.47170489904 8798.72429993085 7267.43887742355 5703.78979707715 8134.02818132936
4460.9931080098 4537.7289775913 3454.98608084105 3603.38870529781 3889.68420516312 4296.70734154796 2949.98288485957 4711.28205566081 2707.14744625387
685.865461784822 570.097301422703 612.130889406416 778.081017308623 666.717110807299 771.11424945515 487.608960945063 568.320294652161 584.178449130009
1496.70312028004 1378.84475977438 1045.17421674574 1643.66235752376 1580.1005747898 1982.90566665231 1606.53022993123 1338.34868248543 1036.2443292237
4483.24526731665 4473.04329533069 3032.66178154724 2386.18530200163 7101.40566186773 2174.58573082649 1061.2339838626 6173.3400598938 1722.85448510933
1458.1432357001 1279.41754338995 1274.14219625208 1660.99324370004 1623.12023393107 1476.07213641592 827.451692737257 1350.90087605455 1138.22621948944
14282.0034460534 14993.1240348476 9797.91215558922 15833.2051024422 16158.8641183226 18635.434613781 13667.3207688819 10926.1365868281 10999.8622976456
20483.1302033859 20909.5598531815 14039.0392296441 25507.4864853818 20514.0174317985 21506.6348647331 16810.6928199737 14703.9391376596 17634.3673120295
3943.49997570295 1995.02162497314 2420.67562995266 3913.72831574814 3689.77288659612 6324.05385657894 2396.84625668355 1911.79557632635 1713.55275139454
59783.8917713693 63573.8098132541 56335.0410224758 66011.3349592408 66069.1970621536 88957.1689824957 52042.5729495239 58325.1548470972 36039.3497833118
3019.29160113812 2416.48305686932 2708.25359835417 3618.16241734946 2936.59244699175 2643.64745976719 2612.63485102223 2258.49723038213 2400.07731220737
18077.2589109729 22397.0369308558 21123.6313288199 15555.6618400664 15802.6270535937 19935.5875607878 18900.4654962914 17889.3202625605 15297.4792456789
4686.35124183148 6098.88250759097 4718.85395965808 4384.92038786289 3971.30358544071 5630.34057556019 3958.29129678472 5360.72080810176 3468.91205012892
314.406384795585 290.387982952258 256.890976522668 297.57322492416 331.774349933624 332.795254583867 233.839753195816 292.846073000414 276.979564454847
893.158696448198 937.982959751913 413.933816577235 1667.18485394929 1386.93167352987 1563.39965967471 753.022061323425 808.04059650726 607.664971204232
6424.46409944297 5831.65696295207 5312.64815390415 6098.86167799376 7763.48796997472 5458.24706437398 3599.28386380858 6607.25389201346 3878.44670203609
1425.11885712678 1107.66384630164 1018.68792541358 1220.83916140328 1427.94962844724 1218.53462140918 688.732797427117 1182.90949745138 819.60422285938
297.026216148354 134.12691134128 231.995848797684 212.427498082494 256.955929889515 242.696041535207 74.7821186548893 125.134225317388 265.401132327022
10506.0365049374 11698.3560533555 8859.80831684113 11537.8875508245 10159.0202196143 12157.6301682843 9065.97308484771 11389.6537743069 7813.98907122449
261.128966200751 280.385094899075 224.968064319479 332.359023417115 211.576914738831 349.440863534746 171.02998522232 204.766155984948 206.167666264903
287.89293866199 267.928320622527 217.378534721108 304.50135046387 227.991568088452 357.2961211359 184.103572792686 253.086653056027 159.186876972867
5612.62720358278 3371.82440951123 4215.40498888069 6590.66919724714 6092.73674232313 5516.01121333407 4953.31136168505 3789.37102462454 4183.27719715959
1349.04168594818 900.849671515088 1753.21508344419 2604.81053576122 1648.22672354412 1025.56580461942 583.220747117001 1666.76042398926 1147.89380765062
622.562849311127 611.969700441188 444.569162675838 421.329533170674 930.82898324331 381.084359275964 220.159193896656 794.315984441292 274.231061075282
228.802111476177 251.827200252293 271.123586930612 278.679489668302 304.020540700164 302.732864346706 185.769819093413 249.620994582765 211.270917102074
718.55422315814 918.40927963775 473.752191826024 1093.76439160395 967.335164844498 956.51072091293 830.653094155012 743.90472668444 645.222574247431
1928.09492965984 1687.25019803091 1553.80196236126 2061.15422561356 2039.80099741985 2359.10388518876 1911.78198025135 1639.24691163438 1463.31273497017
2058.61049650109 2845.94973254488 834.034046170696 6100.77160169196 4610.06237838818 5192.11362973355 2412.94939320566 2618.73907976745 1063.20622852052
981.066586962124 837.493827869905 881.63439468654 915.303615044154 1013.32190851191 1268.17281967648 1025.01451346867 812.202231422619 514.955242288857
19578.6248842257 18754.7457885112 7409.03449912609 22216.0648389462 14175.7099519991 15516.9834968735 12009.1774209609 4400.1758716741 13142.9490516829
6435.67770527023 5920.49501424722 4333.74007993983 8805.70466486876 7589.99774616671 8678.40643512513 4378.84783908632 4656.22241322665 4701.2521197135
44874.1031213749 32942.9157199142 47381.4151154124 70485.6990770348 48491.8813245861 39640.1944067281 17928.7891655128 49688.2206502126 34331.7419642878
28364.9411120977 31246.8252678134 20245.4907098274 40639.1273363424 32429.3766287696 33593.1037880836 26319.5075886584 22350.259657679 24663.8124273585
562.837385647751 514.958770513504 443.56958095193 493.60213408082 658.599096245498 484.208969063977 338.116695605019 565.237725046324 375.329734494815
13722.6671748681 17596.315518886 18942.7596179252 12977.9340114726 18055.0206470248 29798.81924686 26475.7764046291 14161.6793371817 6380.81500209146
5013.34649486321 3323.34005409401 5699.41823521554 7476.29621373986 5903.15879632925 3996.54137962698 6184.94519708536 3580.22087359964 3847.78106703496
3285.81242229187 2626.96105317612 3072.04354858753 4503.23047540496 3752.53566303189 3297.04671117097 3640.59945008554 2074.82762206653 2763.23030938647
20623.5861011155 28346.9791011901 23020.1398868859 17028.711211537 12126.3408073515 12064.026490833 14809.7078222531 23383.7833340929 21730.1401687424
4633.24889535483 2485.26927709406 3757.15277452089 3836.50857029813 3567.82490970151 3922.76074441779 1709.64878483229 1900.84776372811 3689.67912845312
3098.94824034392 3080.65420830471 1518.27877135764 4618.89242696177 4067.63394000632 4655.86184634462 2498.36808045178 2256.46772012042 2476.54423130697
13716.3023068187 9164.78599560293 9524.14281966493 16059.4179839127 14509.4321524974 13233.6896257244 12051.6847866012 9312.29305543417 10463.6406252194
11872.2638160345 11901.2590758983 8071.28653030516 6266.2547219132 18917.4294389213 5737.4783946641 2745.88438962862 16437.5463366612 4568.44012801271
627.79717409862 868.738270338481 732.469908771971 851.651925054501 639.850008946304 1028.01477818855 556.64057211263 697.27287700013 422.446076639707
56903.4663628087 56557.2497354723 37400.990936919 69404.0320032329 55964.7721340593 53967.4297179035 39530.1219475215 40098.1968076043 50950.605538726
4856.74705583306 5136.52191221241 6091.48977288096 4889.70704247631 5172.66614912467 7602.96019348558 3706.05428788833 5083.14434572243 3759.02198809498
2517.38169372519 3044.94833924084 1635.58869113792 4070.31008416994 3434.93473287207 3446.33823850619 2739.19329888541 2536.38276628279 2110.48322106136
2232.09120380762 2346.1369914662 2329.18099618621 2624.02883369005 2515.63705082971 3207.49056789071 3054.04943376408 2481.60379076308 1791.8734377218
16405.74388132 19434.4050432142 25119.2267619767 19753.3557735002 16283.2564689448 28574.7092917689 12626.5464307628 21101.3097850302 14833.0538247859
1539.11013275886 1550.63522549018 1064.49794311022 1604.99147826534 1387.43666149647 1378.23400204736 1206.88042110557 1215.31583160198 1293.01728147851
1102.37317575684 1231.99378357654 1105.8034675125 1122.75714570253 1364.04716529438 1590.35741139425 1229.52574848971 1100.88595276025 772.993718568782
561.54602482703 732.787166794862 720.35660619942 663.675279205311 406.067351384557 560.345211823097 327.421245535037 644.626480356306 511.271485063382
4600.83136998497 3986.96284605692 4201.50012019348 3402.99354016717 3169.87000457205 4142.70080193164 3160.81847739066 2824.43937374761 3859.13885115874
312.367670880193 195.53715957431 294.546204978065 391.527146182856 344.95824912505 278.347094394014 299.919254700248 265.986651599033 278.071242708503
289.318555899353 247.574717760713 251.54970113206 339.764472240201 334.911662350241 276.653901833541 170.66733561711 278.594554205385 233.644336634461
6367.35142279464 7051.07189242488 6546.57425607268 6222.33514718834 8018.42392087985 8488.73097907036 5776.94584897228 6608.18625833494 4259.07219259435
8133.76649773976 9155.52446627071 7230.02701543202 10330.2135212378 7035.38654819755 7254.05168056516 4890.77567350014 7404.95396225859 6675.36704598549
8963.44698512838 5230.13892918275 4535.71138359959 7564.49464655568 8515.03885447558 8493.1058918764 4547.17519546417 3674.32771125023 7828.2042737245
249.150786435968 228.389392505494 231.216250827876 302.677885813768 297.253255533123 247.542549229131 132.723296326675 264.91026376038 243.173592964811
1204.58468383157 398.696192428226 770.614621628239 1385.37467407297 1328.30391427892 1051.78667378993 839.336585262049 837.892164582655 819.563984638396
1268.91756537065 736.23847553329 699.707419147671 1229.09426533406 1090.58537764943 1391.59165045875 849.422059969813 738.117298805579 733.471679851886
1799.72519333246 1344.8839589275 620.298489544874 1652.42643984743 1907.50782828679 2071.16886626519 1255.38355220857 636.029968331269 1668.75784035617
5952.0621838457 4569.63437467371 5116.56423832901 7934.47743153143 6574.54627495675 5574.67620758115 6107.14432718095 4257.02228125198 4846.62353772798
12950.4669474231 15418.9909387925 14143.9216207505 12613.8310111819 16008.5161840301 21356.9560522071 18880.3900341641 14578.1352213387 7102.29646074558
4470.92087650371 3821.43103068724 2707.79080025921 4331.87406208163 4751.55035347757 5149.42547105654 3175.68971620768 3239.51146108228 3330.43759159767
6363.03123478513 7994.96736527054 5159.06045504908 8100.97489808772 6687.50624949031 7112.35422866693 5243.15747528741 6686.68186758389 5929.52083406205
13098.028597884 10280.7315702063 6680.72262617123 13951.1157185615 13584.8949923116 14340.8358726212 11813.4657363847 6610.88515590817 12025.012512526
1223.59858671133 897.035287876874 494.640284401191 975.381921000015 1141.56304032893 1160.59702859198 872.853862315686 485.10478670401 1154.17380494047
1668.99825688389 1657.3101590135 1000.26249306041 1828.86691191898 1781.88955064135 1760.79399461317 1568.45066260665 1198.35175864284 1620.74524185318
670.825725463606 438.166192654921 747.999559284267 1060.27791747177 798.631674225776 569.043089255888 631.322955192962 587.176935216722 522.816679498685
12607.0197648511 12708.1687280198 7834.0826108996 12917.781466672 12698.2252643216 13732.4272908623 11984.2882983866 13207.2366914934 6877.60290117446
654.255051752022 609.826720059778 506.517339285745 590.430824569713 767.576972838793 631.617771486387 437.336028866304 618.975427023629 456.494964434023
11249.2533373639 10953.8606111844 8696.20940621206 10466.4683809607 11436.7071761375 12022.112099884 7841.7594767901 10622.1300881947 6987.30351272988
268.965748753128 249.55477194863 271.291975589791 275.735494915477 257.826739858276 275.142457600443 179.220047365143 231.260940391619 233.369246688332
3510.90496709862 3744.72302422413 2244.20469727963 4267.1156252468 3845.40141179083 3922.99567184871 3768.772789239 3851.28447060465 2380.00252256598
1640.86184037408 971.804620048628 1439.2386624913 1225.79677755569 1228.20979393455 1306.27793796962 462.259575303951 796.476082963296 1436.07718887444
93.6707468785283 96.787223113191 74.4552581965356 112.091993167759 89.2005671675264 110.646645424814 86.4787847589823 60.276434003926 90.5903176941117
2692.72067183801 2556.94569937066 1894.36668508706 2508.55555805526 2970.84076820166 2441.78801409658 1295.07017610468 2493.91539149576 1845.81255883532
1498.3832163925 1438.25202749899 684.312816462827 2755.46164711022 2338.44249961029 2491.30040382527 1409.82539864084 1195.69791721994 1041.3978847624
19875.308447318 20487.3254773902 17157.771407923 19947.7048219205 17066.8628719342 21499.6934277668 14347.7381663256 20318.3459696893 13403.9767177526
525.612428912652 462.098865638675 404.628229848791 623.025387743899 561.340216167373 539.893105342591 468.745131209662 355.242616662949 493.621291840211
3089.83578667675 1587.03611936746 3131.88168712318 1885.69775011878 1593.84819053822 2890.6524836915 1550.78157954265 797.402483879295 2261.51499557693
17480.9564783474 12573.4775236823 14919.8552281893 21821.8986597747 15437.8149725099 12648.7892391767 7892.38708318368 10300.5047318878 14280.4774852527
1374.37483275683 1329.73988131705 1245.17288268291 1856.89603810812 1719.06231602133 1547.82304412577 861.898607303024 1464.6230637828 1209.26142910601
3975.62381736462 4099.46905041207 3888.42624972945 4564.420201335 3929.30793793651 5045.37552671818 3056.74869444936 4479.04945863979 2937.84403708019
3932.7765372745 4207.06190054668 3245.8737888162 4608.3382366548 4100.63231622405 5160.8860557207 3460.68409691098 3281.76899085282 3511.90991977912
6074.42508727996 4477.41885142258 5482.42262038488 9003.87894499056 9068.33337570983 4981.72749704868 1718.53405922435 7262.46386837197 6335.8685415392
5500.69970651578 6449.63970819923 6170.66097671504 4552.71230368463 7586.51258717278 8430.23641101729 7005.0617181816 6171.29872508923 2639.36727191424
3828.48741212423 2309.90528705272 3901.63841611243 6213.16686201379 4696.65103843482 3619.40026555331 1906.41977505719 4206.87166776206 3172.82886872966
481.683861556614 452.292949412046 311.942772430455 564.053996620315 389.493763425558 435.866926994071 351.897572915604 264.451527213156 342.963184532514
25010.6103408944 36417.2112598506 43836.6811622815 37073.9624897987 30577.4526438267 52797.442971601 23135.3168588606 34968.6050662536 24026.5943071278
25025.8355312233 11152.6794585014 24239.9273440684 35409.3481944972 29210.7324788641 18983.8191387228 26446.8679660527 17276.0939071337 18095.0363924159
2434.89120941616 2652.20666871021 2939.5462233501 2951.52894420857 2714.99975420567 3679.42162502336 2237.6450410515 2368.43346120815 2150.57322784414
2659.44103293752 2988.0436673623 2833.882406804 3002.54660455236 3202.7877804684 4005.38102377852 3224.09153311012 2862.73314721703 1809.63288575544
1849.24353530414 2275.8140731647 2729.51052505337 2576.77443131551 2235.09983603487 3879.93875876329 1487.69660451365 1983.26401624307 1133.71870348593
15096.7938256452 14651.9220568505 15432.5414339097 13634.9831332418 14356.4406003679 18105.7578973896 10246.3416325957 14238.128521802 10948.8886186766
5014.06712385976 3534.53615428405 4986.6600325202 4148.08786502971 3834.16801721157 4047.56279059329 2054.65861279815 3287.26437707134 4461.8545672217
20819.6582670054 21444.6429978426 18261.5366965985 20308.1212569954 20921.5243949155 27582.9098143169 19190.3344568588 21754.0028449887 11118.8600736902
346.226766714419 357.812698088101 348.645319439832 446.050762284645 474.553250666264 447.070499532664 308.695982744518 398.241746887971 286.016242987657
13993.1176265901 16662.2911468104 15120.3351472357 16421.8087111822 14182.0244796556 19535.8943877184 12188.2700571826 16870.3264162103 11052.4116944108
6763.08909392311 7220.42311463068 5261.00105075904 9565.23736751024 8166.48024614381 6221.73299346485 4147.45358608738 6863.34169981773 4714.47573727856
1130.1788843579 745.753813511062 1292.86818377525 1684.10203332146 1342.29940902297 954.436476709524 1289.22744607935 864.138906444806 873.304859453993
1251.12022367983 1643.68872270759 1796.96492999734 0 1079.76427993119 1684.55496661469 0 1495.51339426768 0
987.946056372148 1028.65197708991 863.690806565361 818.857583762983 744.650858998203 1032.73113050906 654.480432297448 953.290718815419 571.374144244253
13309.9081850755 16104.8944612413 13720.3915545372 13889.8081433752 12875.0550281958 20488.7606358579 14862.9064652394 12754.5622102821 8706.59369066383
5590.52686721462 5245.51007530347 4818.31089416737 4672.74254864761 5940.4038761574 4176.39514792346 2281.58987505072 5138.11517764713 3611.61346732893
6518.0942408275 3901.11463674432 5967.6897208121 4712.83537512224 4287.270248851 5274.09950098182 2631.49191643185 2523.34941819414 5418.45078458279
1425.98385053421 1209.13473771872 1047.25028223981 1129.60053685159 1214.46645510629 1462.37847664533 852.271583545966 1137.50186433611 796.672710361305
684.389063903835 666.064945786714 586.825719989368 678.767896050325 821.021026296106 636.822719276675 459.583018983266 700.989349813722 435.915679682625
2663.29040830429 2628.98819524924 2866.17120379339 2489.9824274984 1754.84419258265 2131.09848915915 1361.79525134458 2376.11594420243 2228.29780906486
1412.37621913183 1505.96195095938 686.583478497063 2280.6330169678 1975.0249023383 2131.79210187262 1265.67188494964 1126.55400957674 1098.63142579651
16089.706079088 10405.2539364984 8350.40571745873 12955.245681432 15438.5436659311 15209.6903847003 9186.58710748268 8627.76129286239 12520.9604816093
5950.96108558025 2974.29321872203 4406.62117796456 7136.71638476332 6720.37610371408 5019.75469600639 5369.07747834783 3599.41073586283 4606.00040563379
13209.367957919 10794.3413440526 8401.92809797262 11382.6376735689 12113.9335671584 11299.4688911441 11164.1217489522 7343.28842636153 12717.34513742
17024.2630172071 20647.1446428906 13110.4758952502 19010.9488156278 13670.9327081019 12944.5780674378 13136.2951100805 12942.1448171926 13588.0562960176
2134.8785510412 1891.00360722323 1674.72455392892 1765.10910757262 1836.33060882414 2135.09894343245 1458.75999974148 1847.98244621325 1256.26594830629
10309.9715708481 12375.2480666219 8819.860384404 10806.6438230169 9411.46317346926 12612.5544363164 8244.66546337652 10307.2892949084 6609.58162032045
0 1487.03389604583 0 1688.34239333089 1990.05949894848 1742.71188925906 0 777.878077517479 967.026249035541
1312.16543484838 792.404031066432 937.906326221635 1312.95945464829 1026.06952059132 1422.65487904267 785.705503316937 842.393812004667 824.349891901667
16404.9099804479 8094.18390096422 14308.8185897186 11624.7212682854 12746.1865126216 14894.7416431054 6197.32147124442 5959.53467749205 13883.747979049
2114.48901999904 1745.30683060133 1708.93319027245 2535.63124101299 2454.19987709336 2034.01526912046 1214.13663503058 2093.67632534792 1761.85173092899
12648.3674182872 15684.779885654 10604.2553720843 14043.4963729177 13324.4792134862 11870.7019361057 14907.5178632281 12245.6490242518 14394.3710609588
275.722782984953 452.681521474456 476.869185921482 600.33243933682 340.567012316047 640.164799608606 216.638164433389 385.139729825648 154.643698615837
40464.5780895074 27931.151584927 30187.3587473022 37626.6166190073 36861.5768152 38427.7967869197 25807.0304379153 21047.2834386598 33618.5824098376
567.167569637099 593.779075795227 410.196635847498 665.567673261634 424.087867513033 489.647465185703 426.632871662858 304.756114820469 433.913720369762
2401.72949151983 2396.69238385317 2312.81622977179 2917.58066965478 2335.49338518932 2295.00617960774 1334.17855795271 2539.64293269246 2050.56463125137
43422.1164448683 54089.579582821 41841.7841504083 52321.5770236256 44960.1171165581 61832.4220097879 46993.2025903627 48481.0777444105 36824.4690336604
470.509544520681 444.485769179236 442.497791670918 552.673132155589 540.803465513341 479.896713028543 291.380825247012 476.624921877539 458.638447254256
12923.23488756 16936.3891336036 109869.473223238 44319.9974496947 3004.1793140257 2953.34802770304 28326.072089932 2373.46002334491 16294.4578964847
598.664181719369 759.415304411775 662.957491800007 799.875743624678 505.653824812865 756.167215617124 536.87099870891 597.101100402099 476.11548218969
7897.15340353874 7867.82566065975 6194.6248842205 8703.48097838373 7696.47821618778 9169.62057347916 6383.76048406863 8638.42661571294 5720.60329982937
10710.892042808 7712.85860257355 11332.1702391123 7588.80475091753 6219.36918742641 9104.08893263553 4599.15450479568 5945.29974833941 8635.85375449221
17025.0031217166 17788.8364392763 13384.5072926826 15172.1160201884 20919.6030929508 20116.3464304387 16810.6965865982 18049.4718400835 9660.36605354006
6731.50161661039 6862.39170714943 4943.30913762793 7316.36499812054 6756.67123911828 6992.57914907393 5448.97266944082 7552.43853374537 4752.37017729493
9581.46552834456 9657.56650971842 8240.36700977925 10022.1402617159 10065.2728098516 10560.0527171611 7008.57181431453 9940.95078692255 7118.38735141424
465.489159763782 200.225585499002 190.89096437467 446.451516570827 348.105512070558 507.117907705702 260.241010252845 255.581064576959 256.821082822161
14374.9274567208 15369.5276154146 13798.0859857371 17054.3412222044 15380.5029993629 16943.7283044679 11330.6677721482 16352.2723556119 12050.7463577728
12650.3400351745 8869.95179023037 10852.8625475421 9824.39818930948 9122.78769490187 12676.1834035325 7757.80683093743 8014.34489833304 8444.63192661397
5752.06816696028 5833.40754573276 4764.67131857247 7550.62319432515 4517.30518236435 4674.35323971085 3417.15346886813 3905.66769220286 4230.30746162684
146.47606260459 150.810795661197 153.121685215415 158.760435302809 155.785709121352 203.935908056515 187.874600055502 149.427155864259 131.471908496079
1141.27400957206 604.714045592627 1041.23022379421 1623.6405077722 1331.41732342728 937.284303775236 870.168775273226 898.285896923095 862.289407928188
17022.380602511 14385.6389315598 16075.0538034736 17293.4225258805 12668.6035353656 12983.1110901637 7152.44950822132 11498.8168730873 14218.2554244524
8804.58385484264 5708.13822902334 12564.2275528016 6869.54675046962 5769.99855155609 7897.98541264394 5124.78929666798 3223.94908296513 7034.69195868698
911.745487562189 968.845105729164 612.307124752102 1047.14673762022 1018.8356127623 1005.51445370108 968.588661085327 979.631547645619 544.985343936337
2323.67419332023 1237.49891738159 2067.24080308479 1691.29627260088 1828.20788350362 2184.64249692681 913.98960210168 970.741681958412 1862.48879672699
2685.67189968773 2493.48575218306 1388.68219237401 2578.99695822261 2891.12642813632 3075.78197362944 2113.90283558193 1740.67097541869 2240.51080219706
196.442829982291 154.222379001173 84.2761054252409 168.867148684368 188.602163150707 204.859949535665 138.739219124752 83.8710030165881 182.108107943648
4807.53867614184 0 3934.92752862991 0 2808.62926316253 681.837450887169 1586.8452790016 1094.77425779872 1977.95258090918
5163.29134734588 5579.31045245931 5093.27802406002 4349.47894213727 6046.96370707704 6993.10863750364 4397.02872514264 4603.13492914448 3171.22475903716
2701.96010139932 2546.25103531264 1841.91964375919 1679.52055241474 3931.62041866848 1621.97361608778 874.217107604441 3407.67808827744 1229.72598006578
4975.47538698768 5922.41484570451 6910.57939884251 4023.51766177641 5770.6106966943 9528.92311716005 7360.45127541052 3960.22254589224 2301.27293072541
15025.2447962125 14467.9853930417 11995.1747224845 15005.7316291891 14392.2075316788 16556.5250705358 11637.8530437564 15415.4462263598 10036.422599345
255.705181177855 256.357739041489 242.986820452186 324.038772051501 283.448548530117 253.290570980982 175.081958574764 249.450310073863 284.431406440738
4627.00753189063 2988.56240188124 2986.07301235869 4734.88538176443 4634.82775026305 4019.697708686 2859.46807684302 2246.5943300926 4122.47017436546
4628.17518629778 4419.83380791456 3926.32759412927 4464.57428120744 5300.87282375603 4248.70653916693 2634.44847555914 4787.05755985531 3013.11931721788
2625.65681222464 3012.7117383865 1520.44826458745 3309.75882797321 3006.26469380577 2876.10466756044 3568.77135718656 3265.72000313539 1474.92561019607
7417.1248687147 6240.1348884028 7976.84559249985 9654.95734726397 8778.5709794992 9088.842867595 9729.50186583788 6348.42671891153 5203.57672020025
457.524246101838 584.487502616594 255.547904849648 1070.64623097672 827.630205587442 876.93249485469 466.435677692546 532.616843736198 285.806693341514
489.655571733289 326.34439475104 501.514892839842 653.9367872797 541.793341943512 411.17757084051 516.662105908763 352.500695322538 356.240889475954
349.691140105387 369.667619351093 309.292453633397 411.494836265047 358.307714825128 459.99083804157 320.941796154341 311.080609642247 311.762191245012
7424.17066908194 7716.50587667919 8332.49937633813 8871.88251008636 7482.13650405278 11303.4496492236 5665.74063794256 7504.4713476757 5157.67713006157
11743.9357528789 14143.4204201779 9399.70247989996 12226.9485711482 9404.80615839202 14240.7599990876 9899.80185857614 12164.717766861 7411.71046879795
5163.86886077575 4217.8980867777 3850.22743840631 8772.78719875385 4674.70553158613 9677.50788229911 13309.7849475031 7264.42061875409 3872.10487717104
1776.79305881052 496.457095786572 313.439636680888 892.859233252804 423.408804691849 673.228964424191 1104.23918726483 359.220797811706 1226.2386718559
464.754542886375 483.865389334859 472.424201206899 444.198069758852 343.11243845761 539.616641221894 282.283749843541 414.679688183146 246.060420685929
1348.44770732573 1223.2361704601 1084.10206786489 1190.81287076411 1587.33249848458 1141.51310797324 770.669642112474 1321.26038928226 908.860614497601
13375.8666323683 12967.1373569341 12009.3213703763 14080.9771961839 11069.3787005576 12806.0280224001 10225.0281558811 10233.5224573449 11023.053608075
1865.3752215783 1764.80459058927 1997.60880440267 1209.4845859322 1057.02493165428 1494.36302247325 1299.30424984965 1235.00986365725 1684.60705113507
5183.36847018773 4671.38489799015 4825.17799386967 5016.26732326516 3844.17877354414 4731.35886091923 3361.4037531074 3369.71133320161 4293.55350904176
2233.62667821115 2135.79159851538 1774.43768630491 2000.88313186887 2528.2516404563 2682.02079032269 1905.7846922172 2158.2514165779 1379.74211073759
2348.25839447164 1746.22492826589 1663.0303595615 2288.9284023954 1837.77268960838 1818.82646159347 990.341870101377 940.465733673946 1898.04437207064
27617.552414152 13166.4815991574 25222.210539176 20169.7989037607 18803.0982902429 26834.3887758872 11960.9315833985 9067.83881457417 20531.5828032204
1737.77869807108 2300.35759816769 717.897320352478 4655.82147254644 3591.4684432367 4026.31483224179 1892.89478798156 2166.28773006087 889.42215162666
2031.13717565198 1521.9807983588 1750.87163587342 2170.0041952542 2080.23474910009 1683.49424969123 672.628121058122 1594.16866237106 1900.067962864
3668.13329700908 4058.40264971583 3789.40089418432 3357.04389337284 4482.07349485704 4501.54276632045 2857.67087808297 3497.93524509773 2456.66518771902
4660.24440254149 4719.57895202307 3265.65053110968 2415.24587330512 7442.037881355 2401.58228747851 1136.804295792 6375.29728749926 1759.65499877342
8677.12253594077 5132.27780705457 6113.45812281806 8153.18843778246 8072.7334657055 8411.39932835543 4020.51801689283 5839.84603053723 6153.79800475116
2157.54961447039 1808.16858432394 2279.9689211354 3462.16248361571 3126.78574424087 4081.7456901443 1515.65615196751 1861.61171409886 1185.55022140541
1990.43721202493 1117.15723056419 1623.20097846095 1671.9201229511 1259.29413483447 2001.13821432427 1204.6981370975 972.015551449919 1243.73049496917
38063.1637489564 18696.9936720149 36574.9345465125 53706.1069338894 44467.77059272 30522.4909389597 40869.2574090789 26738.0399096761 27660.7216309961
66202.2186820241 62046.8960955694 45290.9435579542 66271.8114479667 59807.7939843055 70180.8474159745 46533.1592224359 65107.0787710356 40313.2681650048
1164.11178794363 1004.70396920508 1017.9673627724 1111.13092952056 1271.01246581183 1496.15335549881 1056.48596883994 872.940647713148 650.319814233952
6667.68902038602 7373.4149619174 5169.38250665849 6071.77521014487 5195.45376499244 8017.36968505138 5546.98238895666 6330.16987875128 4685.02021977166
475.876021340435 386.749698605932 308.94633939885 360.602721325532 319.212439936598 446.051042104137 280.621684022583 404.794515411358 222.70618577209
2575.66920501904 2456.27003662138 1693.22012335429 2262.12164291988 2096.61568559738 2884.60358878916 2059.19055668182 2279.29549454165 1255.16666455111
1970.57127624154 1882.94745897527 1387.82219301607 1738.42582588982 1655.65657473943 2169.24179353936 1437.31397552986 1731.4829026692 1032.84024636689
3955.62711475566 3448.27347950645 3082.69112091313 4482.41197149376 4475.07251606709 3831.83070972277 2255.75945544017 4035.86338043194 2948.25519964328
1722.12932614654 1608.72586331875 1226.33084241053 1845.88326303948 1700.49695506381 1814.55692596365 1180.01636526562 1687.33274563156 1097.33302941098
3583.12445406939 3308.41284958567 2662.06233178686 3931.34976879842 3856.94198461181 3815.18374409322 2344.27747075997 3550.29916059393 2492.60955151253
50162.0892773469 54498.8371819166 42174.0685672791 57900.6630327394 50655.6420852499 57711.2691000236 37976.4887169024 55980.0891041783 36676.7602705207
10383.5767897512 21062.1793413631 25068.8984047408 15616.6323556001 13402.0602748938 22132.1666871876 14853.6276593906 21189.1798151717 21030.4049286311
5679.187921891 6757.25515287802 3571.58478037032 11599.582286493 9349.39676440902 9858.75912829938 5985.32702757123 6495.38109367756 4192.85944867867
9002.49707152118 10355.441984382 6652.73477412669 11384.655692434 6170.37028202292 6256.65097327965 4699.06782865874 5766.91991008372 6636.24166770468
1222.15977040252 1246.72796077714 636.839264240049 2058.50833024664 1764.09654876217 1993.06841642257 1123.21918349102 983.505788392749 891.905917582107
12468.0946570662 14066.08052446 10795.2592626993 15476.6380677549 13120.4019813568 15714.0773179519 14400.0666519483 13437.2323960422 7900.30181425803
540.05315335051 505.949963965149 706.9552748116 129992.435154159 16266.1131412238 807.100848875678 7524.78572425656 13016.8477783509 672.067608401685
881.215760878521 725.090196740588 430.355410059338 906.539017461785 948.127306071209 1033.43188691629 669.250240120697 516.094414185646 735.188344585289
368.522603553777 396.390376428846 243.397356965695 419.629537114998 431.238413829565 380.777119179323 367.331140358312 411.943293357302 233.267673820993
2811.41938124137 3429.72674261626 3830.97819086654 4352.38038434224 2722.69227580846 4132.058379122 2203.20826669529 3097.1036130152 2209.64626842512
3400.70185956118 4468.99343686977 4363.94612059481 4828.3444316421 3557.09240962458 6214.12898875135 2849.9274783915 3433.06873671381 2341.82097036409
1690.38993544239 1542.45551385481 1713.43172905135 2392.78926589939 2329.40287990195 1617.35812050994 947.584542439525 2025.02959991909 1767.17438237457
3690.03153076847 4586.72568314152 3399.51697940681 4638.66284730018 3307.37288929103 4554.64579222443 2599.39459147242 4037.36042365341 3002.88190550987
1671.71805355737 1866.80678411902 1738.70869810725 2065.11846601934 2007.17133169538 2284.81874794984 1850.21598384013 1897.38349954279 1512.3872803435
262.525687416778 258.921388986823 195.499161358932 187.817357789617 368.159717569951 186.208543183028 124.333305403499 323.153542994672 136.059829767987
314.810504273986 306.698603649812 243.405483876177 203.648664351807 242.597624475739 211.469165239894 282.088748669095 220.774990883728 315.299255257559
2044.374495604 2312.96341224269 1935.41634896095 2012.97358642566 1534.3168405195 2327.50833226695 1640.5777697503 1967.89730623902 1393.51983275128
1702.21895076475 1841.28595524459 1529.88647300963 2422.08657568621 1890.34813013048 1556.91841351038 1511.58739569894 1692.00052424098 1656.04999092625
7541.68026361559 11855.2323374781 4383.31668665033 21031.8709404983 15745.1277045684 17514.0272730267 9535.53801125394 11155.368046455 5137.54004578097
1044.11089705706 1432.97904329474 574.548687620563 2745.2467362276 2097.56117666457 2373.85656670193 1149.25443629609 1359.40118957045 582.980279602032
24809.9476767106 94626.4876181303 5490.39067565764 4111.41725081425 4303.91380219539 7325.82772854958 5743.34771535519 4517.55764926357 14022.4658425767
613.541188009438 706.610001788673 668.073692163398 564.768021148119 426.630651393292 422.557976515898 220.354655552323 669.232071804018 535.39728900531
575.90242825385 628.31985676413 475.4019932843 596.531601653346 473.906563344599 656.213802005595 431.869714523855 494.179942841391 441.686343968112
14665.556095386 18255.5139822464 12926.274569263 18562.2985846909 13945.9788086019 19704.6022179974 13211.9270375129 17288.0392201408 9458.54444422749
1208.51354599896 1433.75043218723 1121.80105411219 1493.25446378456 1478.58243752072 1606.56017903413 801.681095448847 1373.86725927012 768.198245238432
2720.630967619 2212.10158195826 1967.86535005913 2690.44318781765 2670.59682697973 2735.40285478803 2144.73478418248 2228.25187972311 2108.60355901077
724.280612744337 499.047196064068 616.532845243234 560.611680639196 609.223845163381 818.398745547575 400.362110098913 377.746857160255 481.975616668909
12177.3259459658 10230.4390486447 8453.16358835311 9240.31425850144 10267.3809399353 11114.1836973422 7820.8842174187 10742.6652988849 6386.29699107513
354.511198036796 430.695450237068 372.305766740096 475.733637746646 328.727170457204 527.359265989011 342.625663041625 355.916935700767 296.332824049111
5420.20715191208 3874.38199294393 1402.14610286199 4167.21164232356 5197.471108217 5594.46254187082 3707.36551220586 1367.54764152087 5197.62364893574
806.497003353753 988.389555577554 810.974969991354 904.219192678455 670.086426193378 1020.02732703283 647.442385332704 773.649634754039 678.560741415025
1109.16113230543 948.362501080985 832.661146259489 1274.31177120076 1076.04287699919 1112.31509277049 893.065217155414 793.831174499365 858.440556542893
1648.66226312554 1441.87016097097 1458.36258192747 1947.4330127273 1808.56974827758 2361.38562977249 1685.51236227233 1621.86937039352 1122.53700427853
595.254898099832 855.470777747417 656.716999652101 867.625139376544 557.407652289931 826.655972879883 521.410949511666 659.045176545362 548.617250053081
446.062406542952 448.039473305049 505.192040385135 470.014777893954 429.893510942445 425.118792010008 375.709450520075 400.344838956814 506.435183184681
