413.153189820574 404.319446506163 307.030508634192 614.499162642109 299.062516040608 564.473222264205 705.350283088346 460.465962002207 316.160166747384
791.970240480313 784.094762560117 580.594870646731 700.174672766265 969.004001020155 585.660000320788 388.754683466258 806.219004553769 441.495267376721
5974.92901683704 6433.46435957045 4927.75486002265 7201.63517152145 6089.267741588 7430.58649055957 4364.68504327395 5843.08529004434 4395.45728595722
1468.44509744301 852.127031768438 1529.49855234074 933.960587653646 747.680325304694 1429.26332315784 791.902256570188 461.310400530671 1052.31424559274
29195.3907502861 30033.2930585689 24402.2891885051 37745.9039565087 24885.0317167732 23680.2373927605 15065.7715614179 20825.1896662375 21767.2199277853
2528.33219343846 2600.64957175042 2568.26049750021 2718.46679551463 2705.12300633114 3809.54525738057 3342.6619613103 2368.4075559064 1706.22343629574
15026.9881033363 10627.3875232891 17316.1186912982 14199.8497490165 10169.7340002648 12996.9650378038 7071.5830792879 10714.4956915863 11668.1429166586
1226.6240865841 994.041156702718 1247.08795866813 1663.8602436798 1393.84206491558 1220.16886221077 1341.17076909389 973.796425476875 935.606681496887
10674.0300408775 9726.07939642848 12115.393732774 13252.1601717012 11666.0675880212 11900.8013613754 11414.199578779 8903.47045892921 9552.40947709823
20516.3519296145 25632.0646921776 20811.6520272828 22235.0852365029 15389.7437159527 15257.5479987466 15465.3332307349 21277.6028778898 19386.3851874391
11383.5540865003 8796.36111215922 9718.7381205549 7931.43267658735 10601.4904560452 13601.7469798569 7350.42366033838 6722.43280028348 6114.9673569104
2774.47326207747 3580.81387723057 891.726168776438 3439.68512173184 1689.93616423859 2134.3409970803 1986.56780348355 607.17390756982 1806.7298351682
6633.4867047134 7249.47568212524 5982.09178827773 7923.6303599915 8184.34252202472 9049.97017563039 7598.16820002881 5745.7807112532 5294.86159029036
2725.46696473134 2703.39346490142 2027.46705675016 1997.90021430996 3788.36080560275 2063.06810418762 1334.60407969072 3258.26739013521 1402.47965401892
549.598878065093 456.881252882661 370.150430369761 509.668160487582 594.726874450485 510.527508601059 359.6437786403 527.614164612887 306.04286442185
3686.97548003831 4850.77541060884 3063.92809664843 4889.19815571233 3691.87568566981 5239.64901061966 3602.23343788783 3264.2176230972 3161.564685104
10701.283658217 8448.76581144144 8617.0625537532 11030.3893345639 10085.8819310448 12172.9685135902 7198.88288359231 6078.90358452306 9169.5587298894
15612.0996428597 17181.7227428268 19707.5351107353 16357.5468929344 17200.944514039 23655.4424932441 13092.2699137 16226.9221318573 12854.1325999822
16627.7519340024 12232.7895433883 16879.7306842801 11583.0422995028 10094.6598939693 16998.7540961321 10282.8879287216 8794.15496949646 11398.9117721414
1120.15549096117 643.367379551183 1249.10475989259 783.0776857348 713.55323777089 1361.07548494245 649.440208514728 332.582366816567 735.535112021582
13754.6354486171 12005.4557343036 10488.11070894 24483.7008199439 18215.5965784536 19687.5444184791 10202.5083214048 11778.6101670249 9154.56516584856
4029.19761619151 1783.92120698707 3080.25204364977 2891.92181642904 3397.09371521324 3035.28016911166 727.093584505574 1481.37551139527 3698.53910965181
1633.54243941219 1384.02651346857 1830.36918134147 1285.5753629223 971.315484927788 1381.89847967925 1057.2282489808 1066.17664034567 1319.32931648823
1149.97731381252 1350.50913449508 1135.65206044424 698.843205137992 809.307347698305 571.893775671971 1188.09243500473 1033.14613470305 1486.79188777899
1837.07682921139 2237.28859567383 1831.69623217273 1005.30742620971 1100.39732087299 838.436311928309 1564.82314367274 1782.85275093725 2129.26499019022
6014.84308602053 10002.791209259 6578.195347622 9572.22104595464 6058.37634105287 10294.3592063487 5657.30458182426 6936.83895123897 4823.14564737567
4757.17100946701 4023.77755714259 4784.97848708783 6135.06992897025 4915.68346013054 4756.12112156144 4059.05379490265 3770.11683778661 3577.28859532046
231.735346617125 225.037778838797 196.894835747787 212.075558571573 273.238724930866 208.688751762397 154.883088126514 236.317966452742 162.491751164721
1939.52056669745 1351.6524653312 1807.68768354969 2346.54423080554 1942.08582970845 1853.39926323954 1459.72383764193 1561.04743595958 1397.08041202845
4725.82056637319 5237.83146266701 4815.51080265565 6280.16707897302 4384.73668618458 7962.02325276058 6974.30811276651 5351.37584274574 3559.24154373782
6816.05844446311 8888.21592559886 9356.14311720052 5753.63373652701 9188.46560485085 14615.4303258576 12204.0787398919 6136.75597579438 3112.60549943563
542.076920453589 521.051478108713 535.81032478119 721.365095552515 698.347866060806 536.227790352429 360.419241409876 596.803504531987 600.392969161898
15628.5185655667 18928.53063546 14174.5588191659 16225.7948572149 12719.8681313551 18990.4805675556 11942.5805197465 16548.951402932 11399.7400589572
35279.7411073531 22969.6959684078 21908.7900263476 36517.0185256654 34938.2986712297 38010.7022346818 21170.1521145759 18008.7146229195 28547.5213172662
1979.73076228703 1809.73395979413 1713.04390601239 2249.35885643703 1934.37759238825 2424.48025212724 2131.72991927878 1726.59830631288 1374.4179785341
1170.19900844557 1171.6108275407 1053.23130583868 1307.89629260492 1140.85510643035 1531.51955574228 1208.82609346509 1109.62433022487 788.027616288985
299.964000985998 408.132033543158 365.229765241138 408.201763218606 277.061795948855 379.52215898909 291.711493563427 334.052123812053 343.227847472506
4524.39784177461 3081.22740519606 5161.42901053419 7283.85748033806 5704.63076683529 3748.8308692617 1900.61925784893 4918.24107485879 3336.63993798347
23024.6885500727 10758.8621425613 15830.3869336036 17975.8551107502 20759.1754882665 21648.5232953571 8663.93044062191 10968.8705299294 18433.1578913344
2079.06577403963 2948.60450151447 3217.25041080065 1415.23734589983 2917.99973720957 4509.05040637123 3320.00361970568 1862.0344694438 707.247982118963
7008.04468461212 5037.78623054243 6385.61542478885 8490.23776233111 7040.36036135094 6152.66691285256 6081.71588720866 4844.23938812409 5530.0200914602
1970.63590583793 1644.98033746136 2014.95986361054 2758.61978433452 2144.44752866348 2029.43306445902 1982.53938706705 1494.97852004239 1583.89990115642
4911.48101182879 4411.56392438045 4098.16206789943 5710.30273009082 5294.91723753409 6459.05955308034 5332.75902146112 4417.25065641636 3870.49835674652
243.471853353189 225.040349770634 221.217912918496 263.804136903127 248.978970582519 238.917518671912 217.119387922774 238.836744911757 214.706781352578
2917.0637443021 3196.14597184185 2527.27117478572 3878.67074161281 3257.21713567139 3027.03035760712 2952.52689592562 2794.54700408878 2749.22515799816
516.12907919898 671.508500548219 242.679466298177 1344.17291401909 1040.56077488713 1179.3676393855 535.125214276314 642.55733390701 297.316344469435
2899.51897741739 2751.80178681053 2299.02796173538 2357.07037623278 3634.76403749975 2638.13407362486 1900.336647438 3132.0233559182 1615.86668803644
4529.79219240044 9049.17726347661 3150.72115032859 9742.76149820038 5892.68156676585 454.578413876779 4259.81020303814 4413.98269955863 0
22625.7745188082 16830.725219775 16923.6932662454 22258.8758845043 20325.0472105788 20769.9618864047 17268.608271441 12366.9497342467 19407.9732628474
13976.4131657627 14832.1548525046 9871.83086672808 23924.499367521 18635.3331608852 18117.6706544404 11441.6741765672 13513.5928536743 11434.9811025293
614.511226448386 623.524495238292 353.822231740092 887.695815580317 773.359544816817 863.864130128354 466.147317403797 468.632153130439 507.688593561718
481.008450092663 413.372322272367 374.756285791479 570.397992370511 525.008651910162 492.406505229654 456.264789989198 468.809368286762 379.837018027733
2159.1407974351 2792.93785515094 1991.40050476697 4270.86415440679 2933.05819786445 3784.76215204862 1920.70890792833 2345.1735720318 1446.24820606797
976.639350082409 792.268140727265 843.621908174383 1165.63513490502 961.688466901603 1229.71837118396 690.86686511194 658.929664228372 685.53750804814
302.41878202397 294.383193607283 244.526662616636 468.086467466392 288.837518076497 260.256437354517 213.893762023605 210.898706423102 220.349197949258
1471.98647518251 304.040121963565 724.463521225136 1312.37952157374 1504.476519542 1291.34968284766 508.898679060884 857.559778816331 1059.02989229403
12948.7938746156 11442.6016363716 10884.1395796626 11353.6185858278 9219.45674624274 9052.76675815639 3760.3210491494 8730.21978026965 11165.6389564434
3511.63149221352 3767.14719284344 4067.1945768109 3199.15367022641 2233.61597477645 2930.04680245601 1657.06883729346 3468.313563829 2872.90715667517
9395.44122037354 5152.76119566961 5988.20351412601 7467.8759537308 7797.85887813561 6738.91775036179 2055.68387776354 3049.83695553222 8317.89526184405
12363.1655250445 14146.1144399239 15230.470744363 12970.4546610751 7940.21205383432 8207.28215591824 3785.39964554408 14537.9328041193 10919.8699294609
29137.3543250425 15145.1638650814 31288.6874646694 16525.2735477702 12270.5585909198 28285.6545712765 15435.9748725999 6243.38761663166 19602.2803504679
8118.81038011955 1582.51424542003 3631.45996113225 6822.8409514042 7290.08658850255 7280.63937391943 2973.35842113689 4149.81257265557 5327.61897363195
36124.6246966969 13135.3673431541 25298.198313551 25958.5887188382 31853.7431749937 25336.0913530908 3574.95042132671 11051.2445968975 34071.1404304711
5304.32188794259 6311.77903866882 6620.90875374132 5251.06191459736 3425.59557535462 3675.19679507145 2264.73193674868 6272.86702154639 4765.81736069002
78572.855440577 45756.4085220214 66216.5370943109 79638.822381675 80423.702281367 106533.653662635 48269.4873491022 50484.1634326803 55308.7595358264
42643.9167844991 37429.1532051377 52853.3451871562 35451.1739935645 30505.2426856031 50997.6556232006 26808.5865129512 36603.4577381397 40482.2164671199
1782.88943558154 902.548505923179 1407.43910108932 2148.77882283609 1862.27156587977 1687.82772372332 1030.83673434348 1436.42975670346 1300.45266414164
8158.2188151085 5437.47300376932 8366.700340925 5959.90564863765 4969.73301389913 7003.82611104323 3458.78973039499 5060.77428579569 6332.16496109391
8921.07689103694 7165.57114524715 7981.05062073263 9288.47010502149 9968.03361324256 13628.8411763948 6109.10211856531 6439.43461822254 4651.72878324875
1565.48611829841 1445.96294039566 1140.95179721657 1214.60585252107 1710.00292981272 1414.20176342849 925.449558230025 1490.12926720991 853.534380714921
5504.62688210838 5833.35549484098 4655.31514237354 3016.81907172246 4878.67067780801 3673.22840623824 4908.47934873248 5211.64906923074 5233.33163468482
7245.24727367597 5589.01654747689 2260.57859751774 7008.95498464655 7699.40819009358 8338.45133857681 5214.60731576962 2770.15169472696 6565.4120985586
7835.22725963675 7400.80608457495 8101.7490371368 8289.86294950722 6554.79112614679 7621.39558854649 5415.43408989391 6807.50607248899 7280.38377235575
1404.20930843423 1417.14495988559 1252.99173536803 1094.0977354234 1319.70423333459 1772.72985594312 1378.60783850546 1322.24372131638 841.593784095946
47586.4377034885 31045.2706237054 42030.9811786898 39209.9636206231 34571.5448096473 48550.594206815 22388.7440763207 25384.1934765779 36411.7623462016
3283.59223868157 4789.82046511966 5136.12306350051 4215.73382548461 3217.07702196035 4610.26227924375 3468.64539371649 5218.20910365098 4760.39620999671
4552.71209150734 5956.9129643817 5824.23045859489 3634.47234631856 4497.47453653233 4968.84241130779 3727.44371592951 5578.64237633674 3251.03329384234
6617.73001150095 7498.14310564539 7449.13173644211 6735.52505297039 8347.6646717266 11614.9733379863 10734.6034959922 7202.09506946995 3544.92309684929
14910.57120269 17743.2348268616 5347.09015650146 18361.7899402169 10304.6334066418 12409.1987392333 11428.8229931925 3451.880917902 9341.12469953352
15575.2343082698 17981.9092227411 5082.36221070022 19053.7588294106 10271.6668915856 12361.4338479445 11423.8934891544 2687.65896360625 10007.4341925188
10223.2302770528 12924.3075268797 5119.93227380443 11401.53663088 7646.81853886239 9988.16331486631 8685.80010983736 2385.04185404385 5944.76657181288
2947.23059048746 3262.75811072706 2721.63879748759 1254.68961478981 1985.01829271702 1612.18528806522 3170.10622102059 2101.06411024542 3307.74771043948
8353.27774814531 9599.61492722475 2533.54340649332 10016.0386321407 5267.71032380524 6184.34940422415 5432.08824900491 961.92670645792 5385.41235856272
45713.2376288076 45290.1280424162 34879.6877443914 48745.3856492016 42384.5348771795 52495.9373174381 34687.1942912065 47229.3336683516 30517.0386272822
4226.58427200886 5505.91010806725 3567.96440686934 4939.81818762138 2625.99221293851 3089.81545295456 2248.21522421597 3396.66355755534 3356.89301876218
2597.79089231431 2815.09923990279 3010.96260135592 3300.40689609771 2916.76522564988 4628.05076634921 4784.95627455037 2808.94567869741 1619.39863761074
4699.08252338552 5021.5782437557 4255.04344540884 4662.46075309994 4605.76708171605 6114.47226660203 3970.33305238676 3545.74139583672 4806.73263844252
30312.0096475603 39946.4984484691 38821.8961561355 42113.9708180274 34322.5084415286 49590.1076861515 24818.1995377886 37736.6868884466 26126.0735726209
25960.8474805805 26321.9738185881 21112.2107704299 22517.2654356444 27946.5418503642 25975.1425798742 16611.3014810237 27989.7027457681 15726.7798287183
6309.64380263964 4717.87340128516 3729.50240685957 6098.49218554211 5638.56039495349 6530.90051084706 4139.02480714325 5376.44161362898 3979.79305942182
10529.073758688 13239.0824379598 12155.12934975 15441.1855037701 12788.2072531535 16641.0227610764 9522.23781534068 11373.4457523915 9570.40498170668
3356.72562018689 3156.31524727227 2961.94605801324 3246.69531472962 2566.17391572406 1940.38734437079 3021.72324900373 2345.5793697493 3112.30535699988
33024.2396484885 35660.8893397454 31864.266737519 33267.7426178681 33945.0546808718 43915.7779117734 35947.3741512646 33353.5273803116 21759.765458545
24858.9184625078 17765.378050274 22461.8293444392 17540.9817058171 23227.4379405823 21599.9039633697 11769.8929063744 17652.2432060537 15410.1999675142
56492.0634755904 58210.7782890142 43051.88764746 56222.8651848426 48294.5860359559 59881.0974757752 43648.8745362053 60657.7703727345 42599.5767625052
22829.2987920274 19719.7601747542 15941.7282815272 19662.6653458172 19509.2665649355 23255.8004329821 14785.3773588891 21197.4904103256 13048.419684875
10360.1433243693 10018.3283526643 7389.85220073101 9031.29893214178 7858.69117985077 10995.138185287 7184.75778972805 9959.87065149132 5997.58221039231
23283.2131775929 26610.7105230792 21836.07039162 22571.4827739806 18904.8531464481 20151.6252969802 15164.2402090639 24991.736308858 18648.0434162675
19886.953424668 11879.5628169617 19023.2157646303 14224.0820792682 12921.110278928 18913.7202755147 10360.9598746786 7494.56893005575 14479.2909418138
2468.23835626657 2525.28543632113 1698.07549135609 2204.47117494503 2052.20919449806 2896.25102526998 2239.40328079672 2337.7192237618 1550.55977623155
8930.49949626122 8059.48238224275 6808.17028657906 9343.76701786731 8937.24966844655 9097.27951614709 6050.35185073871 8544.01986509706 6318.08103260295
10876.8092210747 8301.03569782465 6380.31307656177 9052.79815861443 9143.49575765712 11127.3359066311 6856.46449466259 8945.46265220072 5436.66220167129
5121.9083140665 5189.96579022865 5360.88284793189 5388.78134175105 3515.34687360187 3409.57919611599 2410.06262053076 4538.90940341178 4487.8216500339
27984.3235012546 30098.4348405404 23966.8305749527 27723.5520538748 27871.6367837437 40270.4634072977 31091.1668598726 26058.4279551914 20066.9561091133
12345.8572200517 11212.4963218644 10578.0662094801 15130.6477948296 13591.6668074218 14062.9902815442 6766.94412190406 13019.4493904661 8972.45029943119
4818.92233131202 3862.87181669991 4164.26852945435 4928.14506832959 5390.29355650648 4848.01061331184 2718.59082147126 4072.54396774673 3831.28560334504
695.08805648495 686.952475110308 663.632209746767 1143.14726861061 614.802807088148 1309.0945001671 1619.42682275882 982.567774294358 518.776746908997
11618.1233670367 13371.5819545131 13167.1047422224 10945.1691468888 15124.2397395531 20145.8279929838 18060.6094485984 12835.6751591377 5632.00866501936
6237.74279177464 7273.56239911814 7178.93661375631 6639.59537537556 7777.52067825305 11033.2063725986 9599.88284108844 6882.13357129149 3514.38551199504
9463.78022827987 4824.17448077913 8147.77209641581 6724.18662937232 7294.65352371612 8133.62562213713 3266.9117721635 3543.30392534369 7789.86448590001
10773.9237152095 8309.87487666761 9523.88625129727 8367.88207513201 8177.03231123972 7962.51438288478 4390.67658321249 6379.33931024824 9638.72647407812
11293.7658116122 4748.15254052442 6296.41629555882 6085.65238864637 5684.35689881589 7847.18156797927 3433.91712308375 9160.9400488841 4556.3714826839
3647.84387299748 1071.92271892833 1538.72392028518 1451.6847844109 1343.55503242106 1818.3809722521 586.785580671112 2754.09575162096 1141.20947953995
7414.0938643733 8700.06732831665 8623.51526690428 8301.4784064258 7771.0144270721 9586.3892491584 5631.23228378319 8780.46388493725 7311.85719277391
2421.04516671685 3105.51204261005 1293.24648776438 4929.27687890088 3825.32524878924 3956.88992953845 2585.60168403806 2503.28572432857 1873.40972649559
470.513147198796 257.159091995624 294.681384837689 470.900687424571 434.33478470916 572.218558829432 288.301661935864 286.046461165164 278.005298858494
356.362987994085 384.914341642267 408.090447254827 451.468679826285 411.467941979759 344.71837171536 349.596534346552 380.06633891169 476.87678142683
257.562586999005 425.165427479754 396.310319254619 436.185585619962 259.476135751182 431.513461889851 253.149976680382 367.258253251057 297.133559905879
601.180385364791 516.955105533064 526.334866754098 587.797401488108 617.821008949387 778.968204997513 433.810115390564 395.694530371128 372.458051422905
1923.00285007185 2106.40781111446 1392.13513061828 3594.72205303631 2875.53512170341 3075.98023721918 1688.10134610419 1978.90903566648 1315.81479848918
3196.42305896917 2218.40928400757 3556.78784801243 4992.81280662428 3791.42218590278 3116.0904606952 3579.31400639751 2489.52619392745 2258.38486873605
408.314088784033 454.875319537472 440.672357435804 532.572230918114 495.003086956372 475.57566351709 334.957392815583 487.08565109349 468.354687725938
5021.13421043647 6264.02920370622 4882.52446234385 4386.01671030447 3966.02189014195 3712.49262046123 4246.44896731634 5100.05781632662 5660.18779822303
9293.35654666478 7014.35470481939 10988.7610096582 16381.9290746697 10564.6133727127 10302.9086093863 4645.34306566711 9623.47381682967 6622.9262691212
7554.080941732 7950.71666606089 5811.4216932913 8595.5302704082 7449.08576743933 8724.51738782516 7865.01091712708 7588.94873162481 5123.74897961191
8656.90817449171 9152.63542780648 6859.87372808128 10897.7341111193 10637.9981482392 8477.5594561286 7584.41998239597 8624.35225814952 7127.25547877402
5519.00150777163 3041.89212758916 4008.57394193806 4725.15616176457 5187.36497801439 4759.02798021974 1971.83678748755 3054.15813258552 4571.69965782928
31035.3478378611 22856.5086706758 12218.2163776467 31059.9923923954 33049.4758847116 33977.6582324799 24525.6911109433 11866.9516824707 28092.7920088259
82.2843729331307 93.89778703993 85.9745568483511 84.9720310574766 90.5148605116545 101.155973446393 76.5474652709903 87.3704555494046 79.680913610955
7835.27818800445 11039.2098742222 6488.88328203949 8779.70960302811 4351.71795972209 5269.05076520707 4402.25420553116 6430.41115438324 6104.02309558049
12209.9799940508 9152.56829523426 9334.41501957626 11317.4266740069 10525.7957271206 12902.4909054261 7165.21522601013 9423.69717837423 8170.67729469518
11086.6532126811 14343.614578026 9719.83100187186 13099.7642742503 8303.17570944988 8578.09824004845 7291.50258217024 10434.725759751 9626.83811645152
16105.0275881926 17757.0096679734 11823.0758949791 19976.3436588672 14597.4348308534 13350.8051838793 12829.2007258283 12675.1514734424 13850.4838935035
9382.24011032108 6174.10249902639 7408.87432178862 7401.80894536216 6834.67782304803 6687.9951997395 2326.71597258567 4087.81487722338 8144.10310461298
2483.10787086009 1369.81575017607 2246.001459822 3208.4399964302 2767.86159675492 2113.48364908463 2395.06492918742 1753.4701521535 1856.25128388542
1568.82880585344 1349.57225925029 1608.06962924283 2324.01961105849 1701.13752719338 1491.45310572626 1042.94775141137 1577.27102532245 1309.56416377411
936.481787571031 1181.70896080367 1261.38124678953 1119.97918440044 949.33105547386 1291.90580125205 791.770904210148 1144.61565284233 931.091063384815
31604.01818092 17322.8030721158 34383.7353660673 47594.6492183041 37978.8539201381 24341.8550408866 38149.0359773927 22244.2129666793 23622.5341400052
1392.69025021924 1405.30894957533 1337.766690699 1600.82245701919 1305.84409306022 2244.23964889567 2079.09625657612 1442.04710435587 880.772471843202
1140.02976826522 1302.99292939804 634.410429495716 2006.04262061222 1606.11930615947 1688.2535471208 965.939832207002 990.743566217554 833.065129882277
671.199809962122 602.036874676452 714.075794128768 1045.66492421168 932.384695122323 684.122433629109 429.856546910097 731.223858564463 664.012649708585
3380.80970247417 2273.62524498505 2747.4267760196 2983.95059277219 2466.44367307249 3221.25396316979 1663.24403610164 2917.65214044894 2465.53592730292
217.939007523375 266.883397832799 267.30224873325 236.321270749084 171.768192678792 184.674277312179 132.87522892394 260.002340622797 183.10165070819
1048.12458887758 628.417820448411 827.079850547321 1412.61871748399 1067.06171440587 960.160112122323 492.566768715968 820.388150919016 776.508235567526
2963.26047363411 784.191307558552 1298.7511710714 2757.53094068739 2755.29599480699 3403.04652332859 1389.63997265155 1602.88099893366 1610.21351954305
5531.77984412997 7262.16156629838 3744.49078377129 11383.2570904632 8762.84523464446 9734.97328620336 5895.50334552622 6451.74199327755 4101.13895761114
22222.605668584 24210.4618150828 28904.4662243754 27663.8686535274 23937.684222826 31170.6028898821 17481.8399347092 24562.0808082597 23775.9171755349
6441.98847525012 4837.60508533907 3849.8403440953 7644.40304931482 7179.75878214946 6429.29025810297 3982.06281451146 6222.76809744056 4570.49658257224
7689.32985280706 4296.99769740839 7871.16135255225 11067.3554387653 9056.96827533657 6311.42249358635 8349.02828286709 5741.23879709846 5704.55002776737
9507.76964026535 11123.5136368745 14463.4534425063 11164.8672688521 10186.6869365941 18237.8764290135 7120.45482250246 11161.1349422374 6776.22225775204
38516.3953388837 18583.8349383351 38187.3792937542 23321.8194923086 21826.9690896544 36474.2275652801 17326.2013684482 10246.3926160441 28880.7269636057
11284.6113808445 5015.10144647088 11035.2533113112 6564.78566039266 6356.53637946791 10257.8457168319 4499.49915165094 2662.78018102674 8582.54884061554
7229.92529004478 8389.81242597491 3506.11785459104 9371.8166381748 8241.62795923039 8217.49729482831 9815.40274645631 9224.14086608642 4076.48053015873
7792.51629866421 1755.57551255598 4086.98492799952 8401.68782422464 8335.90345022408 6865.79862018402 3424.49036775873 5698.50291201322 5229.76857217055
3326.6977952226 1564.51272889208 3881.13664160561 6214.13524247298 4287.92617039329 2817.19068998815 1170.02141300917 3700.97373817485 2629.12190538622
35081.2406862646 18959.2382080373 37974.0135189761 20603.8561903246 15213.5983386579 35023.3814820983 19760.4401750534 8307.41036618587 23459.8501982345
3172.19331069478 4483.09410891022 2448.30276864733 7936.11799666766 6114.19856642173 7242.14401655497 3601.97518657097 4394.11360865136 2061.0697982493
5305.12052307238 8745.74184797549 2073.90948803802 19493.7683589067 14132.4392850359 16479.0284506899 6674.32801808612 8555.41732132146 1989.87047264783
2595.6097603471 2826.53503622608 1518.6574379599 3017.63484243097 2804.22696358904 3155.00940401253 3348.18558701922 2951.22413356481 1423.87779745425
2948.58103711358 2324.02146944699 2319.84124961289 2978.75090387528 2788.67341493104 3066.54112260919 1992.03898371431 2776.2721809334 2759.34209475795
578.301098519102 700.759526919799 600.674313362443 600.845593867377 454.421305690131 779.449029092596 501.919275797415 583.233150927163 614.746871624108
7889.5325496801 4311.75741832868 8315.51363201814 12530.2283926758 8968.06114073843 5780.57889195188 3288.81327603598 6871.08516187038 6719.20809313116
10068.9467634179 5578.74915536389 9792.13069867057 7761.65813663207 6936.15276513075 9710.77425417491 5233.64529752632 4400.8202586645 7399.88843151937
371.69333081067 344.936369828617 206.381132738903 390.967134159381 389.341151052048 422.717252304217 309.041996999826 212.4891316778 349.679688013813
1780.55730461032 1522.73667195015 1003.38663857693 2069.08082988566 1996.21602459845 2092.98019616083 1466.13238908114 1000.9552546652 1523.85042187812
3560.99103155638 2539.69388056526 3266.27856609466 5315.81489790566 3686.03191470456 2873.62050097169 1589.48762992996 2824.46519357129 2789.06322251904
3556.96617896993 4014.57495258088 3510.53948104702 4981.1734237526 3625.32445683971 5142.82276648257 2798.44540511528 3536.90138886333 2422.32133306469
380.72543098162 384.549546525743 336.172106209204 294.788528837252 514.234900488873 332.74540538801 185.880565586197 433.519441489669 202.903606363901
1388.05291252247 1368.95009019092 1099.22192104101 1484.74234396083 1273.66935008439 1540.70181072555 1038.75666665688 921.095524438643 1195.50308241979
12338.6058066031 12836.5073209267 9383.32880818105 13013.9220345871 11489.2852599102 13840.618169159 9578.85547252836 12328.0881195951 7991.42049424212
1935.96373515502 1947.07925721771 1195.1336659063 2291.14163187016 1510.06955639606 1690.36294486137 1154.37582460614 985.134232573985 1340.05624252288
3165.30930981805 1789.77879287961 2979.42092273153 2277.51153050689 2196.89562313488 2823.07331280805 1049.84528706903 1293.46242957957 2710.16160479503
9800.35961711007 11529.9050416214 6856.11717110429 12264.4711617852 10253.2425889782 12328.6785986914 8191.15768388826 8517.08905576704 8515.37001292621
3605.20184693804 2851.93059331818 2740.41568165548 3013.05069231983 2874.64407941393 3912.79745539598 2011.20364117064 2840.61664170441 2243.33184505745
843.823213332089 1136.0635968324 885.709917586135 1111.84996518175 547.20425136542 1165.06775955321 548.292026530555 793.861517028312 730.122580326521
13331.2416294387 10266.2457670433 9396.07288071454 9669.88259326854 9714.28050659933 11724.5648364604 9124.30135493034 12081.2896268881 10747.06700504
8192.97025548791 7822.35996726623 6897.27550859248 6958.96287352967 9871.43873150625 8507.20805586798 7128.99262099302 8328.05541622255 5011.99929445628
22735.8023824928 10346.644624615 22820.4272944253 12941.2107760601 11586.9870350242 20643.8231819046 9485.30686663922 5148.79321449913 16821.3080930153
0 599.997490395794 413.106378226866 0 0 586.176666080818 415.619139364271 0 0
13868.9594743335 11302.7113218767 8522.72182551649 16573.9017201243 12211.2151705923 12783.1720548437 8321.21501004769 8834.93910191852 9701.86756109208
5871.62845047499 3170.99360648265 6179.1553744597 8694.34934649157 6824.88234761881 4827.82390461305 6290.1077603319 4335.87227953395 4280.53489954546
22142.8948765697 16890.8163680832 10606.7875685122 17625.4556458467 19555.5687015869 22814.884156619 16047.3999144765 8112.30631910313 20210.105778106
10042.0405171983 8179.1827492123 5944.92345745085 12173.2702454469 10683.6743395727 11301.0394230935 7767.35914307132 5847.08977234512 8097.65286780963
6322.03486750616 5412.99300427777 2230.48674916515 7517.43543423975 7618.19894739608 8158.81702161881 5044.57834503131 3373.67509727954 5398.4701954331
1218.65090898185 866.045939286447 730.246718422375 835.20505023397 956.712764300098 1249.13101446431 721.419771245833 842.515626821633 532.234643957965
1332.06106409141 1618.04888620131 1294.89647303216 1490.72996311986 993.626143750045 1733.07638661883 889.911528818599 1197.72445844363 913.568906998279
1071.45837285156 914.678726971535 591.589122076602 960.070134704428 1048.74447177635 1131.44549440183 801.950340908869 623.115752335901 871.933235772659
6584.49960125039 5667.50794211138 4841.54753833933 5955.57385735332 6311.37553361987 8040.58190434025 5204.38586993319 5588.08547772011 3176.63032685074
2923.30124329707 1308.52592455951 2093.73625355278 1754.58513139803 2596.2431183787 2322.52999614412 692.058507684806 1219.78697314102 2404.80903675449
28629.8877726281 34235.8509809156 27418.272708948 32777.0927007713 27924.1779338622 41819.0899191814 31627.7414732784 31511.1062651537 17879.1212274317
543.107108974827 463.739700698922 639.80632532729 799.332150258354 612.908425266469 445.814850203242 704.201950391848 383.93961760617 442.270698189831
1557.65742825712 1345.49213662375 1640.85497143303 2134.00384224538 1719.70308239134 1485.08147212712 1704.02156486246 1322.79855617038 1161.77837047844
2492.12320869694 2961.46538964837 1699.29456017835 2682.88828112976 43396.7587966264 17644.8362417807 15564.5674824773 2546.4790612801 1311.90328701316
734.27751242681 696.591524668635 452.393118872324 1123.32013744527 1032.8382388673 1018.30699569311 607.331798071793 707.550728444552 491.733123923532
18345.4308465095 22772.2906952252 16744.0674946546 22655.5569898207 20490.3164923547 28852.0629616404 19295.1256306443 18260.5814770896 13046.2427743789
2702.78137678011 3152.93373480251 3587.16653795428 3795.89753666244 3404.98859939001 5211.2777693131 2492.34275101818 2766.13355913005 1950.68197221166
882.916506297257 794.611242138488 704.359163492726 626.848133561775 644.408458533886 834.701101007681 562.776969926608 680.157328321384 512.314494462109
10464.097514549 8011.37628198807 7789.55486830543 12600.9878622082 10198.834724982 8403.06413940221 9732.46743892756 5806.46997975187 8412.2570671935
1647.12213001652 1902.43695914093 1058.18705229337 2243.93457677562 1209.93952269174 1759.09635894089 1839.18369283865 1102.50014222659 1118.92879450174
9663.21502961054 10373.142112518 9363.23606771388 10225.1767559071 11632.8751966397 12315.0287849534 9166.53228486008 8970.38500036796 5545.06918327352
8120.68587181528 13088.143604913 2970.70587090681 30061.7917842199 22048.4541809394 25412.2516481152 10468.7608363676 13389.7445884784 2691.67303080759
24757.3750338474 29792.9948620263 22131.2481475533 12599.1061550111 16737.9250216431 10427.5575669493 28657.2497339923 20957.4749152583 33386.221126999
3450.41468965843 4168.95026879607 4279.60466235429 3459.78432853039 4459.13552443903 6747.54072363764 6267.55907796308 3835.58685702868 1695.04698921832
2074.49350189365 2615.51555664705 1904.17439266582 2190.20439005323 1733.45641489434 1869.75482149546 1648.10753344168 1900.53396081661 1978.05400660233
2535.28480062622 2804.92951256967 1096.07843332615 5355.08083411644 4281.18657367069 4995.35283965469 2375.12046181929 2299.08611433656 1566.58757978251
611.102440724877 706.400562644993 574.741916807665 704.224809413937 489.559398081545 837.535973719471 517.452044303961 571.221875110083 411.60614982592
4352.3837752082 5203.18973674907 4022.81856904547 4444.92811711232 3292.55145297469 5607.58019084723 2841.1564005482 4056.01981543939 2816.08202339404
6787.38833158624 5859.31838260306 5477.49112468626 6791.56823092805 4725.96991832621 5545.68721898205 3970.01800633002 3455.3575394279 5118.3847865241
15721.12317651 14835.5534936507 7248.47910177156 13011.7583730649 16117.1661008335 14019.4440034407 14160.544797383 11695.7866924036 13124.8002955022
2741.15627892298 2096.58265701549 2130.60994367705 3308.86003681599 3135.95709047891 2717.87384703758 1470.74192703388 2534.53418167475 2280.75776166518
20024.3491236725 24316.2210733322 11103.9108297592 35840.0007617372 30241.4671371112 31632.9161640053 21488.026964792 20099.2899984063 15952.2256973223
2822.91675460825 3308.67347959609 1915.29589168123 5375.84641413146 4373.44212211823 4706.83154768473 3020.60159363299 3084.47722025008 2003.60570269962
12583.9496058885 10791.0223910113 8987.49756676263 13912.5033775564 9961.56104792354 9665.17518239746 5573.37521085618 6373.57685362456 9971.83626881328
228.5009117639 262.58186379037 247.658532462633 249.869354291978 290.316474886343 353.634613558856 281.117178024261 259.318752660705 164.374760585381
1600.90238104253 1843.09566165243 1688.74741422501 1594.35582177369 1109.50677762856 1348.25164580475 917.453081334791 1675.11243591177 1229.87971182781
2674.5312573994 2201.76457994268 2140.03516420806 2929.83773218329 2754.58167654573 2698.30549860888 1660.58230912842 2182.26360107927 2114.84779215031
2228.37374062637 2326.04146420899 1920.48142550292 2099.30468573759 1399.31319192267 1514.1707887873 1479.58524186833 1392.80542069219 1894.20898925203
1119.58941295529 1210.49630757991 888.599463937275 1260.46974006017 1163.82258190725 1239.8238277966 1016.65275905829 1197.88714865665 744.036405780048
1970.86830622114 2289.1915636145 1724.41378882678 2401.09159653494 1663.88359471598 2378.21292124358 1500.97239363679 1659.25561906259 1525.80997644616
83.415810213927 96.5326230217431 82.7573860403942 105.374923947999 80.2224463949663 110.272586093503 63.9286005496659 80.4135251296642 86.7989008097787
3126.33847335793 2333.09351828664 2806.30395191437 4010.55405201016 3297.45634187031 3209.96158482323 2785.05873763702 2746.27979354082 2248.76433478021
678.49192135398 668.493387411558 737.524657185207 570.26264995839 409.276314672365 601.924887207192 342.047465816333 571.764299860523 548.659662497245
281.798084492686 266.303026263478 227.236578662621 286.41690367415 273.260892994408 294.424560068288 224.981265486402 218.837455843206 291.247398379956
3475.04505527915 3837.1433648918 3291.5225853463 2947.49748384939 4676.48568926651 3994.98102240961 2641.06415303675 3643.32123151728 1746.31845192898
13890.87989497 23806.1970652884 29566.6478434715 21673.664718786 18994.5429421625 25077.9360081848 14089.08300935 14093.8329911155 11278.7561389603
1393.96191959005 1164.99684032629 1480.37372466405 2104.76091147082 1513.47205489903 1356.857235909 867.421165873984 1415.89870903815 1057.54136183479
98.0174429233335 131.145931889998 131.902049022457 173.346607972241 123.567973280553 121.185744467544 100.864017605769 117.397740462749 108.265312601618
7720.38215027345 9312.57481288071 10338.1074728624 6702.62917225169 12063.5375503079 11441.9125269361 6365.73200747809 0 12999.6864592984
6051.35122926567 7286.06402422562 6600.4538568807 7294.10319717497 6369.78456120199 10537.6644784708 7787.90110386998 6655.99041980177 3924.81350010122
18281.3548842379 14815.1133448203 12794.5988347238 13605.4109829626 15543.071679118 19029.1675185986 11213.2364845008 11070.7206310425 12651.5311062735
1338.9979210612 1027.60925980902 737.485298566638 1439.55678649685 1374.42638844491 1444.14783226099 907.65226615845 1076.7645039877 928.425225062209
400.093898978483 378.989560611021 313.445233856119 285.782727103919 417.627251369244 383.281909775116 263.738684576138 366.397927477008 190.159924309207
17991.7024125175 16388.4089414604 12839.818790436 18524.5999965133 17943.8650985829 20495.6518573708 14614.0634907113 12534.8517039023 15694.5260978586
18686.7745452967 54337.8087064848 15577.2489746018 7950.34739640129 7674.64167639255 8226.66912839866 5029.89467044184 21977.8892379455 5353.13699036794
1343.33729204162 1342.58982794841 1317.79919494749 1534.02549792924 1265.46389484795 1657.17117908475 1100.54446216176 1280.53440528222 904.759329288459
1499.37428694498 1529.26922037744 1212.01401178801 1840.82087990391 1191.57828496669 1163.57531040014 1096.03777891913 1038.39591165186 1101.66859054105
25193.2327824159 28123.7374678287 22829.100631801 15992.4509144517 38351.6955349166 24854.5075874672 17065.5686551733 32106.8843116168 9703.36964055844
191.753740288473 218.544811227256 232.937623705886 211.509513479628 243.800125770019 237.461932344799 163.898810814047 231.654844086259 182.232778289929
19505.2171876042 27217.3642474788 33174.8815704565 23204.5828583204 22905.9572703772 39389.8387663518 19099.7102553171 25887.3417773792 19392.6274096017
35865.91108022 22111.2594231642 29861.9136233323 41096.4939606153 34455.4293798834 58410.6803734702 21676.3975082935 24512.1263333383 20801.5086991714
13974.5511000788 16647.8313588202 20060.7137818362 15470.0858237411 11654.088207491 20222.085336673 10171.3729471434 19375.183934905 14454.3786348654
14173.5508692294 17167.1042184999 17874.2879956165 8555.53619799093 8899.24224026657 12039.296650122 12537.8512803818 20782.7850539668 19704.3835574983
5150.23554887768 6765.20451395515 6300.11426468895 7351.1988246366 5439.43559653135 9029.00023797552 4181.75091821502 5987.56181213072 3473.73916847934
2782.2427417934 3449.39605102118 1860.27250673302 4896.56939700005 4138.00069954864 4531.48069854058 3279.75378317223 3158.78029521124 1951.25149071085
28753.4849423335 25926.5367589645 23369.6733902027 28421.2964059043 23259.1802688868 26087.6561526089 19173.8544111308 17459.7162639937 24591.8759463066
13253.7215580487 6817.57948091729 12519.545574562 18136.415072825 15301.5637091505 10501.5621747606 13812.4643600119 8937.16963443949 9833.38767011567
3010.09479149623 1380.33366663411 2941.0217517289 1770.6997309455 1695.90893242283 2661.04814871557 1139.22316030742 800.715576770314 2323.58563203581
7537.24007230162 8075.58863265952 7269.19581209655 8593.6450991335 7672.53286202059 9599.52892913391 10556.9720468771 6360.14986362192 5855.13886468471
161.503573290761 147.137591841119 159.629166175267 202.431943273468 189.146141522718 189.871596434766 96.5559715588511 146.484444095416 142.319547850365
561.724554812272 514.692814667358 373.479456454547 503.628447900344 663.432330716902 505.56219878497 360.595980962218 553.617833956997 356.558488554828
1253.37633658568 1224.36310392272 938.851431183572 1066.78476478236 1447.90681457103 1120.24988908815 725.082093364632 1274.02827403112 771.389652959211
6467.27383121734 5919.50965614184 4893.85172914196 7754.7060372368 6164.35158458685 4910.36563624705 4835.48691729798 4761.72950498187 6117.08528995921
10166.4857653394 8987.49294586731 10165.4018456854 8080.56673660005 11716.6651072091 13348.4379729525 10390.935954428 9085.93177694574 5871.66075015961
20583.7730707795 18021.3855552846 16627.436589304 18797.8191746201 14461.2483638881 16866.8819971134 9528.83525813416 10109.5792005149 16128.8013636771
709.091426719161 612.169918565856 634.688161222178 815.223471714804 803.602492384052 718.475271687152 425.287426298956 653.463903468223 633.832068298557
2514.6618573374 2590.38029174611 2396.92456725707 2516.12971727612 1811.16419518808 1570.50199000803 1576.22207920098 2054.56751451027 2308.83032719875
758.120818371607 488.188167580319 909.107795270811 1206.71020473535 912.510808816204 566.030666144038 989.731403379078 556.832730325309 580.913505677665
23695.4485434706 12401.8487736759 25900.6354091111 36173.8044888693 28546.4431243858 17610.6906348073 28369.4260767966 16657.5188906574 17669.2025623252
3493.73132520499 3512.40299518252 3137.19615665875 3218.46909320912 2696.86596975714 3212.81808243715 2800.55893867366 3021.38986579777 3008.23842597181
2670.19663426149 3142.77649792206 3020.01044013295 2732.2005034304 1992.34060656274 2262.87150445292 1403.63335204183 3245.0973904983 2237.06757541424
2954.79960908765 3449.47167422378 1809.57083926883 5271.60434863234 4459.52666101271 4925.13979242819 2807.23902721319 2979.67035814515 2132.22714423409
659.805843979705 474.043931009327 664.625560420692 524.226911342654 553.728306636168 481.854875258743 197.391332975966 480.447093323436 670.141026345341
3797.69322382126 3986.2008249531 2581.25949501238 4543.74471542272 4101.44820461556 4152.49128730788 3972.63505366193 4025.43685716306 2530.2247042681
8431.08704936039 8819.07253480274 4122.37585933486 10204.7863660591 8718.23983004807 9754.03184576119 9198.79229411042 9375.59427026586 4739.85727622147
44320.1267126228 19089.9850692301 40111.2011830795 27083.4114475398 29138.6254344435 38991.6548758524 15082.964960674 11786.7855698548 35752.3206511815
12224.0305415565 7174.20486466104 12015.2957998185 9555.17144284186 9570.57656128605 10625.2590583706 4547.18012605992 6505.99121019643 10809.1938862976
335.044049775756 346.662156964828 358.372448457704 368.833165102944 433.854679782302 423.529826261203 278.944924269586 317.395470289934 232.82071519209
8156.30262472822 3263.5518737601 3999.1886208278 7306.45274065238 6658.57424827232 11069.0034687736 4324.92205316843 3717.69196639098 3754.73374038838
16754.6595635848 16590.2535718964 12523.2374098802 13434.5660866504 24103.0691567977 15346.3781478015 14848.8122573034 23133.6952233149 7563.58970083475
2969.34424240184 3185.54686904528 2165.34019878229 1207.61117286383 0 1392.96490975937 0 4223.83941265042 763.31370231586
32661.3848862297 35136.0409452408 29120.4614934459 26126.8971537915 46782.0419092018 38681.0057616484 34546.8190621023 41802.422418436 14337.9612188762
45020.7394580664 51144.5205146583 47290.5063267026 30903.9384193744 63599.2283883732 58814.5589581092 46484.3498130057 53448.3340528991 19481.1074707099
30907.4215730813 32862.859762107 25668.4931047428 17821.6342443817 48188.6755400155 24784.6638902684 15922.6777086189 40304.1884962318 11686.9704600354
10798.1106547246 10799.2789622726 8443.87630735654 16332.0001436178 11179.3164292788 9938.19090580969 6967.8675908917 8693.85225258502 8610.3988697775
3400.80122849752 1383.8019985622 2623.96916756695 2356.72283171889 2948.0172472846 2821.21825971175 819.722338792908 1258.46670221136 3048.29834214578
1657.31857273613 1482.78884560038 1838.77954916083 1998.49108369858 1889.46763446034 2995.01788534343 1242.87031972311 1416.82187841121 1108.32406119659
443.75494256019 220.456887260824 178.873683365678 430.584687221128 359.796213870246 498.207268277313 279.281737624372 263.829961379351 233.217515509032
5532.83318655067 4123.43502919767 4670.46482755643 6827.42321188411 6395.03174205606 6465.39722976401 4770.62058648601 4293.93897857245 4826.49419743703
6777.78671611826 10501.061924857 10500.2836734406 12105.3337198091 9930.34499539838 15003.3169141631 7480.0884424804 9043.60580838276 7908.44765178391
5615.64449735693 2654.96624341166 2684.58847393985 5522.92799708201 5784.30456540258 5533.25952281488 3185.98686385429 3163.60755023235 4372.64404108856
23293.0762989658 8994.30563667065 13922.0363537053 25815.7221575738 25508.6099741642 21832.3061720146 13779.6175162723 15623.8380751485 16852.3890615972
2967.94504478293 1821.62192803669 1950.81652106665 3234.27853902337 3145.272388282 2905.15176093998 2412.4430793122 1810.57503664159 2304.21656307561
2268.64785079593 2271.13238578459 1415.23941806314 2631.88827904259 2482.21314478014 2692.30601373173 2560.62237065604 2348.30671698046 1355.2021915464
438.134454858829 213.088078896728 140.790543156504 404.993984399061 356.198455333958 454.333312464317 266.147467202617 285.505367861795 226.633749951062
13755.0488885656 5985.83982173254 9213.29125247959 11550.9801250385 10909.3197076121 13287.8979693019 5500.46910787929 6741.13429013574 9358.35421870957
38238.1210051874 41713.5905033647 43608.0468989908 50946.8538099163 45811.5831374962 59862.1993113517 31696.0583467822 44266.5657672931 31371.6976930305
2141.04585235568 453.409335579988 473.329870586494 1762.05947447341 1488.17907022887 2172.318692742 883.491248741003 852.742207260644 1058.03037877447
484.009706892345 317.395743564842 221.512670420479 467.354049488386 436.493991920814 523.738987281438 326.572432027067 342.183978664742 295.112760189154
23237.9238476848 18165.0845193197 20378.1851279533 29322.7301684815 23052.6042901269 28857.9931144728 24528.5769002358 19633.5893386624 17913.5621453351
660.225332654766 287.723833929441 350.048891562932 617.271316391747 607.428614457251 634.121709353405 335.726795904 440.568403534551 437.339935252741
1474.70969698568 1264.17726258305 923.366899086133 1536.95966451637 1643.24491152477 1634.44662120618 1188.55981980544 980.813032906759 1230.66574986634
1003.50125573934 1049.38183409447 1154.23928344546 823.846451097966 1061.41149332458 1340.77704365375 905.643008827111 744.514853865682 601.736088009338
52724.0345265344 49759.8853825602 42357.0208895372 44452.0024964707 36479.2694362186 56438.3362633498 28975.5007424121 40987.15712705 30641.0064853253
5221.04320219351 1068.40594504629 342.148808771299 0 3036.00451044504 0 574.880077572991 2225.58108007956 2740.42052952687
26644.8862234047 23533.0087323553 30167.6805105806 22828.3272794235 20847.8274939772 33364.7672103519 24644.1972121914 17644.4513854526 19079.2210382051
33537.3147643876 36609.2445240824 29542.4041620831 36972.3968238933 31248.8905853194 40965.0069666076 27312.778977154 35275.4929941688 24655.6129539631
3598.21128677755 3732.72090779911 3173.03516543323 2770.8862060698 3603.96278122042 4174.9863252012 2633.8485090709 3574.63802499578 1942.1770859359
320.74766584096 285.152446323103 250.608172684512 260.305606917246 366.724359025469 267.018988117397 173.1071377203 301.973844462472 188.64705148354
5944.18506259336 7427.10796732363 7046.24405929093 7784.25268560352 7819.78295981614 12368.425216798 10815.5310674209 6753.4102815028 3195.90101756085
774.373842005277 755.65711098792 889.06647467176 756.022838639115 567.814193016007 930.144111749945 535.212097087272 577.319280758934 631.912485937033
269.293637493215 385.633185670881 529.392388639787 506.161609534251 456.996431429342 778.226059786731 269.549162058903 284.300102715895 145.965819444616
2186.31263552357 2355.456602273 2697.62867369349 2692.9177337072 2749.14521931235 3838.37967926785 1933.1035704689 1912.55591241546 1490.63082891193
2938.48776270586 3532.3933545459 4126.38180337364 3955.73535076964 4114.05531489624 5912.13828871175 2951.8086533301 3053.50908271431 1941.90549432895
504.444794534427 815.173831849378 1125.05759286728 917.485676611869 887.6268876792 1579.09095434879 568.319813912094 608.652012592575 405.654455733873
353.767994871207 324.492624266294 327.411601074126 426.282982251716 384.30487178235 330.076439545364 226.566537473495 347.9711304083 311.008165670185
26564.0723584054 31753.0915101367 29113.1071484211 24047.6979461024 23158.6392109719 33163.0469704541 23335.2490555312 33341.2096935917 20726.7502742591
1324.15909461198 1604.52471136529 1862.24940575115 1732.52205891437 1198.1474869707 2090.31207574131 867.949010958732 1725.92016486784 1062.37483399552
489.095907392836 490.854214419431 538.682753203396 524.267142968615 442.072365556113 648.191532820566 353.26228883419 527.445688305936 339.458294086794
5566.94205377147 8887.91013126696 10547.5560928462 9168.29858232645 7105.72908317615 12556.28838898 5448.50559355302 8305.80409344338 5519.96405485713
5235.09305987942 10959.894129178 12552.4918674595 10966.2280929991 7381.20704369503 13734.5374470352 6226.94394941356 9799.59263844196 7004.74275219249
10921.9721772125 10347.6408485172 11095.7454198093 9601.33889985768 9392.91229451138 11262.287918952 9519.26215591256 11668.6195753211 9387.37110695471
12227.0890466189 12123.7537991386 14479.9983410754 12704.9290728834 9541.65768320425 16334.7486216906 7539.27386539491 14508.7538286193 9206.26404698513
0 448.540448895336 0 0 556.074596532913 507.79892177991 249.060020539058 0 147.9391807592
16790.6654354715 9271.12815584721 14963.0812826678 13342.6889971906 12418.9713413103 13597.5044198194 6094.49611799978 6721.8634773619 13887.1179284202
4361.61930390112 3121.99650611299 3319.52174279971 3759.20125578575 3282.97415593527 4166.32301550527 3060.83512073433 3505.05955993028 3355.16178328191
5480.36330324822 5454.92132266027 5969.3225301368 6834.84468405609 6421.83604629201 6866.99557137273 3662.61758867107 6210.65724895106 4979.48138470557
39083.1154552636 15093.6627797934 32843.7727620413 24157.0153006987 27894.8713736227 32161.4956075289 9909.50841890292 10165.4050164643 33139.2557882278
21656.4584304997 23567.8925461024 19439.1873365323 27171.4246093211 21506.4897561229 24673.1329991656 20775.1628250518 23083.7249909235 16260.3970295862
33391.5333392889 34607.6265001622 26682.5358287702 34363.1710414748 28851.3205937435 39004.130849096 24790.8263677784 34617.9582320949 21755.3205048591
5090.24297537305 6811.79014993364 7036.01173808749 14179.8687397167 3079.87229534608 5451.40600476345 8333.33151977295 4092.64755817111 2671.36665886282
465.526315495071 544.483001677585 546.322914862665 563.345472006759 609.664228294595 652.352593015232 488.046908392002 510.62142856764 433.591931620002
3097.77458705222 3403.21634177892 2436.32747551869 4422.21376141085 3596.78957717093 3463.29632072169 2928.8353428927 2874.32430868293 2806.00081444134
2068.47681599356 1537.29425527315 1899.7088775093 1203.67692346011 1232.83111262371 1473.34042454678 1336.63454108398 966.315805975646 1913.30416679676
764.983738126229 690.498113740283 733.292329549347 850.191186594314 902.908581090254 750.397455172722 430.181069098569 738.158472890701 637.458371298795
9392.3941535516 8312.72725914114 8588.33201726783 8320.55543699774 6911.37968804629 8799.72443271871 7269.98790751836 5705.59984018531 8138.36908445758
4464.66564405877 4539.64572877118 3456.98042112707 3604.60705212775 3891.87041457154 4299.26479495062 2954.87872097923 4713.09621068923 2708.83199577685
683.848514861366 563.980223830249 610.16249159302 775.594835425078 665.015639523524 767.927837802322 484.299094964339 562.391989723229 582.801900301461
1493.48565932737 1379.83459864977 1045.76489884277 1642.76297915429 1579.09239845922 1982.90522001104 1606.36254407941 1336.33628131743 1037.83013540887
4490.00735099126 4470.68414727216 3032.45758830488 2383.78975386139 7102.31962265678 2175.27834718148 1060.51966107626 6172.46838010458 1722.85611805229
1459.78774817313 1283.47690794355 1276.04194394347 1663.46051860286 1625.82813893411 1478.72377501837 832.536405367466 1353.68785105324 1139.76796844697
14281.8123866184 14992.822801561 9797.55455096654 15833.1163063129 16159.0034945749 18637.0184896536 13668.5306595715 10926.3966759075 11001.5501124774
20487.2601144642 20912.8720835917 14041.6332952907 25510.4032265105 20514.6692766255 21512.668685335 16813.1975132605 14708.6635291856 17641.213084188
3941.97217725137 1992.6873044992 2419.39067960499 3910.98526320275 3688.12123815924 6317.01887251441 2394.66810236465 1909.8274317799 1707.59551023226
59783.4601430404 63573.4148458589 56345.1338006389 66008.8346688329 66068.7795421558 88956.3602121193 52041.867979733 58327.2358885404 36039.2065639404
3025.8749476152 2418.57164226818 2710.34512942611 3621.095265132 2938.29029458064 2644.28144401898 2614.7548191941 2262.26362229904 2404.0704044809
18074.3047430606 22396.3096991977 21120.0921658645 15554.2925936218 15801.3261159844 19932.0539949343 18898.7922875762 17887.1938743364 15296.9976334762
4688.26144280527 6100.91071829934 4721.33696273106 4389.54884217949 3972.91105031863 5632.18869281671 3960.44513588968 5363.94193219195 3469.99205274088
308.049028047092 288.311975796559 253.398144187822 295.734479707934 329.527542744662 331.00740803506 232.027973823416 289.402952188049 274.6180226596
894.384134890896 935.735557567407 413.826943916329 1667.19493293308 1386.68324089314 1562.51832686261 752.114431829714 807.753562258099 607.721303318465
6425.0644093695 5835.84138581896 5318.09164492985 6101.74674564645 7766.86958823591 5463.27499325148 3601.61131519834 6609.9524997387 3888.32065458686
1425.87336515897 1109.97996960458 1019.33886856531 1224.64327643573 1429.10715127111 1220.33516154265 690.524026545612 1186.69872436033 826.201772894897
298.530393606513 137.104476221254 232.668445580013 216.324419799847 260.00613177991 248.233511608042 75.5750622355661 126.296794408554 266.202880530922
10507.2511538129 11701.3969087842 8861.047279076 11541.4184924414 10160.4474909622 12158.5749143419 9068.11857864661 11391.5729489747 7815.56161534872
261.277358370832 283.030540937167 213.170769303403 332.076651297243 212.788063608668 349.525913920678 171.86533182963 207.77157689363 204.021925859616
288.276566587344 267.581721016066 216.220903787748 305.536189981579 229.114399751133 359.054066782354 185.850651028198 255.764965849623 158.90235144772
5612.6614661224 3371.0468037846 4215.40786987889 6590.30554466483 6091.39884661097 5517.88452537343 4953.67978838906 3788.64925961164 4186.07892863823
1350.98283325649 902.170632316798 1754.02658770782 2607.10150851249 1649.01677341501 1024.29619989401 583.913088687544 1666.80080565657 1146.50331632128
623.781864950461 598.687202383773 443.492629421497 422.689322208363 929.891695416368 380.527185677482 226.609984607029 793.839437026792 282.785127064948
226.874883575457 250.489805797684 268.293068090629 277.873330702515 302.549090069894 301.497911706097 184.689746980577 248.247593162955 208.728812100622
720.604599447426 919.290669625103 471.741717206184 1092.88811011858 966.929716892645 960.474520916585 830.782877836441 742.57048950909 645.599514353809
1929.67225079446 1688.31065330319 1553.44782260937 2059.61693893369 2040.14487339184 2358.441464313 1915.52606879575 1637.82217930102 1462.13445442023
2059.36816234839 2847.88354709412 833.884635525424 6099.13717935699 4604.71791864435 5191.85842910753 2412.81908074978 2620.26807869958 1063.19706439049
983.895417572743 841.009566144397 883.84303790378 919.978736149149 1014.5866147152 1269.20661837458 1030.12186958556 814.573697167032 516.778423474639
19581.6126621148 18759.0386092955 7409.90395628853 22220.6101475992 14179.436923195 15518.8715984877 12011.2368817653 4406.62041678656 13150.3489441953
6436.74672633642 5926.91274703984 4336.48692774018 8809.25483026922 7593.08535981378 8684.37340868946 4379.993332054 4661.37243874419 4702.92998905802
44879.5595465434 32941.3998640143 47381.550909192 70485.7322445088 48490.6402299137 39639.8976099361 17929.5282932776 49687.5971393875 34330.807784034
28362.9197944136 31245.6237614628 20241.8681344155 40634.7428385449 32426.9953066492 33591.7001833778 26315.6914392435 22345.5717412478 24657.7871876036
2499.78598991087 81406.0889769101 17591.3323996781 311587.687320186 10345.0801246335 3090.07991570231 796.5349577137 2206.94167287039 3313.66501578208
13723.4609825739 17595.6328706331 18943.7982611181 12978.0673316129 18055.2107384482 29798.0868328258 26475.758100049 14162.0040527605 6379.53229390741
5016.71419548727 3325.88301257956 5700.27361223221 7479.42417073604 5906.74535801153 3999.40499139357 6190.07899630547 3586.09519994092 3849.62964477971
3287.93160274394 2628.6783588711 3075.99033298792 4506.61819592809 3767.29170878141 3300.61127339543 3642.79706945254 2078.75824841316 2764.61369003322
20619.8770847573 28346.3431251236 23019.9095537292 17029.2215150531 12128.1375234103 12060.8786286323 14806.4140265874 23384.5004237351 21730.8101343758
4634.25737922102 2487.30993328263 3757.75482523529 3838.6396745248 3570.79545321939 3925.24318879754 1710.86575602281 1903.161976537 3691.63185077967
3104.4588723192 3081.75596960872 1520.68009874854 4618.18793563303 4064.97827048232 4655.86519820699 2500.04277178685 2251.97448612047 2476.39436225105
13716.345199199 9164.51029171253 9523.85374111816 16059.2251696909 14508.2368030328 13231.5527722795 12052.5144424534 9311.63470982552 10465.1663697541
11870.8880009106 11900.3283122497 8073.57481561148 6264.08344631935 18917.6675475895 5738.21145192014 2749.24130081996 16437.9077978999 4568.42274981688
611.556829985533 863.413210233271 729.090522359594 848.673453740965 637.714632407837 1026.60533300863 552.004499527733 693.099875794271 417.653701672919
56900.3669899432 56549.0796762429 37399.4765200357 69396.697230591 55952.2833873172 53964.7499086447 39529.2667989199 40097.3792760691 50948.440508947
4859.75794289146 5137.02609233214 6092.65714326483 4891.52835507779 5177.12493629028 7608.76874439628 3707.2239659789 5083.50872136641 3759.78677108569
2517.79308002775 3043.39141240227 1636.63163685063 4070.41245805511 3435.79126666485 3445.44333098754 2739.54308422828 2534.58558195263 2110.68793297263
2233.74574580372 2351.06910251196 2330.97097327952 2626.1205510097 2516.57733933368 3209.52675946426 3058.88353000327 2482.30589974596 1793.60490438249
16403.8192087791 19433.4549343636 25117.1469220488 19750.4546766822 16276.1584187927 28571.6562905808 12623.8227080407 21098.1203513151 14831.9486697143
1538.81154225332 1551.71273415168 1061.54974220913 1604.82698444097 1384.93526726598 1377.09385042565 1207.42248749657 1215.14422412551 1292.37482244057
1099.99851654457 1225.1034203024 1098.10705718685 1118.63942782379 1361.57491544212 1589.64766381597 1228.74037179258 1099.60484368819 771.101428656665
559.381938071671 730.508979568177 719.736656811722 661.585273938366 402.609169898296 558.536922086614 325.74690179437 642.76743240481 510.570988181468
4598.95046469146 3985.59146577742 4199.16137749099 3401.7477650904 3164.98581672334 4141.02008751016 3159.33268518219 2821.32567309332 3856.13054276437
416.797322694354 229.661831931605 693.563142706809 717.487284478158 914.481680186176 3355.68138878635 47610.3759284624 648.755774268291 1288.74081118016
289.236966729996 246.943583944483 252.035096035803 336.482892223361 334.899442022547 276.907905050772 170.432930897499 279.382256599003 234.650261641654
6369.29837516628 7055.05110199985 6548.22098587209 6224.15816644779 8020.26914564884 8493.18733606668 5787.49983255668 6610.34775687753 4262.03379583707
8128.80426232786 9154.16376949473 7227.75057151511 10327.5673958029 7034.45868019959 7250.83509219604 4888.10663380786 7402.80946068056 6674.0364965051
8960.87956990925 5225.67716189303 4530.73953758292 7563.23509004884 8512.42454231541 8490.54713870607 4545.2610718054 3670.71007774281 7823.51342725076
251.989827167852 231.842642102139 233.677272062281 305.274519372791 300.552371167558 249.713019107024 137.52087934901 266.946022151005 246.605675108899
1200.10590936819 396.664559571803 768.444568178347 1383.70089426231 1320.16403960483 1047.94084401464 837.20339641475 834.273702167333 816.978480890387
1270.75754092702 737.499848575167 705.851356519719 1230.63380718047 1094.85158689891 1393.7778524775 851.530817304879 742.510849461193 739.604128788236
1800.17371056856 1350.05688331871 619.423812044892 1645.95085773643 1908.28704492306 2069.46569394354 1256.92282414875 637.941453351324 1666.72837053756
5953.85160109978 4572.026801679 5117.84228636295 7938.55621108635 6586.30131935594 5576.37968339374 6108.44810928527 4261.00351926652 4850.44424093926
12945.8709083745 15418.4665011878 14144.2938619443 12617.041790084 16004.8784068221 21357.9115917211 18878.2807869971 14578.1699707626 7102.46893037301
4470.92931537903 3821.66703292239 2708.64124947521 4331.70508875438 4751.32207340026 5149.11953585193 3175.96616767227 3235.49008205178 3327.02715684553
6362.54459636788 7996.27185444551 5159.25924314165 8103.93691232325 6684.38122762737 7111.82046147727 5240.60724536315 6687.68619755747 5929.29428611607
13097.3513980536 10277.4716006511 6676.86973993982 13946.31333548 13582.2610799856 14339.2350964698 11812.1042974833 6609.63788448491 12022.7410329006
1224.59795488721 901.69924921995 495.467956274305 983.874041256428 1143.61863311145 1163.49359275049 876.150569531002 486.966051196936 1159.05764516807
1672.58668343733 1659.61589040347 1006.27679944697 1831.98900565162 1783.96154200129 1764.13837583939 1572.3077491155 1206.35085209127 1622.52398026526
670.800884157345 437.761833146153 752.07567554145 1061.76975431762 794.161667970969 570.035835864984 631.53740287493 586.207992189257 524.662059322755
12615.1859483029 12708.2424525069 7834.10093233044 12917.693286699 12692.6905661961 13732.1638291802 11984.6914826835 13207.5151051323 6875.78392116949
651.054114210663 605.444608274581 502.486462198444 585.449126306985 765.041974715181 630.198423640012 432.62378565151 615.5074846895 455.13587946634
11249.4374487301 10953.8461718148 8700.60392985867 10462.9157762864 11436.9018292249 12022.830543113 7842.23529921871 10621.5457826778 6987.00524462047
267.470629686281 247.207808597998 269.883178009555 274.968118736337 249.066138834763 273.534137130757 177.785420788342 227.0323134755 231.879032418252
3508.89610005045 3743.86178079718 2239.25348188973 4264.63680257124 3841.0437866402 3919.75159798758 3765.86910508287 3850.8759572246 2376.46783935819
1641.54188067174 972.017745033647 1440.12342200945 1225.33875132009 1227.78695587245 1305.2544762032 463.256194403997 799.64242872921 1435.39864891991
93.2436542178946 98.360562658366 72.9826176895243 100.387220498525 92.8105548462991 109.927846428645 73.1065797289017 59.037841893413 89.3638591577846
2688.05418539954 2554.80713319561 1893.20082763561 2507.23541954571 2968.78340701002 2438.5507060368 1292.9425141957 2493.07046769754 1843.46465381524
1497.39915797186 1436.25467369351 682.741754458378 2751.69944272462 2333.71493616355 2487.35220926143 1405.0635214562 1194.56408192945 1039.97740143894
19874.7136487849 20488.615147812 17156.9394379001 19947.0958197694 17066.6136706912 21499.1076091462 14347.3399159156 20318.3175242192 13402.8549044086
525.561045078462 461.92180474956 403.64738817803 622.420385808633 561.012559868567 540.079780972285 468.320465452759 336.588822464968 495.078106459468
3090.62932843807 1588.05038014002 3131.56286600673 1884.51043151822 1595.25138458502 2891.84134299014 1551.40702803046 796.934454948297 2259.10320038666
17481.5748822149 12570.0729367156 14919.6935882939 21821.783801366 15437.9717261549 12648.2001398794 7893.18240589536 10300.2268993914 14278.2389652905
1374.462957402 1327.05219135497 1245.38892473567 1857.16754647045 1719.21911775612 1548.8730922687 861.309813517043 1462.49253853345 1210.58010954516
3975.39945481723 4098.64596986313 3886.41876830411 4565.85765484104 3928.26886449607 5043.92988365997 3058.23776322625 4480.01140432644 2937.0639292704
3937.52637805323 4205.23358904674 3246.58651872029 4612.79271955021 4102.00395373325 5160.40263517851 3460.92878123933 3282.16933951607 3511.87835899064
6073.6599035748 4474.85310131239 5480.96590120856 8997.99818674639 9068.96944746702 4982.05832195309 1716.41909795675 7262.38361968293 6340.84484832102
5501.47344761927 6449.8760419015 6164.57778556458 4552.20794911716 7585.62594402212 8429.89773536198 7006.39439006997 6170.82821384795 2638.34708171127
3825.46476958038 2308.31214531786 3900.0091121109 6211.4710216646 4692.16404919078 3618.21037865568 1898.27790178287 4203.48163777369 3171.89096864933
485.682454801186 454.668599320884 313.121880203672 565.781198118623 392.245326060839 437.393325906806 353.0220116736 267.772766276548 347.362214388006
25010.8754681602 36415.1296093656 43836.3989147463 37073.6892758482 30578.0629176044 52800.568684768 23134.8049278225 34968.8676400833 24030.5417793035
25027.0806509362 11154.1760311138 24242.4998883139 35416.0096221542 29211.7481260988 18988.6917441173 26447.51357515 17277.1827798523 18098.6629753741
2429.83971484536 2653.7293692248 2936.81215231265 2953.19867452644 2715.05778182243 3679.80155618417 2239.6568304378 2368.25307351465 2150.2012479117
2659.82840850507 2985.5028049688 2832.33206372929 2996.47680204933 3202.83534642017 4008.67705840987 3224.13761121089 2863.29793707189 1810.88624485823
1851.67577344497 2276.51368497549 2736.4705537075 2577.93131577437 2236.56219957078 3881.72236448604 1489.32399994427 1986.08237820113 1135.8736287984
15101.1459240927 14653.7648072377 15440.1424845694 13636.869749275 14359.1690079635 18107.5011898791 10257.1894599087 14239.2808523953 10953.5606203755
5018.90316569951 3534.25277391966 4987.96257370708 4148.08741964017 3833.67067033992 4046.09967358694 2051.58771639661 3283.13994515726 4461.36559331665
20819.4550553037 21444.9976332238 18266.0767255284 20308.0512530365 20919.7827752117 27583.3426656249 19190.9821140638 21752.8538549991 11119.4945519013
336.164966449235 356.704573455448 344.975451236482 441.94455928503 473.7016228457 444.590140503286 306.355410753798 397.73965592382 284.618488527809
13996.419433254 16662.983542735 15121.4739965342 16422.8961352816 14182.917777913 19538.2378404237 12192.8279993079 16872.5405389196 11054.8739246432
6765.27933474872 7224.67382378108 5260.23701649213 9561.08260873311 8166.30374595245 6208.44697638474 4147.35565981931 6862.91240601221 4714.49104340914
1131.29995462648 750.515329726905 1292.40840894508 1685.35811552427 1338.23252929591 954.170336623105 1290.78715894809 863.743608783172 871.056153746798
1484.13268444586 1747.77139042436 1809.70264288858 1602.25537383945 1832.46392062216 2763.67540954316 2467.25197220755 1583.34569368534 854.79779994488
988.405706113783 1029.88686495802 867.420016552898 819.610168637918 744.215188777888 1029.90612466781 654.208995653091 953.288118236512 570.278791158009
0 15112.5918297117 12161.4549743463 0 12722.4291621646 20419.6470181325 14800.5057643323 5266.11076977265 0
5590.22136148314 5246.41014246766 4822.82992049038 4673.270973013 5942.15879748235 4177.31398905925 2281.68890800885 5141.53552144812 3611.37433407208
6520.54206302636 3901.15344079385 5967.57479056214 4718.46081656936 4286.39205665421 5274.15980220666 2631.49585916581 2523.90749920898 5418.04967017343
1425.20479089825 1206.120063176 1042.40728992948 1126.6388670081 1212.71263802368 1459.15369010529 846.39184277476 1136.32624590902 793.746528889052
685.906377194181 668.778127469668 587.965491555986 680.559114326848 823.457864338668 640.251643678429 462.580813097339 704.366305794131 437.918104392116
2660.86530862382 2627.5970862644 2857.80473073127 2487.271562787 1751.59903147669 2130.30309882004 1360.38730548396 2375.2851155743 2226.44576603464
1411.73491894585 1504.75868695734 682.908557068226 2281.09978974009 1974.6136411728 2132.47690485705 1265.03457107965 1127.67560996446 1099.25067126982
16090.6008646605 10406.8819015574 8360.55630349873 12961.2692701989 15439.6993043879 15211.8519605692 9190.00578427474 8630.34443905826 12523.6111457287
27547.3960836922 25742.664873412 4408.52998865823 7613.87738364847 20548.6673287237 5780.6127064949 5400.34811282776 22962.821640515 8360.34878717392
13209.5315228691 10794.0728928707 8401.64669659714 11381.2939865491 12115.9861416378 11301.1349056377 11167.4491935613 7343.43627227583 12719.0062935177
17028.0146854131 20648.4063221316 13112.578383696 19011.9753325103 13675.6022229773 12948.7617548776 13137.6707075506 12943.010620523 13589.0861288032
2136.72940953419 1894.48167130435 1676.28971546086 1767.03812877848 1844.70754496407 2136.46460560078 1461.12587801902 1849.42175054262 1257.29876358283
10309.4051324289 12379.1704612982 8818.92565207399 10806.9638879093 9411.17810394363 12610.2716467517 8249.44593476606 10307.1516990302 6607.73221235505
2105.16310528755 1495.16627793809 895.021590733773 1801.78281156464 2176.60243098648 2005.02888860478 1290.35654258133 1242.61997897201 1571.64615515814
1312.49270644946 790.1591417844 938.666273103949 1313.41031929671 1029.84325505715 1423.6676762107 786.627634920186 840.998865406057 824.154802777547
16401.4101068111 8087.49623590163 14301.7486338038 11617.0078757135 12744.8419303582 14892.5413777709 6193.25025577062 5957.97235787001 13881.383535597
2123.33429352513 1750.97076157797 1717.04850226463 2536.76641084952 2458.21467605589 2035.5686008417 1221.59302824233 2101.74561278626 1763.38898433259
12645.6065716724 15686.1262898664 10602.7212302167 14044.2968587162 13324.3794991779 11871.4923757714 14904.9593689792 12247.096713489 14398.2557015019
271.910335967593 452.094104256248 474.102425608918 593.937599661955 338.887573583787 639.396743057093 212.695621909242 382.327417876092 152.632191939605
40463.7209827487 27929.944208665 30183.6748363105 37626.9561957544 36861.2767570539 38426.4023912168 25803.501574057 21047.7395365044 33617.8680428968
717.130930193014 1456.18845699498 457.451902234378 678.612053008544 426.89343891242 7594.03102479825 435.134708405068 28665.62205638 8361.54743534569
2401.78115626706 2401.6037573798 2312.62444436618 2912.37205010242 2336.97382586529 2295.04525623567 1333.45533034789 2538.45014236274 2050.00248167818
43423.6970228894 54090.6281015421 41843.8062747484 52322.8132131302 44961.5298940827 61833.6660416338 47002.3295079253 48484.0988425738 36825.5130694262
471.687277336253 448.672892940794 446.471603357141 553.560610881868 545.911207164276 483.025273813468 294.329222101319 477.372787805772 462.365359290917
1120.6467954746 736.21626729733 962.823601141165 1284.60541904846 1020.02122648706 1071.62753841803 974.487706570166 753.02098640463 734.505663022331
600.859693311359 760.692320318193 662.638624951396 804.643856067677 506.688253017559 754.645179676245 536.65780656023 596.762197085726 479.049762254831
7897.33343422555 7867.88270032257 6191.34661574119 8704.7443646966 7696.39125329125 9171.85762548017 6382.62207848917 8636.20922843702 5719.30911530305
10705.892447144 7708.10658648796 11330.6425561785 7583.35831945192 6216.19425333275 9103.07311836864 4595.69175718491 5941.65805779142 8632.94848049259
17023.9916695211 17780.7570862433 13382.3358515397 15167.4661506757 20919.3074743621 20111.3966528616 16809.5543543954 18042.4084655535 9657.97882553702
6733.03777322919 6863.35814986405 4942.72207649377 7314.6042297676 6758.95138626663 6993.30146289431 5449.79870518135 7549.89907553962 4752.22042723564
9575.11247937663 9651.06901602978 8239.1948929541 10019.9765437873 10061.7070863602 10557.2255879715 7001.94881722415 9939.94943509214 7114.69415441592
466.749921896943 200.697878592675 196.93814348898 448.266312044376 352.935162226618 509.955974430344 262.159793677296 258.568603777449 258.236976668404
14375.3250960701 15368.630836615 13799.2107296397 17053.8975933241 15380.8619507817 16944.1467112658 11331.7913214809 16353.7841156935 12051.1982119915
12650.0246821715 8869.59509992852 10852.3943638156 9823.18695254859 9118.05081457411 12676.8483960873 7752.57956879651 8014.12408133461 8445.48121038741
5756.12488226146 5835.21933049825 4768.21448871474 7551.57735982004 4521.067985623 4675.1746065819 3417.5872118395 3908.51427303447 4231.76347220723
142.10395226107 147.600066716813 143.576317659639 154.197278157794 153.82066328452 201.825708567474 181.669262927236 149.048116833171 124.931349212247
1149.38976990724 607.967224020527 1043.13331362374 1625.86246584808 1332.92266201907 937.866229141276 873.216081068833 901.012037833898 864.99552215103
17018.5285604587 14384.4251983656 16074.259964941 17291.9475904398 12663.7151495849 12981.3586512188 7148.58219938261 11495.9845302237 14213.7628367582
8788.1786632838 5250.88355282702 8927.92473111756 6029.78842161627 5248.07070519191 7688.95877762338 4735.50027406569 3192.82279115662 6821.66771845327
909.980398208184 962.276311672642 610.468621491146 1044.14466355983 1017.86887524793 1003.49448818281 965.649580946511 977.114586146991 540.517995742031
2323.41117334429 1237.24414836798 2067.38250060696 1694.21057996687 1827.75533897674 2184.40141077089 912.865996083406 970.281365880074 1863.19677381157
2693.49149752747 2495.7068024422 1401.3644903728 2582.82141591255 2892.93764653358 3077.92202760471 2114.54940769147 1742.02226036771 2242.91382110649
197.76645148863 154.903533083474 87.7083488232239 174.771951907408 192.155397070208 205.869908148762 140.327075531538 84.8059541346955 184.215825698317
4807.08177265055 3067.05734385379 4454.3040507586 3964.7606668614 3466.35208671749 5368.44997678562 2477.57391003829 2633.07790995288 3138.05036185723
5163.3541283516 5579.49182071892 5097.11174885117 4348.83271930994 6044.75669416177 6989.59813622225 4399.89457756161 4603.60412599793 3171.22863048645
2704.64278451073 2556.81877038941 1844.84888737255 1681.39756362008 3932.81276931459 1625.96875569035 877.508416030112 3408.60382387561 1237.54660028498
4977.42488137295 5925.72279305335 6912.97894603325 4025.58380144455 5774.1724401733 9532.80933858873 7361.44697174773 3961.50713367967 2302.76129250527
15022.2038430583 14466.2192273166 11993.3819124656 15004.104191034 14391.2639151969 16553.639646598 11632.7923494871 15413.3194445094 10035.0093264708
443.49715226138 464.727952081309 254.483674682673 338.159645247255 4522.12627277322 18064.3773535115 15630.1770112082 402.821340028098 5353.27426693545
4625.88258854786 2987.09999248976 2986.23438634252 4734.03503900506 4635.8997245643 4015.29197753975 2857.86792200828 2247.31384071126 4121.66825088204
4628.67953803369 4419.54758680404 3927.38872700794 4465.67648107101 5300.52824170373 4249.93906465778 2635.03264126156 4787.80035069639 3009.81048801776
2621.71466895474 3011.85849340168 1516.51327618698 3307.10822049563 3002.38089505691 2874.22943616218 3566.41536883503 3264.78965528763 1473.90744095572
7418.55566219411 6240.96793144807 7974.64416046911 9655.06492157987 8782.32368994202 9087.8636652149 9729.2391976797 6349.61542701594 5202.7885888339
0 398.483662973943 0 831.498272889761 702.53413972714 865.819513501007 394.859827981578 0 0
495.047996592308 333.011109514577 502.764512135857 656.499916354077 544.428401667181 413.103832012311 520.616004727324 369.997094561673 359.069272627722
351.147488232932 369.581292817624 311.823666435328 411.741812394321 357.497329574946 458.621494107367 321.196738877184 311.932210604136 312.28796759661
7432.16645951687 8499.73424655038 42168.4352213557 8890.21468672711 10326.2372175025 30807.4211769848 65484.7441595116 9093.86578627501 5425.47059521867
11743.6148630399 14142.7826217899 9399.35952179225 12241.2545640282 9404.45773485604 14240.4139822303 9900.68031170174 12164.7906568704 7411.4783087058
5163.27062984811 4217.49526055015 3851.19776536835 8772.64832197077 4675.08090192556 9678.97424913306 13310.6777568136 7263.70938500522 3871.78834682247
454.438169703577 263.508125665482 306.636087144656 433.657447347506 422.722972066041 436.684756677794 267.098563948581 302.787108028211 342.301905813654
866.422353521222 4614.05998997035 198107.365643693 486.085836512992 351.479581748307 598.449833162631 43973.3554014433 435.682506838323 54399.1066242952
1351.03485501989 1234.49155057906 1085.33227104466 1192.67962876217 1589.91066969162 1144.97523032173 774.96349116011 1327.36750624015 913.598948804163
13372.9773060525 12962.2197028319 12007.3158102693 14078.7729361224 11063.6588237097 12800.0559383413 10220.493800392 10230.9969575586 11021.7833292541
1870.93615718603 1768.58451257575 2004.30741163798 1210.98717583708 1057.80105380095 1495.65693548616 1301.08720873417 1238.53921961319 1686.46375256046
5179.21062749043 4668.87432997281 4823.74978732436 5014.55143279484 3843.07869210541 4728.35214096367 3358.69621366783 3368.27607388189 4290.708652639
2233.34988185224 2135.75930407434 1773.92313354148 2001.89447392003 2528.46245783664 2684.57295291215 1905.90627299036 2163.29098337044 1378.70975834242
2350.88574626313 1747.76056612712 1665.6959240869 2292.65920359084 1848.73839186381 1821.962181551 994.632338539546 951.833434261375 1902.75335484634
27621.1293798637 13176.9109211705 25225.4513941451 20170.9879796684 18814.6408850957 26836.0836125892 11962.5618700493 9072.72494803352 20533.4087246801
1734.65166237761 2302.21728979837 717.877068572726 4656.04978167185 3591.45422171337 4027.85493539527 1894.13293860657 2166.37407729275 885.495113576926
2031.83924124823 1523.2889824032 1750.50688743798 2178.80341125368 2084.13428474932 1683.2942703286 671.262111073541 1595.80169957465 1905.48589031732
3668.38363338228 4059.82380244579 3793.38255502052 3357.49908289016 4482.15747731556 4498.88336948356 2858.19531983792 3503.33805945299 2461.40824095393
4657.66783848462 4708.31201172536 3263.80520910352 2410.50350970215 7440.45600340308 2393.04170037762 1134.63382108826 6371.74378746281 1757.29459660047
8678.05924632117 5133.81351304464 6116.54058541285 8160.3810201059 8078.64970233879 8412.77196714297 4021.57016480571 5841.17210558492 6171.00425393413
2159.32211375653 1809.11130696067 2279.66518195778 3463.31539265828 3122.67577309737 4081.10838682942 1515.8731736426 1863.6703710381 1186.47457787206
1990.36583475514 1117.75833470121 1623.80808045628 1671.39811480935 1256.85848477673 2002.13536735381 1212.09148782777 970.627958860082 1241.51964838658
38054.1553249077 18695.6746350529 36571.6398954063 53704.5251590049 44466.0662760268 30521.0219863592 40866.9225746236 26737.5615715165 27659.6274740782
66202.5382437221 62045.5441788432 45292.90855313 66271.0525286599 59811.4228832171 70179.3224407171 46531.676072041 65104.2557350518 40312.4603404738
1164.24164349599 1004.84420057908 1017.29808245594 1110.84454399962 1270.7934649075 1492.06297371174 1057.03637747782 871.897306767047 650.601062053241
6668.97454115281 7373.17781161 5168.7171994537 6070.1031669588 5197.16912514526 8016.14308822691 5548.68627429689 6329.10170592567 4681.47434089285
478.27626428308 392.504878292021 313.404533767048 365.602593353789 321.789354077762 448.444215752449 283.111691218508 410.581419934406 224.581016858548
2575.85434835732 2455.06184137302 1692.16729957932 2264.84169627888 2090.4746099405 2878.63847554495 2060.29015703737 2278.52811161861 1265.2338057954
1970.8942752149 1883.84451931186 1388.52505699997 1737.20767789198 1662.26044984535 2168.56332262503 1441.51690003355 1731.16481914928 1032.00634516568
3956.2598128763 3447.45820288801 3080.60781486117 4484.00723808254 4474.98717149726 3833.13460873845 2255.66122309196 4034.64421399649 2946.55829573624
1722.2332172831 1607.63695395242 1227.0787803486 1846.29268610581 1713.24509317297 1814.92855903349 1181.29330081625 1688.25310281836 1099.90201543783
3587.47766851373 3311.65582843129 2662.60073835549 3929.5287053525 3856.53775630263 3813.10570616434 2345.7884275243 3550.8235215416 2493.1458170099
50159.6360527855 54496.9505280535 42173.243982351 57898.33859942 50654.4354509136 57708.9464789257 37974.6956638562 55976.4581486674 36673.9130260056
10561.4231342114 31776.8521787119 73211.7657558471 15794.5099663889 13504.7395751866 26875.7119611371 33551.8283001008 74724.156580914 21069.6010585132
5680.12153964753 6758.24787454265 3568.95590022101 11599.5377245712 9349.14494313735 9857.83380467259 5985.9913131085 6494.32174481589 4192.74899227367
9003.60437022146 10354.5633616058 6652.90659436352 11383.3169071373 6169.10679483199 6256.51971977632 4698.02879605047 5767.70912569718 6634.08199048609
1228.33737951964 1250.96178751301 638.95849206794 2061.07256953148 1766.57480993665 1995.77592068638 1127.43341718479 984.398801518502 893.131966529299
12471.7224219118 14066.8182479591 10796.1413641407 15476.8946493274 13119.1369076433 15714.8324008791 14402.9262038729 13436.1905277841 7900.4745582086
506.851142532052 475.883772307194 553.874160083842 403.787033554083 320.818518862737 423.665767880196 254.145267711309 402.799941992539 387.195777695998
881.243623973235 736.5029024219 430.993525789597 905.566524504754 947.153987572779 1035.11708030523 668.276186130348 513.432247926681 735.882346637822
370.214081260694 401.091304244014 252.924395725138 423.940887119571 434.856853975561 382.352836295489 369.231780615607 414.05602049284 234.990945627355
2815.56139373845 3432.42588379756 3840.74779966231 4359.93424615254 2725.4035831635 4132.87437473943 2208.68713914192 3099.35269201085 2210.74828153514
3399.86103823934 4468.95866129366 4362.39929412249 4825.09373432018 3555.8978539607 6214.05479965468 2847.10662357345 3431.46768327437 2340.86827736057
1692.52594534079 1546.73663510161 1714.13197233706 2394.87043741259 2332.12414339606 1618.53090738617 952.728336394316 2026.66370585346 1769.72169369191
3680.38290336748 4585.41601957777 3397.29416781678 4633.40810064147 3305.65005913397 4548.43079416837 2596.86066402434 4036.72586148647 3000.59262786309
1674.4782933227 1870.03150469502 1742.62379038019 2066.64162200065 2013.5099269646 2289.61512013041 1861.06598041794 1899.40521640843 1513.96232694497
265.570430044071 259.434157046672 197.451140443071 189.743611781771 370.399900840288 187.3463852911 124.784231525458 328.46669978828 139.386989317095
316.996757322278 306.678442394136 244.4751192909 203.500572449667 242.015961025002 211.172513387621 284.739825370182 228.031803513807 315.46197752768
0 2114.31169581238 1176.98265998241 924.102989082437 1000.77744026832 0 0 0 1214.87161721207
1702.39518103852 1845.36230927468 1526.89170256518 2422.0700651966 1885.19855894334 1556.46132916057 1512.34222947123 1691.79892671867 1655.3497030328
7542.84536792557 11855.8554000556 4384.03256582198 21032.2167132742 15738.846518637 17514.5258498267 9540.861422747 11152.9859752688 5137.53095374235
1046.05804320628 1433.76738525697 573.906155556125 2744.40532773268 2096.0498882366 2373.60718522308 1148.52954442026 1359.43613308316 583.813719587647
3617.43931579921 3921.44645913102 4068.61691613499 3844.29138631998 4241.87032105708 6257.87367371739 5732.14278259251 3792.10711417791 2100.22124424224
616.294856488558 714.591377048983 670.90852620947 571.218870402801 428.403629419952 423.861498761293 221.46482330429 671.262695292246 537.853585137381
576.677640448413 637.083356089484 476.890299808969 608.951631548355 477.776037321153 658.945730050576 432.32357659805 495.282807494838 443.500719484164
14665.0743201133 18255.6207337254 12934.5282655969 18562.6121340776 13944.9076507651 19695.3955677539 13212.9832780826 17289.1119863678 9459.26621406512
1219.74052934305 1433.2398319983 1123.35489463116 1492.11210299659 1473.13397565796 1605.28525140833 800.49242408825 1373.88131132499 779.363318059035
2719.98569906657 2212.45304857523 1969.86763435013 2689.99296175001 2672.20334659462 2732.86457085012 2146.7133182463 2228.99521465434 2107.04103222357
727.752788378186 503.199675045062 618.49798924257 563.534884012841 616.768903273002 825.001649007082 409.596900353304 380.198159375107 482.511938769189
12179.0511247665 10232.174548793 8457.55826392713 9241.24510039075 10268.0708526512 11116.2268271932 7835.20053253454 10749.5475201995 6388.70688568619
354.800512148759 431.071931848791 372.140404238078 473.922527092365 326.414519513503 521.643952597519 343.128084104087 357.900445383164 296.789725296913
5420.19594476429 3872.3779513018 1401.14007402764 4167.41379437315 5196.97958828211 5594.43427981328 3708.57178367606 1371.21190743855 5196.43011786825
800.637052171214 977.039948164512 804.619217163085 901.116149695182 668.8076413578 1018.94005370083 644.175896639445 770.931489926654 674.078261480975
1111.99552920094 952.569433103178 833.967004576045 1275.60383662985 1078.70425547649 1115.79046994366 894.633821685092 795.354186359214 861.096362335246
1648.88073611724 1440.70008539707 1458.93420755623 1947.9766638872 1808.5287650552 2365.19643715418 1685.37422812994 1620.88869806459 1120.33557415494
597.049592959265 855.332988223102 656.936826285126 868.874992577045 559.790706801554 823.468179256362 519.464439763895 660.236635873071 550.441566224553
446.370612001394 442.905436616496 507.23882369742 471.731531932873 430.970949637839 423.052101702621 378.237665837023 399.826737708885 506.288114409111
