413.914591085769 405.286127505009 303.39161128594 615.755021117936 302.748904253133 564.258966947913 703.113225857006 461.923211564543 316.929399479995
789.060193875555 778.602485474611 575.378767858224 694.933856505846 968.445419553342 583.081530098251 385.12203178042 804.648408169764 437.872264192841
5977.77679000295 6441.57099369905 4931.03597201616 7205.46709824319 6092.24249688285 7431.02123449827 4368.04814236428 5845.09870517767 4400.91161740848
1469.11861139851 852.237269790529 1530.20974752882 936.319408408779 747.430209470901 1429.32932209764 791.910967341947 462.692831496361 1052.98890220743
97831.3496905729 44045.5817219663 397131.239578137 37988.9588018244 26819.2423899213 31772.1839659546 15144.3697739023 22493.2093564943 34450.3892598857
9656.73966473394 2649.17106312921 3425.44609793698 4766.30508722655 5649.75133317061 3954.45018178121 27908.4648842148 2561.66652613211 1708.56000975463
14962.8753142079 8817.19523634387 17199.6152714143 14014.7173551775 10161.5940094776 12829.4448505575 0 9741.03622313352 11565.4187538421
1227.12824072765 992.742679515806 1249.90467141843 1661.70452166809 1394.20148643035 1221.80235609781 1342.54302027117 972.420021986656 935.310035466956
10678.2627648897 9727.95904241151 12116.9547267298 13253.0063269013 11668.3375447655 11903.7482401204 11419.9793558625 8905.43425137549 9553.73549875274
20513.0813471969 25634.006325371 20812.0779568309 22235.6574873866 15390.5311238885 15257.7300076469 15468.8594128038 21281.0380081316 19386.7850190511
11219.7692482839 0 7696.39766746925 0 10557.2688095524 10768.2181135262 7297.04531688359 1951.30926558732 6102.79810563018
2773.94164783326 3580.12319252607 891.8896538246 3439.57864411958 1689.45844704046 2135.34261899089 1989.43009830617 606.445169721999 1805.05065487608
6181.81683419753 7244.61588370738 5777.63969629551 7692.33663370243 6770.46592811158 3099.6940859911 6643.34767713842 5625.15451598956 5130.04771065643
2722.96922151034 2715.77445942969 2032.44444249235 1997.25551729055 3788.81672122106 2062.2269416319 1336.59007515655 3255.88365594057 1402.2057030796
548.12045857833 458.031214554522 369.763575619784 509.655279594488 594.567046060381 511.276380067601 361.00079146465 524.003024705199 308.78322143925
3688.12022751492 4854.6171967597 3072.13685004558 4890.90107228165 3694.78430005326 5248.1169814459 3603.89649896291 3270.97494106298 3167.73505673371
10701.3937569539 8447.77147591979 8616.84571435908 11029.7987517079 10085.6862679622 12172.6905311681 7196.0770132684 6078.24744431354 9170.15419556279
15606.5273910347 17178.8030157045 19705.2748342969 16354.2330201799 17193.3636198853 23653.3723785647 13090.2131164251 16226.0202304658 12851.5943678631
16624.4027578683 12231.8996730221 16878.3957558073 11581.943489295 10094.2561462343 16996.6443927804 10281.2222075912 8793.07003770311 11396.0337781005
1120.30862931013 641.097476372836 1249.91005365652 784.877159626927 712.777500096295 1358.42679127244 642.918906169904 328.401811357801 734.131125220225
13752.8592787267 11998.864061284 10482.5399632234 24481.0162655497 18213.4162326145 19681.519027483 10200.6212447043 11776.8546658064 9151.18357467546
4026.23491367617 1777.03421530045 3078.14259747192 2889.45160063527 3394.71179080171 3032.09706026608 725.708648026211 1478.9958966778 3696.92308010243
1632.82910978519 1383.10632327814 1831.25691629554 1284.92249870102 963.56114219804 1380.07698241414 1060.21454687273 1062.52544392492 1321.21747947461
1151.55253035297 1350.55561460789 1137.7260968646 702.120915389021 809.651633220875 576.368644637132 1188.09538374838 1034.6016142499 1486.03652924767
1414.49599045881 2216.15665931146 1814.82534614649 0 1033.80273386001 0 1264.91092096304 1406.61893549013 0
6012.18687366653 10001.5471206208 6577.67332944406 9571.06157202418 6055.50661753848 10292.8655237853 5654.93425203901 6934.46493407678 4818.85437902671
4757.13858117179 4024.87876474344 4786.9790266447 6133.98532691727 4908.43520130475 4762.07123854392 4058.52038168505 3768.79883766922 3578.63346304723
230.42532294059 223.990921281794 196.25242324713 210.43544260748 271.361785469804 205.768536778325 151.694945488104 232.714398773959 159.240988823491
1939.65646026813 1355.7274346743 1805.46878268001 2348.83838350856 1941.0963766475 1850.3950582916 1460.75290332658 1555.90759968681 1395.05769452849
4724.70730453816 5235.91956202221 4812.3556766363 6278.60675758085 4381.16283698619 7959.87921003241 6973.13596379073 5348.71931326235 3558.1251490036
6814.92491600786 8888.49827694396 9356.7457299232 5752.64196978103 9190.10495156008 14615.3482885824 12196.0654771675 6135.83536965022 3111.75970531016
539.531285370868 513.510362102075 532.384092499814 718.989455465368 691.502268354134 534.536635341255 358.198259911394 591.910963853303 599.099718542494
15627.1478360218 18926.734071891 14172.298664074 16226.4080620333 12719.6248680741 18991.6911299642 11942.5187998705 16548.43573203 11398.4023027968
35279.8200679024 22968.8280829585 21909.2286432553 36517.3194425913 34937.9067451925 38015.5539286201 21169.7928241125 18010.3356822752 28546.3350448195
1981.99169802936 1807.6706871403 1714.39811073681 2248.91121486875 1934.01978028451 2423.9287588227 2130.39095977966 1727.73181596011 1373.96273538785
1171.19179520774 1174.55646957926 1054.67323020932 1312.71847327411 1144.5188787683 1535.06004851693 1211.833900576 1114.67287976304 792.855908776246
301.830990759345 411.427504664424 369.530107607647 409.552764404118 282.93679027764 382.780987275883 292.315606154523 335.604105733537 345.294833489028
4524.91459032817 3083.93666451304 5161.74984717385 7283.51540027985 5705.52966529376 3747.30261733861 1900.58949784174 4918.43187132501 3337.63736990705
23021.5666410339 10757.0547882159 15825.4409031188 17973.9449726596 20757.8261502516 21647.3435239915 8661.85856091971 10965.9672368003 18426.5092612426
2076.01739021527 2947.34015816923 3217.07525141259 1416.78771322868 2918.81976923303 4508.45829269671 3317.96458406839 1862.20591287919 708.568569042201
7007.52896566774 5037.01334002103 6386.24615497534 8493.16348049409 7040.20217429897 6146.40770487821 6083.95617367681 4847.88813138502 5531.63150060452
1963.25770823846 1639.45401172903 2011.15038398826 2756.94777515176 2141.30279795801 2026.5946890494 1980.64437132893 1494.17804964961 1577.96221034166
4912.82539653726 4415.03038850028 4106.41712024605 5713.68184724969 5296.61978836638 6464.26409565167 5337.87466940599 4419.72463101463 3873.96577163652
256.664435244622 226.463099436172 224.22072357761 262.915139694891 248.892247660773 239.648260765673 216.370577842139 233.417887322114 213.593273214926
2916.81961189532 3194.57378340333 2527.32875045071 3879.31807853126 3241.22390766853 3024.68747158004 2951.78870441222 2794.28155969279 2749.86750489608
515.977371250817 670.619300202453 240.868696629885 1343.76720460534 1041.1110645226 1179.57447909776 535.443688398586 644.14886414454 293.386642315349
2961.9108881791 2764.20135940907 35905.2353206169 4468.46222154274 3789.55642021564 3254.47876086893 1970.43131787149 26013.3061801134 1780.22328193723
9819.3640531356 9267.10220012829 12293.6500202831 9754.01319558873 6443.72230058703 7111.31464758321 251359.778380863 4639.26558781672 6557.32798967946
22623.7481659444 16832.9502642515 16926.1280137049 22259.9052314389 20326.6433801524 20770.1601619559 17266.1001217321 12366.7562114198 19412.1437217021
13977.4883711497 14834.4015948347 9874.55068541875 23927.357585742 18637.6851702423 18119.9791122177 11445.0881082816 13517.2662177697 11435.9470644103
612.636642934507 623.827116277299 352.929859804625 888.09876913 774.269299168424 861.743973126961 466.013431802491 475.888358771574 509.408547373971
479.565720476776 411.632648042033 375.011540364767 571.318488307222 526.826436585007 493.904242047095 453.809492279597 469.49941682954 379.927567869414
0 2085.1802067963 1986.37267664385 2975.20078577132 2868.86791733571 3448.19828394415 1906.87403008679 0 1307.83648758339
973.804660621305 790.748456578302 842.269183265354 1162.44417843018 958.505250846355 1228.13687293846 686.980186067461 649.302848775084 683.504165865996
301.035558259811 281.083255223618 241.927449498971 467.148452740086 288.351948626531 256.170635538084 209.894948577693 190.81244450401 217.815992050313
1472.89042793762 305.250884869492 730.21612248434 1314.76951901542 1506.20482660747 1292.41569313974 510.576179259761 859.219453050058 1070.15176108578
12950.6090528702 11444.7580952385 10886.4439032201 11358.8861253187 9220.45787182377 9057.5329582714 3760.98901667864 8731.88254225146 11170.4887729905
3513.38933875705 3767.28155918977 4062.14093747727 3200.43507549233 2231.34095387723 2930.08443079766 1683.5332123204 3468.15183389214 2870.72504726431
9403.52896056418 5154.97158858253 5988.78796206096 7468.26186425738 7798.85798905727 6739.50543495088 2055.77591797823 3049.63271369595 8319.28021348031
12361.8803197212 14144.241968367 15230.298036653 12970.6873911573 7940.20273878183 8206.53499790744 3785.9102832216 14538.5343898461 10917.4935310608
29136.9499218158 15144.8151718519 31289.1624078904 16524.8813689002 12270.844233259 28284.2219082482 15435.8220353426 6245.45976750524 19601.9615890304
8116.67640698508 1578.43296418413 3622.74788161929 6822.40799793074 7288.89388719515 7278.23947715091 2969.40297473109 4145.99244900739 5324.83817623359
36124.5645176993 13137.448145771 25297.6838057517 25957.7237115304 31852.6903241557 25337.0141973923 3576.51450589491 11049.1694851125 34070.9472011794
5307.14777082387 6309.54978846476 6621.22696091845 5247.91057990403 3430.00274440503 3676.81897804442 2265.08193603185 6272.45143366408 4768.39656225979
78572.2944368606 45754.3235497916 66217.0410535977 79638.5113125302 80423.8522461025 106535.934882223 48272.0632990783 50487.2252560159 55309.2413621148
42642.7628888433 37426.2474439692 52851.6531459275 35449.4721533795 30502.0467857163 50993.9386169539 26807.2144546728 36599.6048567824 40480.0509542376
1781.92751601051 901.744919974379 1404.27347280553 2139.13822496127 1856.03559583571 1683.7211725248 1024.83107280101 1435.33427129947 1297.95542378018
8159.23168598389 5436.86851160095 8365.49204694365 5960.20946777482 4968.71891122391 7002.47231284392 3459.52245664941 5060.63523667161 6334.54236161757
183410.318676025 18288.6966030266 180135.289873557 22391.6885735056 10033.8238065635 14621.8189290754 14991.4448809044 3028926.53382206 4657.06086752273
1564.27849447642 1448.14172088931 1141.86900277496 1213.72125068189 1714.44615477678 1413.43942757893 926.447081651572 1485.73855466258 854.390510909496
5508.71206370901 5835.42354714379 4659.15141783777 3019.0809168831 4880.01868260683 3678.8258317061 4910.43828214001 5214.07474228103 5236.29834026142
7244.77978656098 5589.30258513449 2261.27369272319 7007.93604788521 7701.14242641696 8337.50955401405 5214.32254671196 2763.42658016415 6565.45016244401
7835.72642432394 7400.79066578473 8102.10712128701 8291.36539644779 6554.24659969876 7621.32016754762 5414.78997096995 6808.66181231308 7283.72653751871
1398.4640965822 1414.16328742986 1250.56030716369 1092.69360796513 1317.81859341884 1772.04913838546 1377.23975723159 1320.17158142645 840.171064215756
47585.7644154058 31048.5595662328 42030.8711531851 39210.3482643915 34566.5122796666 48550.0608491968 22387.7507714937 25377.1556383622 36413.7832834877
7248.07349603217 5394.66675154645 5255.30490132857 4370.83523658976 3250.4124545237 453717.174235518 8019.62199344255 7446.12587425431 5497.93928452443
4555.22587298136 5958.707692557 5826.06311239139 3637.3011425993 4502.4485865932 4973.54684039304 3727.88579256759 5583.22142867799 3254.3875074243
6615.55519500066 7495.80449994524 7442.83995227686 6734.01419519546 8345.68355166446 11613.8316990457 10727.9450581939 7200.57262954421 3543.61565646064
14911.0905085754 17744.2989933275 5342.70113798624 18363.6900812205 10301.868069624 12406.0906730469 11427.4417665213 3451.60552472678 9341.32459918263
16114.3880341148 21678.0433529729 5083.68841734859 38076.7905007846 14707.3529182778 14794.8712774147 24640.5343840846 5428.37613748162 66258.8536278136
10223.8656158561 12918.9901866655 5120.52403885215 11400.4024960168 7647.92265714791 9988.11295260716 8686.16666903911 2385.71356245132 5943.62545820241
2946.92824975002 3262.53960746525 2724.68184507594 1251.60557961677 1983.12217532834 1610.92485645603 3173.53785942881 2099.01657830502 3311.90722040532
8361.59127461528 9602.42285544163 2541.59652556309 10021.7127183073 5272.10410816768 6189.91354309802 5440.52750154491 971.67116147237 5389.54821831524
45716.774857549 45292.4643101211 34880.3595046294 48747.6611898318 42385.7334995918 52498.0479964337 34690.3572539954 47232.0672205526 30519.7337128093
14406.3853270065 5687.00947971018 3586.93567857362 25855.7360550509 10901.1535192979 4876.70550739678 46395.5245982574 3400.85455813206 3679.25443090317
2599.98927686948 2818.3266478972 3012.38549939851 3302.3266443831 2918.05478053597 4629.2272557234 4785.77173450313 2810.52006447935 1620.21348919613
4696.70076006831 5017.72697477601 4253.35598926154 4657.15792553282 4604.92774722251 6111.17286174553 3967.09982619322 3545.06522211231 4804.25653731949
30312.7840222075 39946.1100447169 38821.4897541662 42113.1944308188 34322.1435187487 49588.8887760489 24819.2460691656 37737.150966013 26125.9336777389
27253.070263278 32192.8270649676 24820.7715024642 28496.3295152357 92216.8012087617 77256.9728024174 17089.4121834825 29740.3818118214 18434.7993361537
6307.17266513255 4713.37023678428 3725.10379323637 6096.86958504964 5631.9908515579 6527.14856310633 4137.49382585478 5373.6970906009 3979.10745672455
10525.8110525921 13240.3336208618 12154.2750449274 15440.0372218351 12782.1890024918 16641.5737444006 9518.21163250899 11373.5587299901 9570.78952747156
3351.34702452304 3156.83696279815 2959.61857587244 3249.19411037947 2565.03439694935 1941.44197298824 3021.80938432618 2345.06851356016 3112.37616936483
33023.7134210037 35657.4783245787 31866.6091202948 33267.6208670043 33944.6588357289 43910.7708259255 35948.3815772204 33353.8850778791 21761.3684273228
24859.518399889 17768.3186837204 22465.704801463 17541.5637768201 23228.5807258118 21598.7945838252 11767.4395805125 17652.1019754373 15410.3230085605
56488.302314632 58209.7378397468 43053.1789057798 56225.6825781836 48292.3071647414 59882.8979160507 43650.1092007752 60657.461283648 42600.7082984092
22830.4443386718 19724.2601978414 15943.2113353925 19663.6453733088 19515.0432815116 23258.5780970226 14786.3425979999 21202.3005744354 13049.7868849892
10359.9519533685 10017.2119819979 7389.71542940818 9033.31384561026 7858.4472634292 10992.682362928 7182.55480390973 9958.17522439824 5996.85918738763
23280.552228561 26609.1291606134 21832.6378314384 22568.6142785432 18903.6746556049 20148.9264468747 15162.9915501714 24990.4367343996 18644.5164196688
19887.378627558 11879.7171190397 19022.6015538682 14221.3760272016 12920.6611423501 18912.0208495523 10360.3807088556 7493.4512869606 14479.4162326296
3781.11381133859 28581.3903085459 2598.14553773969 5647.05197109787 2308.86282688843 3546.94815611945 2808.37464914738 101400.749656573 565893.88162823
8924.57265122001 8058.65982668172 6805.67042803918 9340.10303182275 8935.88008403333 9093.13897901243 6047.037684167 8542.75295428029 6310.59117198273
10877.2479418453 8302.84249952251 6384.27340217771 9053.88028604055 9149.37769939235 11132.5563461219 6860.09776668208 8946.32147794239 5445.74792348234
5121.52215500934 5191.12690084743 5360.158230596 5388.15624399859 3515.27806700274 3410.66461854532 2409.89727561358 4539.32731011365 4487.47868731784
27981.5064559315 30096.9147749655 23963.7036223901 27725.289569585 27870.5178150367 40269.3943527963 31091.8050589134 26058.1779909318 20067.0750669353
12344.9362670505 11202.9132679145 10578.1740895707 15131.5126629651 13596.1993910565 14062.6587146169 6759.09439894802 13019.2328132798 8971.56068374304
4816.70435579995 3863.47315353407 4162.79812256941 4928.33072698744 5388.62985285252 4848.01675734471 2725.61405935484 4071.99245190532 3827.78957184786
694.938344574741 689.02319854628 664.721440359285 1143.98191648948 615.606604516302 1308.935011383 1620.44901064924 982.550687994537 518.162028993612
11617.2567530683 13373.648289856 13168.8970175316 10948.9087702618 15125.4423541408 20145.6882715241 18059.5326198774 12836.6676786492 5630.97481060897
6238.42802360539 7272.5381928694 7181.53232884412 6640.78251687944 7778.05806592631 11031.6772230336 9600.156615011 6882.09486487622 3514.89876021057
7254.25857142147 4766.14535326991 8133.91790213897 0 5405.24374031608 6901.74475751907 0 1172.16309891534 7753.1994660966
10813.2821371439 182499.862939968 118176.667790828 12949.3903547563 16134.4739335967 8843.32475859711 5140.34563350771 7002.306392067 9760.41316586795
11295.4056059687 4751.51078180085 6298.87599108505 6091.4613316121 5690.49481967315 7850.34772444386 3437.18505315346 9169.5776690461 4558.93454733713
3645.10088084228 1069.44719139381 1537.09736218684 1448.62842575398 1340.06923811182 1813.54688525673 585.554173884769 2753.10293215793 1140.35569734158
34896.4387922001 8768.08430700559 8642.11474211711 74519.4151718168 10650.3105080943 19228.9334031007 5640.16989747567 10787.197408211 7381.24932423211
64858.1062114517 6228.71606300442 71549.605873713 174080.047634131 14233.3125914231 9605.98424752039 4833.20170847711 2533.22781045507 30681.4822998364
471.479802732051 254.599231466877 292.090100684922 469.783003578831 434.029866820916 575.633132227471 290.026175767737 287.041992488283 279.089991779266
356.377655110629 384.265200234586 408.33482270736 452.774664377821 409.120692339889 345.71267445707 343.285228381518 378.336122933392 474.437826988716
257.715092759306 425.389361188219 396.003334696571 437.072848648898 259.457776004435 430.214516221866 255.615557050182 367.043445432484 296.25770359958
594.245344340343 515.929165359495 523.237808981967 586.628570116468 614.674215886238 774.81713111042 432.919551085843 394.253534416787 371.376672539408
1921.90559347595 2107.0287504835 1393.0299575065 3593.76098423509 2875.31778747711 3075.17242650627 1686.20053475599 1978.73867733236 1314.75309208932
3197.73172234938 2221.50435409755 3558.04782049828 4994.65015852364 3796.05678388973 3124.26414040856 3580.83696938197 2492.35538517144 2259.50089279567
279.628772767288 0 232.921347552965 0 200.971009412061 0 0 0 0
5023.60710658865 6269.02560537853 4883.43031910503 4388.80743082162 3969.27842178555 3714.61347081098 4247.66856411494 5102.67862118638 5667.61142802906
9289.51246344674 7013.66324273728 10987.347897883 16378.0132777914 10561.4937976305 10301.1831838999 4643.32356037498 9623.03837221606 6621.50821740074
7554.55357616716 7953.25535776482 5814.02719876883 8598.91475945841 7450.50326288705 8730.1470229166 7867.72729586005 7593.68036933404 5125.09688588085
8283.47155807985 9045.42704477954 5931.7396039529 0 10554.3080362526 8462.53588508527 6962.05528017446 0 0
5518.29839730227 3042.70996282314 4008.22313130564 4725.01023099318 5185.49905399083 4760.28052095575 1970.16018521091 3055.30700094411 4569.49937192084
31016.6582041284 22178.8186168729 12197.1282296334 31033.0050551289 80.4080496736642 33973.2520571404 24446.6401047459 11493.0137395966 19950.7749608673
83.2150072777532 99.2571766890663 89.4483502901596 86.2444305627286 93.6006299663124 102.939318806686 81.155572426507 88.8445115763383 80.6761132034944
7836.79779032938 11040.7730127853 6491.46333284039 8780.85622854506 4353.69002624599 5271.07331172256 4403.95153176859 6432.03789000716 6108.35660171688
12203.1665562588 9150.73233200806 9332.70268744815 11314.5656136136 10521.8553655597 12901.0933283004 7161.85331403216 9421.87210485886 8166.37725652565
11085.4410208546 14340.7098156298 9714.22450053211 13101.580664405 8306.97272172714 8580.81044059556 7298.85967219916 10434.674730738 9627.94792173685
16109.3177486802 17771.1440451061 11826.2466880076 19981.5765999713 14599.5294769078 13353.1913426133 12832.1019094772 12676.1414298762 13853.0129723643
9382.19240347415 6174.21588264845 7407.22026768122 7403.50505660844 6834.46211257598 6689.07627319068 2327.87332431633 4087.79127507539 8144.82063483756
2484.4262047029 1374.03488906959 2248.91468871142 3211.0896402292 2773.32233818023 2116.1433592496 2397.95428370224 1755.15165675357 1857.92971420484
1566.07695718914 1346.98157332212 1606.68870209615 2323.15086673598 1695.69789591249 1488.19918629309 1042.31682854157 1575.02083932216 1308.86698428961
938.438157956263 1178.61897900482 1261.17087152402 1120.9572956632 949.391125773153 1292.50062008826 793.039683009433 1140.31545252652 931.282449039621
31605.0502205304 17325.557107979 34385.0228004753 47596.0813491057 37980.4095328745 24348.7845909778 38150.6874731428 22247.1030097224 23623.3431578706
1391.57992590794 1404.27101708745 1334.38017993666 1595.62038179854 1304.34299317824 2242.10868300363 2076.93379576643 1440.88889222586 878.133327555214
1139.51700285659 1304.34505457723 633.858648614913 2006.26609178656 1607.04745659808 1688.54837986416 965.995299047872 990.996746667282 834.472726270323
676.544261659554 603.722194684741 717.742744398006 1048.71442771215 933.580413529984 686.54092964181 430.517547137181 736.433173520264 664.775002105908
0 0 2553.23747749439 0 1662.62179681464 2703.18791364794 0 0 1979.62098416096
217.005358623402 265.531142131283 268.540064243246 237.803035708008 171.239468888458 184.658274580756 132.118354896625 262.601364912346 182.192950010845
1049.87466937212 631.153321061774 830.604154023474 1414.51038884498 1069.72230228892 968.174004822881 494.064498899586 824.266591163106 779.140809663493
2962.99585950799 784.796445446986 1298.32729135726 2760.19120991166 2758.73429163274 3404.78246461476 1388.2582624988 1599.95459705075 1610.42045559955
5533.16625052815 7266.33966330676 3744.99493129721 11385.6287340384 8770.05293173165 9737.17173669541 5896.59312526224 6453.72353424039 4106.88503936112
22224.2629079972 24212.163273589 28910.4298124199 27671.759266456 23938.7963509668 31171.7609366804 17483.5037627049 24563.3532297568 23780.8330392068
6440.17451072409 4835.21541635242 3846.06476157026 7638.18998803201 7176.73686732665 6425.14494653148 3979.61533733556 6214.00526324461 4567.57541601825
7689.47062932378 4297.72179518085 7871.19724002581 11066.6421942228 9065.87094239499 6311.21802122953 8350.8483163842 5741.81550231826 5704.17961095941
9506.43331268521 11121.6725842468 14461.8962705127 11164.1520991468 10176.8935482554 18235.5911444412 7116.0790719574 11159.4041532668 6770.1004248976
38517.4356651044 18584.0525335716 38189.6122449932 23320.9982638738 21827.0602719795 36474.2985998557 17329.5240918906 10243.9679020783 28879.8531822543
11284.2399304321 5013.50249547627 11036.9723971077 6567.49709926325 6356.30028358298 10259.5363592665 4497.20296980798 2662.35444955131 8584.01421721451
7231.0401324801 8390.68181785018 3505.2562308208 9374.0538905725 8242.55177075473 8218.3457326383 9814.91660090694 9224.39002174968 4075.87201358002
10369.4625600173 8919.26520285742 6163.00602517249 9644.09017878255 8882.53026772931 7101.33231371358 4384.65078591462 5841.21908654601 70273.3064902582
3330.31586236909 1568.20778969751 3879.81017732938 6215.13155444212 4285.9292903623 2816.72537909262 1170.22986212581 3702.25538841077 2631.20279961116
35082.4178672475 18955.8958572715 37973.452346372 20604.1546301529 15213.8230283757 35022.7006007673 19759.8895310308 8309.84986810717 23460.2676452231
3169.74584854763 4480.34515001089 2447.74216848657 7932.17180620429 6101.03220070924 7241.23685268671 3596.62195463812 4391.61582159137 2058.82867351209
5308.52878404818 8748.2912709408 2074.99136203037 19502.534179379 14133.6294574514 16480.3790200816 6685.24457325384 8562.06992875457 1991.47695562449
2597.19721513229 2828.87579653797 1519.43058043241 3018.54475093142 2809.6885235665 3157.35508302145 3353.20333440997 2952.65588526922 1425.88003758698
2949.06645643883 2324.88383455971 2320.04294517591 2977.68221534796 2788.8327561528 3066.05505524884 1991.96158456488 2772.78309386101 2758.79888321102
576.264192664785 697.158537097755 599.308665684629 597.968271071642 452.684928669827 777.391584943479 500.499978363297 581.47254219399 611.300817160048
7889.43746276481 4310.47744277966 8315.35876622789 12530.456604111 8967.08776545834 5780.36875792256 3282.71022482463 6869.22774588888 6718.99367091278
10070.969862866 5582.17597384487 9797.68549408318 7763.31266408097 6938.62072922962 9716.4656154206 5234.94958518812 4402.63811312638 7406.66327550421
371.355205844434 349.616940174687 216.146078792296 398.163299667803 389.474460495597 422.692081702566 309.649930228406 212.30152249638 349.265188009037
1782.47198636601 1524.33461187843 1004.61266485265 2070.09910911537 1997.00167040221 2095.61446199897 1467.12217032098 1002.31492152381 1526.11427310739
3561.07459892129 2538.73038701485 3268.48172495167 5317.0544182759 3684.7455067346 2876.07028820603 1589.04239334715 2825.69660941316 2790.72598190363
4125.64312423993 9794.94985437802 4106.40815361761 5579.60951918136 3674.21009829 5207.04037341867 5131.7202513302 4261.71235674398 4628.37386913053
380.323876312575 380.994725378444 334.860558533802 296.323229314213 515.429512583756 330.979799221925 186.07277253277 435.444764145432 205.558217896036
1390.75882139718 1369.44413696078 1099.52222970548 1491.74817583853 1273.56185793369 1544.97513096349 1038.71157529012 918.305760414079 1199.42526544622
12340.2214333098 12836.7288756031 9386.01021678885 13014.7348135764 11489.1667371155 13840.2834067853 9582.55685512754 12329.3387368885 7990.63785209574
1938.2217211298 1948.06896666446 1194.92332751739 2293.24015477346 1508.67774566959 1690.74757073351 1155.61883303616 982.57963900524 1340.50857530183
3165.01876440641 1790.09029372543 2979.41269486536 2277.53933835767 2197.07602609761 2822.9590191953 1050.1315169198 1290.33890100102 2722.90558867853
5008.99922476684 4997.04181157619 4546.24972596924 0 10056.1237440153 10497.6530586248 8119.52883930136 7302.33988587611 8514.63659475741
3607.72876297882 2852.87351022677 2740.05434795886 3013.78949297422 2874.98083177523 3913.1486283981 2010.96005325692 2843.83441222405 2243.39366616308
844.7954564855 1136.55372340294 884.94856629199 1109.45513566009 546.733633500487 1167.28697233373 548.023371444117 791.693685182069 728.376701017626
13329.5870994327 10264.1039797017 9393.08098895142 9667.35311492522 9713.5847211994 11719.9322178345 9123.02711796415 12076.3504831768 10745.3493534598
8192.57758954143 7823.76170491507 6898.4127507066 6957.077526874 9876.73478195266 8506.00052549898 7127.79853729714 8326.53480699021 5012.76354206369
22736.4218745138 10351.8063546271 22818.9830142299 12944.9492056818 11586.7553583583 20645.6246339278 9487.67820575309 5151.37861193175 16820.451009961
550.488739779376 541.678322727417 394.045423699995 689.873435963071 399.47759444563 614.04223457618 0 0 0
13875.7439946774 11304.4167974819 8526.34876769164 16576.0748838714 12212.3308906666 12788.9109456319 8324.7381247182 8836.33627336664 9703.67739496817
5868.35045106786 3168.4616776324 6172.80639370988 8689.92070442358 6822.50582001918 4824.65116309937 6287.90934180855 4335.12262760675 4278.70646402231
22138.6243932943 16600.6400257912 9766.95035106388 16070.6486142275 19547.6406133889 0 15868.8775948941 4691.48502121181 10729.6344388357
10040.958833629 8177.68079475295 5944.64624364225 12175.341070187 10684.7787021614 11300.2462251379 7766.9354836129 5850.27140328205 8099.04223133131
6325.21359557833 5415.31568353764 2231.59608923515 7520.0844985123 7621.81042179326 8161.01646917603 5045.75231388971 3379.29061713677 5400.19845438311
1206.61986857061 854.246998332382 726.099682039229 828.880595610901 954.205503520113 1247.69662581519 715.09048038343 839.669017201626 531.224908949994
1329.27137981008 1618.62484768118 1294.01729923084 1498.18165750071 993.596120831899 1727.71204300748 891.344926485501 1198.88470103043 921.68047029922
1070.06223755324 913.414856894646 589.82967295078 958.014144406794 1044.35956629442 1129.49379791827 797.846982733983 622.014596130768 868.681624405442
6590.4122233298 5671.9078482705 4844.77332959735 5956.41544094549 6311.8223881169 8042.52404658409 5205.23272007482 5588.92816252097 3178.43424176022
2925.24890172675 1310.15675596665 2096.63049550944 1755.85831675403 2596.46720520815 2324.13387308852 693.764302393692 1225.22347340337 2407.45645000474
28632.6361794982 34240.3663451062 27419.1941970416 32778.4106682027 27926.1892856825 41820.6366896779 31629.4203378432 31513.544879114 17884.260110574
142381.371330211 825.076104176041 3166.07459996702 27134.7659574819 2068.04402686133 735.892782287405 945.312495058726 1079.57656320318 5981.08141597653
1165.8826126836 0 102.551135563378 0 1546.60300478059 1261.33216222522 0 0 1066.67617233839
49437.6032934249 33165.0764146813 3180.61683680999 1998.11739230508 1491.01841430027 950.902039331817 10725.787259194 3101.61183679807 1295.04948439523
1992.31522672885 950.615550203519 29846.2266635941 2113.61885796861 2006.16896291714 5037.32710353336 735.26515663657 1524.85316671949 7723.577911747
17223.6101904859 22466.46424055 0 22315.5751401795 19201.0075705989 19366.9941186156 18957.9542071773 18153.5479897129 10036.3876416697
2704.17058621819 3153.17590408232 3587.24881487113 3792.87501621433 3404.61189002581 5211.43396802979 2491.49017802852 2764.86573724796 1950.03754204446
876.645440601253 793.444063155289 701.148435248218 625.178619407075 645.299167709137 834.333246738233 561.193280991247 679.825254352593 513.194600344872
10465.1655090544 8012.66249710947 7790.613499712 12603.182784833 10199.8649826439 8407.68954501299 9735.72096669277 5808.64962934621 8414.285776586
1645.53399009181 1898.96699395449 1050.93222959481 2235.00825670104 1208.37930659019 1757.77470365788 1835.73668321076 1100.270271014 1116.20986333569
9663.75347118409 10372.1596102966 9363.57757324033 10222.3005792048 11632.8688014152 12317.0619744003 9165.21626636741 8967.94654290106 5546.96863613804
8115.99298115611 13082.2176210845 2967.64307916058 30059.9324272398 22047.9506123352 25409.1917968342 10465.3832405744 13387.6090474119 2689.09775175352
24758.6484027503 29795.3781306108 22132.3272787976 12601.3826257448 16738.3915498906 10426.5649976902 28659.8842299835 20955.6300171305 33384.4691124338
4146.14195644433 4169.305018897 9211.58653629404 6526.38189648966 4462.94180337038 18298.7841651881 6408.61791414919 4503.08931534981 1971.33573011738
2074.43112796005 2612.09112893084 1904.41924644415 2188.93529930499 1734.59762663695 1871.310724458 1648.06198928569 1900.26480633909 1978.18863328824
2534.24488366723 2803.42056943176 1093.20401694573 5351.41332426147 4276.50048226718 4994.33803386418 2373.33651670699 2294.01153455569 1564.56158781207
14898.6971387061 722.086308433068 72484.2710453537 3382.27252127554 1891.51960609943 971.211320853293 540.20378199835 1199.70177979064 302662.528099285
4351.18456593796 5201.56401932653 4023.25995725998 4445.16080571518 3294.10553602831 5606.86968028775 2841.14339088958 4054.10563409895 2817.31454219797
6789.547273942 5858.72938237392 5476.58831799238 6789.72038291898 4724.38199705853 5545.64538734463 3970.12542191992 3455.38949676332 5120.00374078854
15721.3668171227 14835.3902778048 7248.28805037153 13011.8396895675 16118.1672364055 14020.6952986087 14167.4765125467 11691.0494357013 13125.4170209494
2741.0883930502 2097.89637391382 2133.29194783497 3305.9430246496 3134.75129198444 2717.64274185861 1470.52677331212 2533.26290427719 2280.74961465029
20185.3888070328 32869.5835958528 11470.294872209 37443.4897804154 52820.8922686793 31635.6478229051 24929.7007672326 20540.2971613465 17414.9864518702
2823.29716162557 3308.79389556621 1914.99100480373 5373.35512522011 4374.5674302963 4709.80206440331 3020.31864091602 3083.98497241908 2001.63103559297
12582.6906197655 10788.1119125644 8984.8989845145 13910.8950592996 9959.91226887535 9662.76438510316 5571.66963808686 6367.87442769987 9968.13033193309
231.49179935925 266.379330845179 247.81482406513 248.113837303283 289.96235787521 353.464218758739 279.631340266354 257.779413493248 163.828514972157
1597.39856203705 1842.93474797529 1690.08671335926 1592.56951488143 1105.40571372807 1347.08648763429 918.108956255167 1676.34788462912 1230.26975510224
2675.86298453139 2204.59553215443 2141.71083843762 2931.95266629181 2757.10766931663 2699.31157521355 1662.60933717059 2184.54539121919 2117.34130039382
2230.89892091025 2326.27635530214 1920.78207594488 2098.94046859012 1398.46540260427 1513.87809392373 1480.08198314425 1394.20569571729 1896.12934135253
1124.83317311393 1210.10647051352 889.325599322785 1258.86154826464 1164.22214679651 1240.19699234847 1014.90236131315 1197.39749798858 738.908795367551
1973.39871585077 2291.4262219103 1723.47417026869 2399.99687349108 1663.21864875492 2379.05490329689 1500.88264695076 1660.07607572263 1526.78846779533
86.003297387535 107.098715548184 88.9368365938635 107.865646186439 84.3012646868981 111.796150182937 70.0111681149398 82.3427811805867 89.827518470984
3051.43947060908 0 2393.40761058985 2072.39971124653 3261.35390956921 0 0 2670.04031077552 0
679.643359263936 668.067799591619 738.246390234701 568.852153492009 408.983598149081 573.354996637689 342.48116322953 572.269619799319 551.351493179045
279.035621617252 264.307583232286 225.718203485245 281.444542665264 269.360931642577 293.502513231735 223.262964798491 217.10327361007 290.649288810074
3474.69389851459 3837.65281092108 3291.90407359683 2947.41466388202 4674.65623684016 3988.71136402385 2639.0367052338 3642.91952462014 1747.72426706035
14162.245065544 24162.217971618 30319.7137870872 25556.1434015698 20436.5610886383 38959.3008149619 14292.9985138919 20914.7072743255 12232.1938551507
1394.26084790948 1159.54550913719 1479.10575376917 2107.43605958087 1514.44596911962 1357.7942278431 868.052762864162 1410.11334739681 1055.86940554351
0 0 0 0 58.894200376237 0 0 13.5921449829185 0
11257.5676994052 9903.17193076695 10497.3079073612 12282.6889856099 12107.2607512431 11447.3093000041 6802.35779645628 11866.2165714946 13031.9567922171
6055.36246013045 7292.79541737389 6598.60234577681 7294.35991921667 6372.7871702972 10536.371352892 7788.20364580594 6652.22238648764 3926.03935867519
18280.818439602 14816.0814645871 12794.0726559522 13604.2640403705 15545.1028765113 19030.0811363685 11213.1978729454 11070.2056897705 12652.9158083393
1345.55948611736 1031.23663923664 739.843702283913 1440.77768765023 1385.71532157955 1446.14006962402 909.558721252142 1077.98514267193 931.615182510907
399.699674582912 380.784357546124 311.661508887214 285.589351196794 417.631924341539 382.95996861778 266.976245265521 367.415764531447 189.413601312736
17991.1342777285 16384.5923185192 12837.6130213271 18529.488789713 17943.8827834931 20491.9677014977 14608.2082059479 12534.3600335513 15695.7510988362
6441.69629273153 5275.80908508299 2761.67390739315 7345.58409862311 7489.06269827581 8220.93366177969 4864.9948626308 3328.5918675048 5303.56554706625
1353.54506208577 1498.33891191433 2325.11066150065 1541.34593042959 7627.05002463874 3237.07563411601 2152.89787348595 1290.26637739189 199517.125509618
1501.9330019111 1530.33579015451 1217.86038630024 1841.12971805291 1193.02758512634 1166.26412063926 1097.67864632293 1039.23685289643 1103.12630210976
23704.9147679964 0 22807.7993343478 8993.90849369654 16269.6494983115 24840.8184725654 16657.9420117078 29742.8256797849 8743.82395559342
201.140892634124 221.479552940521 237.217902285507 212.868432765444 245.489056963095 240.570363438531 165.313284906044 232.411853064441 188.467492562289
19502.8536409843 27216.1323348798 33172.9965080832 23200.6522716238 22904.989716049 39387.176410452 19096.0323317038 25882.875508781 19391.1010263881
35870.4556374319 22111.6962783897 29864.0855971894 41095.9351268819 34455.4288113049 58412.0058573448 21676.8871376874 24489.7192087266 20800.6688206095
13974.1471121952 16650.546566154 20059.4631824597 15473.4265993548 11654.0672154274 20222.5985216671 10170.3632954759 19379.16362585 14455.4489143902
14177.009593556 17168.7985506227 17875.8536112626 8558.77613253457 8901.75834400144 12046.83959323 12539.5855602428 20789.7875226767 19705.8083370364
5149.35078695796 6763.82723201138 6299.07895398867 7350.3354350329 5437.04236531667 9026.21773663946 4180.63852645156 5982.92963204124 3472.01658647597
280769.617636956 3523.61185085177 2161.33894863279 1575897.63079985 4148.66976678012 18442.6285155933 3134758.93999888 65702.2227165796 8357.98601569702
28607.0194264277 0 23368.4562709146 28374.1611086599 18113.3479773644 22110.394027093 18800.6666639377 16882.7463723301 24202.2346354983
13251.7413040366 6810.58326458038 12518.5678973289 18121.910514936 15300.7240461718 10497.6859615565 13809.441578656 8935.10287449283 9828.83085965815
3005.02656312112 1371.9237330604 2937.76101996323 1769.13519970434 1692.58244511614 2654.3288738139 1138.39750039267 790.154788683443 2323.06272471404
7533.20600237887 8081.56832404818 7266.43809122141 8594.22308320533 7672.00077963362 9602.39549793064 10555.2453036253 6358.73268981201 5854.87789669021
0 0 0 0 179.597404749735 0 0 0 0
565.117186159005 514.90258107275 372.45289021834 504.95341395474 662.483697598991 505.997616672603 362.591280625504 553.984778840015 355.845808913276
1254.40833533262 1225.80494706188 941.157958014347 1067.68243554785 1452.2614664295 1121.76581583495 734.434882676334 1278.90547564504 772.081086923661
0 0 1970.17840581739 0 945.486849391576 4726.61179180117 4727.48472837008 0 6054.93023671781
10171.5018116742 8989.56674035973 10167.6480374381 8081.99979459642 11722.4839126736 13352.2717354409 10397.3427050634 9092.57123160857 5872.33823030393
20585.6104802924 18020.8127087524 16626.6895659475 18796.7778417714 14460.7668804505 16869.264498372 9528.85104213357 10111.9836553058 16130.5624927804
0 0 0 0 0 0 0 0 603.122966847651
2513.17522526624 2588.00691052337 2394.82351509819 2515.18408413507 1804.62592513196 1568.62573645274 1573.15407235877 2053.50958864163 2307.38670928379
756.979876776751 487.527178563611 910.222099100404 1205.96189210679 905.946279841466 566.603515514627 989.525231736749 558.076515646989 586.044698264352
23695.9210909243 12403.0171517377 25904.5163375736 36175.7665788547 28548.9685414627 17612.9510435901 28375.7376821195 16659.6866028731 17671.814578189
3494.38084539642 3515.92742228978 3137.23155777339 3217.99364633137 2697.61741631917 3213.13732401816 2799.89379586016 3016.14523003383 3016.49226897134
2668.4791182676 3137.61982332384 3016.35345123634 2730.87527711923 1990.31528440322 2261.84450560313 1394.78176124319 3244.04226723593 2235.88509652192
4040.25404715791 87236.629408026 3194.16399368047 5309.74032544064 4758.27303986898 5701.73471556031 220313.947916631 3107.75356658405 2136.17058871094
661.471889737171 475.524058223989 665.357194543041 526.747414241499 556.756712216639 482.910928186401 200.634926736345 481.260527766511 672.772985961326
3795.58309099443 3978.06778029857 2578.00833635607 4541.54712269012 4099.75222993736 4151.00097154344 3970.03568496878 4022.32420437581 2528.06573435795
8432.629890195 8823.10599045649 4129.74807017017 10206.8580828702 8726.11851059714 9757.64421351425 9200.21567744178 9377.57458471887 4742.27247506904
44326.421686186 19090.1009137012 40112.7549088345 27082.1876730733 29138.3704404047 38990.26413629 15084.1274430773 11787.9985172301 35752.0800883905
12225.7075063406 7178.54884249641 12019.80047235 9558.6451962981 9579.10874796 10627.0342212787 4547.88488582035 6509.44587544828 10814.4232079313
334.727781396725 346.456243945428 358.422947137794 366.852156860454 434.545457469719 423.07090494821 280.049331831181 314.505256883858 234.954282926486
8154.1990202767 3262.44790576243 3991.08530146456 7304.98104491785 6651.04937015256 11065.0649862715 4320.40113030942 3712.77932373429 3750.97034146999
16915.8854732958 16903.7073374681 12565.004478006 25533.8201343368 26129.9537842638 16447.6407153732 14891.8549196315 31167.0996492837 17569.3142863062
3133.96606844397 3183.90390823407 2185.33145084206 0 4530.9953247069 740.563663156626 954.297618584741 1088.86432209931 1184.01258124837
32661.1169480633 35133.6296928596 29122.1863362598 26126.1670257297 46780.6669235237 38680.455619872 34546.0328395342 41802.1760310211 14337.9092172844
45022.4126406991 51146.303986535 47293.1099837269 30904.9807414782 63601.1998188564 58816.3243564473 46485.9178380303 53449.7191486507 19482.9259147688
30905.3224189221 32860.0409100586 25665.9470364231 17820.1087789146 48176.5871849154 24782.3160396794 15916.7706265527 40301.0428298105 11685.68341975
10795.3298891139 10799.8705990044 8444.01330389798 16331.8004826037 11175.993965995 9938.01425148454 6964.75627423922 8695.03803838415 8611.08381124852
3406.25113900643 1385.7729975044 2626.91444996668 2358.68088286742 2950.06569887626 2824.20457594021 825.083963572243 1262.09402759896 3049.67945856588
1656.86349121969 1484.17158557695 1839.91011627322 1997.97260210291 1889.44154105301 3002.87352055929 1230.52482233347 1416.18048988789 1107.97614896291
0 0 0 0 332.229529060533 447.541719968724 0 0 0
5768.87124958403 4423.72104262575 16860.7667720586 7557.795635258 6540.70664649646 7247.83200324042 4964.90178698051 27935.214290299 4919.27229383609
5582.32253863831 9336.28991040947 10493.9893905663 11735.0380535223 9831.14841484867 13119.6399889212 0 2006.78978461338 7820.52359765646
5613.74816747212 2653.68387275507 2680.86956212706 5521.36162858979 5781.30970310306 5532.24602629173 3180.38792467781 3161.29027581258 4368.98639442042
117733.637654205 13939.0389929061 14672.1416814163 58050.6467983035 25662.091404237 21849.0779937939 17324.2558362486 17934.6552865142 18641.3101878823
2967.81566290496 1821.83707046012 1960.62076142114 3233.67226146674 3141.16573611171 2905.27509166973 2412.22352511885 1810.5630391128 2304.43051035594
2263.11494178721 2271.06753344672 1415.49269550336 2631.07230491826 2481.40266181744 2692.80913491624 2561.98061070921 2348.19054762889 1354.44159286219
438.654396880953 214.184070635337 150.179196205402 405.70747346262 356.234690410626 454.454691289558 265.659320235214 279.424626092053 226.46269200127
13753.6538501282 5984.86507061481 9211.30970852397 11549.400053962 10908.6221288199 13272.6898677175 5494.28914003027 6731.40070050901 9356.64171145402
38235.471417996 41711.8431848871 43605.7859515655 50942.7320936197 45806.3213842536 59861.0190602018 31689.1534854095 44265.5070538949 31371.0948582734
2136.43167817396 450.97237696244 472.142266011949 1761.48078088305 1484.39609862392 2170.4195882499 879.67470730323 851.059720817567 1055.63125887261
0 305.976932550145 0 270.892851373973 185.921510774253 0 0 0 0
23234.28130928 18165.7211378143 20378.876864502 29325.0670756794 23053.8533957503 28854.592132207 24526.7846345291 19630.7524756668 17913.3831880618
662.855517592784 290.061907132545 352.59098082214 618.619248567251 609.699582473244 637.836021853874 337.170700566333 440.951494682865 444.803197530944
1472.53508386075 1263.12877813241 921.611260216368 1531.31617925317 1641.73328294244 1630.33006269095 1186.11802511617 977.378395300184 1229.35746687157
1129.53049441716 17798.9066866546 1184.35831290319 832.939210026486 91507.5231382612 1500.95446607167 922.541246875863 1950.21076354697 680.61317080333
52725.6722665577 49759.5464055542 42356.0213352239 44453.4670421264 36479.9367631445 56437.5788823851 28977.0200242605 40986.4016245144 30643.1357215548
6536.15543241964 1251.13082625869 1117.11572236804 5074.93025790069 3834.10241324187 6739.56299562832 2562.68618848888 2228.54428983343 2825.70924474254
26648.9592522057 23532.3335283015 30168.0200032247 22829.3795313196 20850.212411874 33364.122266504 24644.7266763263 17645.9174565499 19079.0436469161
33534.1483875484 36609.0015230248 29542.7613796092 36973.9625713895 31250.0999473324 40964.9530290978 27312.4451353075 35275.1389210675 24650.6522459566
3598.46351542029 3731.3666117925 3171.52414018001 2771.09554670994 3601.75539857128 4175.15716781805 2631.76358806178 3575.09486628341 1943.66301778553
319.983278528967 284.075856658787 250.292913375176 259.410151422112 367.166536322658 267.57093294427 172.425355486061 300.437201245224 188.562717341541
5947.71476760219 7422.21667129429 7046.07210258053 7785.73648164261 7810.42955548133 12368.4249665333 10814.8520216325 6755.50461012154 3195.48319709997
738.477262777584 0 0 0 554.152962649005 0 0 0 0
271.499494689758 389.586440907542 537.754709051656 508.609616007382 458.194281664721 781.031304479754 272.657784404481 287.153036558072 148.740246758055
4070.91866828621 2377.6896534463 5754.19590600502 2874.64424262122 2759.182769304 4176.21775185875 2036.49060713393 2171.86335064017 7777.61115212367
2938.66382965861 3531.2551554227 4125.9951362683 3953.81108635702 4116.42052798007 5911.72797093818 2952.91502484155 3053.66698448523 1941.55746858697
502.72611329009 814.191951907499 1125.25979527592 915.727291161018 886.918516398632 1579.3016328608 570.154249146116 606.526162732373 404.728776567238
355.458746523121 320.710557266742 326.347546679582 421.978971500915 384.063686755522 329.93480544859 225.28875892247 348.829468675316 310.981821252732
26562.8096272105 31750.939924095 29111.7931976908 24044.6595631581 23152.6116513383 33160.016307916 23333.8229672451 33336.2599037995 20725.01305799
1326.81890632425 1608.59955581072 1864.00880645876 1734.81307360592 1199.27503627978 2092.91284146666 872.197219581235 1730.66416121989 1067.65792500652
492.400048640814 496.33645765979 540.181194817663 530.01711583811 443.373751692955 650.37255504595 355.028560264222 528.007871048358 342.570349242618
5566.80635902624 8888.03590035914 10546.8119019556 9165.88298358332 7107.62921937221 12556.9179733411 5444.46966876274 8309.81892275514 5519.39337058669
5226.48252235299 9940.70662993796 12450.7271724661 0 2609.70165418733 9856.30336245957 0 0 0
10922.8526596552 10347.5813372423 11089.2881258399 9602.62352229159 9394.00277730613 11261.4240972727 9528.76018597252 11668.7051770582 9387.87992301674
12225.6842278072 12122.5505506977 14470.500826456 12704.6716983226 9541.32898008187 16334.6596234909 7537.29400063889 14508.3180255159 9205.18407301109
565.759338549213 562.645897968079 488.176909698813 546.387650156823 587.912336965509 580.199344184166 433.809194061843 495.292457214109 595.4940901053
16799.4256807949 9272.8199776119 14963.4258652171 13344.9144108663 12418.7660925118 13598.0457498042 6094.93649400682 6719.85980617158 13887.3460184585
4359.1369524263 3120.00039855321 3317.52018970885 3755.6252639808 3279.28445078921 4165.41941446186 3058.23705137421 3500.56440132689 3348.68498889447
5480.59282287086 5455.53376827406 5968.01859591512 6834.69616176813 6424.69700560234 6870.15920173539 3662.04395488932 6209.92430876606 4977.2925403785
39082.6048630647 15091.95531109 32841.9552409906 24156.524543121 27890.9970522082 32157.0938131637 9908.99174271241 10161.8209871063 33137.133265025
21653.0836186988 23566.4038984733 19438.1936660685 27170.055814261 21504.2096208182 24670.6246677304 20771.9206005777 23081.864839237 16256.4078257318
33391.4468528935 34608.1166705025 26682.842081044 34364.1591858201 28851.8433198394 39004.409285629 24797.0066279531 34618.8119492427 21755.2284574259
3909.55499814366 4833.66623853511 3474.21635413228 4270.58366294288 2748.15762943256 5168.10826679449 2617.97320930967 3646.55711433169 2533.88889319642
464.78087161531 542.804440246672 553.850649569016 563.320884152171 610.275196785115 652.137788047677 486.683264242055 512.464486226269 434.841617438843
3096.01743298616 3401.77385993388 2435.60204593283 4421.17226628493 3596.27011028119 3464.26427772371 2929.50256487768 2874.45718720432 2804.38891585809
2063.50836615999 1534.90584887501 1894.24444106904 1198.08576851627 1227.78547361412 1471.41527216121 1334.58506581272 964.707247607206 1912.01769430282
870.170280734778 26256.2499100609 1013.14141655389 870.882168717415 1558.77817780034 935.283193060127 27922.5990969417 758.048261267229 32665.2032211666
9393.89260947982 8310.6399761133 8588.85135108139 8318.90323251011 6910.11102354338 8800.02293852558 7269.766270034 5705.27553575255 8136.05215373985
4461.52756016405 4538.25729942772 3455.00714897115 3603.53125118664 3890.30624999512 4297.17798235866 2952.02797302187 4711.27160631798 2707.38746801348
687.969500612521 566.447591390114 611.641823146574 777.601770873753 666.789402534234 772.54938789705 486.79465715828 565.05773525226 584.177353152148
1492.15057718234 1376.98740622846 1043.53471114509 1640.5134891548 1577.91742313379 1982.33746928379 1605.66894996356 1334.68168567844 1034.48462530481
4483.81111729684 4471.26750694899 3033.21768341607 2383.89737257731 7103.33221015319 2174.58303431778 1060.29395819693 6172.33535798322 1723.57814136598
0 1261.20824999197 876.521190115268 0 0 0 210.503691237758 1339.32280930883 0
14280.8070876598 14988.7836452252 9795.81335223134 15830.5586008142 16157.5632238377 18634.1321401605 13666.6806285461 10923.7855021933 10997.9756092931
167732.695683774 21173.9602908852 15227.5134291214 25526.9693563395 20725.1501780272 22857.9526526849 16895.1981635066 14812.8170951682 17669.0478152343
3940.74985922177 1993.74339940432 2419.94629614112 3911.20175534792 3688.25472563184 6321.09113511655 2392.91975315857 1904.06578863484 1710.95449135387
59782.2023556085 63572.3237709473 56331.4783408673 66007.5477024163 66066.9334948081 88951.8603460319 52040.1750288988 58323.6098495607 36037.1557494164
3021.36836115206 2419.14862174762 2710.39591093929 3620.07013977687 2938.1032216526 2645.22823807994 2613.82713069994 2261.63203993779 2402.9738410516
18077.9203354789 22397.9691156595 21122.5971487602 15556.6763580846 15802.6087340053 19934.8430498526 18900.0809749137 17889.0610263299 15299.2287894998
4684.91140871613 6098.90330680924 4719.21570978561 4385.37545309494 3971.76519884099 5630.09858273423 3957.62590012624 5360.91441458137 3468.56584298005
307.984689810871 287.825661960881 255.729159092424 295.346047247301 329.374401999168 328.374201435521 232.346965701691 291.671571409486 274.108411306367
892.997612837849 938.643915870515 415.917609599649 1669.26180736253 1386.25416220978 1562.33428033512 752.252090420447 810.052583899659 608.457278836799
6425.83981739928 5834.61853538626 5317.26304246046 6099.59747911555 7766.07624113269 5460.87586762323 3600.99711336758 6609.82388119368 3890.51423955799
1429.55837344439 1109.33329253137 1020.96872639882 1226.68533015139 1430.08744409129 1219.6874968874 689.923721582197 1186.03042924612 822.823727797535
2546.71655477577 259.11952910134 691.954604297781 1803.90763525681 362.541470066434 240.671564801413 22797.7861239007 6089.88914878103 2898.55456859599
10505.193644903 11697.866135939 8860.03155828914 11537.8633861357 10157.8794789694 12155.5080026976 9066.08598615497 11389.4176026389 7812.06579213867
262.036431026136 284.019213837261 227.196151817176 334.360758339091 215.724207603796 352.211175058919 174.524284093016 209.007707160126 208.603188898137
287.491519141927 270.685005620117 217.294758151792 305.960751211767 228.013794686615 358.26007344038 188.097661051945 254.479466510406 161.594692638966
5612.87873865303 3370.9205026665 4215.99258206128 6588.84552068984 6092.0553517801 5516.64738358573 4956.43940071025 3790.01619147727 4183.53156399755
1353.42214628382 903.696696768606 1757.198205544 2610.36589092255 1651.49001629082 1026.64217853219 585.29300220508 1668.0091510729 1150.33242255626
625.888230690165 614.861375345542 446.935813218094 424.186616965816 932.996908236936 384.159276425553 227.758429505979 796.116286866394 285.209994689935
225.647078809899 250.217165346857 268.808602045301 276.556190752062 302.523213840228 300.563228116188 183.507321232921 247.068846928917 206.1595347507
720.766830910885 918.525983057783 473.789784284079 1094.26505176452 966.658136900083 961.039169874626 831.915791230536 743.960479008259 642.583972486722
1931.37447720731 1689.22929126921 1556.47085897944 2062.84101038192 2045.33491734928 2361.30117148024 1917.01007843093 1640.85382619913 1463.81292107304
2060.98877879031 2850.39319160854 836.664792348475 6104.82950791676 4613.46158695971 5195.28913287297 2415.49914183485 2621.07122514006 1064.53040259501
987.185894545497 840.120030022582 882.988199370054 920.002271929122 1021.89711545401 1271.49142922447 1029.1813118156 813.0998930664 516.963366364607
16028.6538056216 13486.41833598 0 22196.781799116 14157.5654212775 15511.1631745712 11643.5840865547 4345.19688352526 9713.55513585801
6436.11578351238 5923.65296006677 4337.23936428395 8809.92337362505 7593.02767760487 8681.37717696181 4380.27299980693 4665.67467255337 4706.96774515889
44875.1106491484 34504.5008833336 57141.3190137154 72481.6056831173 64846.2215828654 41554.557745519 44361.0591861414 99540.4858796918 34358.7805086866
28443.2982001239 36502.0530676261 20354.8376727691 44454.7342459452 36973.503175524 33805.6116412194 26598.9476570511 27736.1330160483 64253.3602363844
555.049374310135 514.087741533139 441.279940371524 492.320950475124 656.674876698278 481.97174470414 335.018205442973 562.738734125671 371.498152070527
13721.3823901656 17585.4175912019 18941.1152075665 12976.5336423038 18054.219896169 29796.990613645 26474.6097567478 14158.0527784283 6377.53490801965
5021.08522924637 3325.39766087385 5700.17937629901 7476.99813278334 5906.73055403108 3999.83253246384 6189.40622089138 3586.37569982993 3849.0421937029
3287.57602176826 2629.84541864932 3073.50833483519 4504.92693062713 3756.92954235722 3301.72898822102 3642.34169868038 2077.21787977197 2763.84437504137
14559.6450628077 26968.2360619103 0 16819.5200650795 11485.5906668265 0 14696.8939626507 20204.5176252557 18220.1427676749
4635.72886756188 2486.23731870386 3758.21686066415 3840.32877393596 3571.53428456971 3927.85242081072 1710.53332565882 1903.35011630234 3694.78945054248
3098.31146816623 3079.78067733905 1518.31591386712 4617.97481825621 4066.16290685466 4654.161675695 2498.68937113644 2251.55275939065 2477.4497349195
13718.1216262074 9166.58856612468 9531.68775498863 16060.3858443528 14511.2562496605 13236.1808966246 12054.5726641193 9313.52968688433 10468.3812961293
18878.5144575778 12007.2137284198 9160.80296694553 7428.79150782375 34524.9960807869 7225.25961036391 3188.44766134119 17189.0183413008 4597.83484998888
609.074476064813 865.791838910867 726.743072502485 850.19825354962 638.196313430502 1024.26275388578 553.201825217918 693.369907849171 416.770867096996
56200.0618131447 39217.8255320376 37154.4921671662 68759.510306068 0 53212.0511061006 39520.409684664 39366.1924977642 50940.2967733343
4856.75209665703 5136.46390838937 6091.59452662689 4890.32470921465 5176.40623875652 7603.13716480893 3706.15395739379 5082.47859397318 3758.89655620938
2518.51601834759 3046.10123061814 1637.33822153629 4072.43424688078 3439.10006751367 3448.24773342823 2740.41912261421 2538.02631334326 2112.73399909715
2230.43951345728 2347.32410919483 2326.9508102867 2624.36737937673 2515.28718553647 3207.89924907374 3053.41867406689 2480.22742910881 1792.5390653166
16405.5476183839 19437.4915313163 25118.3371568095 19751.1406130221 16283.2371212817 28574.8827218738 12625.4474730264 21099.0973400593 14833.3316324987
1540.49723761786 1553.51385694316 1064.88723246031 1612.67298170972 1388.63607742888 1379.96076089311 1208.33886702354 1217.25688241867 1294.0269501595
1100.34930537874 1231.44344562768 1100.07095740427 1120.54040088913 1361.75012123346 1589.39276161241 1229.11810468477 1099.68250761315 771.769319227109
557.560880551938 730.835641778753 718.478358102829 659.195584383911 404.105111560163 556.473317486094 324.270512310369 641.885705140733 510.394195823032
4601.00012304565 3987.15488709774 4203.49335095506 3403.17172323634 3169.4795205047 4144.66631013326 3160.14662194061 2825.04759132125 3859.293363458
0 0 0 68.9069648655933 0 0 0 0 0
292.319798802108 249.27402358295 252.794043269711 343.192997696308 336.431541565105 282.538124236354 172.966658458292 280.970810230946 238.542194461341
6365.04838101681 7051.77105316505 6546.75161030434 6222.58078865911 8017.33276339535 8490.1489543726 5776.78634560757 6606.74052192581 4261.13757838452
8127.61424075635 9154.18575024414 7224.07410845869 10326.5433363887 7033.41594217418 7250.072248736 4888.95627997911 7403.66581540692 6671.57491135708
8959.33906397552 5227.31356116275 4526.79965470372 7563.27149757446 8513.44565417763 8490.08832343294 4545.40612885229 3668.5727480229 7827.15002263685
246.615024047053 228.784255737989 232.060237317186 302.620125455001 298.535958022832 247.325120757317 133.53954439589 265.780056372695 242.771785577826
1203.52176925171 398.414059955255 770.569765636645 1384.90544349934 1330.13036905547 1051.542160309 840.561168505015 838.6129319501 819.776445644858
1271.38673550677 736.932949133733 700.330810386163 1230.03839274182 1095.14836208906 1393.74277525645 853.137260393234 743.460568995736 738.035653766367
1798.27074198581 1343.07941750793 616.508570911675 1644.23119937806 1905.93177948011 2067.68809518 1253.99755362422 635.065657751638 1664.59723322662
5953.28487406726 4569.97872736992 5117.23283807517 7934.7648540997 6579.72526822751 5572.19253329876 6107.14105439813 4258.29064031358 4846.06649042058
12514.8163454906 15328.8055681669 8692.58491377726 2365.19584650916 15864.6205893512 20690.4443574028 18283.6655826106 0 5533.62295305903
657865.570707479 122946.48552893 3451.34613962264 10113.2450107333 4929.89211260761 124729.563923173 3968.43946851103 3363.98510127188 4566.74642477323
6364.39334303785 7997.19864762515 5163.7890965387 8105.25414914775 6688.0341557778 7113.94549718757 5244.94327260881 6689.74828554961 5930.91280271377
13098.3721242081 10279.9325862189 6677.66627272073 13951.0892038388 13596.6976916099 14343.6789661869 11813.5590974639 6612.81621674836 12024.5102989356
1225.16774690433 901.262761439423 496.689949518147 980.898260312218 1144.72894227972 1162.43054634724 875.576893385133 487.318673240474 1155.00044469712
0 923.485466549378 0 1808.65221996391 1531.01165424909 0 0 0 1504.95386556046
671.270389041109 436.025507841313 750.524323194236 1061.53220581606 798.282996115678 569.312929571392 631.515774824719 586.939089165612 522.57064665188
12609.3646249081 12709.5288921458 7833.41836843381 12916.9947441506 12691.4458944362 13732.5276111615 11985.3239698451 13211.7199062318 6875.2891562854
651.365372669189 605.859921605056 505.207515498682 589.524416789497 760.787124594514 628.235076398173 433.211187215471 615.062944313445 454.752463365595
11249.4386051208 10953.7146994974 8698.19998570026 10464.6757649491 11437.1683441609 12023.0797345826 7842.10986065107 10622.1054149955 6987.70068324454
271.237326408576 251.829990990144 271.486684675066 276.522315503074 252.315772411337 276.735501214036 180.698237924571 230.514117824937 234.23050409576
3508.44059387866 3743.92014415089 2241.72587968698 4263.9337975331 3837.97875070593 3917.12947474208 3765.4078250421 3850.70957257258 2375.42645835214
1641.35722363828 972.840083795251 1438.91553086042 1224.94503150259 1227.81098777173 1307.23690606245 463.643764005424 799.248192204333 1437.58466015738
94.4388748779647 97.9311281486072 73.4718186922427 100.826610843638 95.4795042749954 110.103442828893 73.3005327125106 59.9634402736065 91.7509989510322
2692.28710290751 2557.81024822551 1896.19316829912 2508.83857840036 2970.57407727243 2442.62935574051 1294.63984157382 2495.01525814612 1845.6187677394
1498.68900614931 1437.91229793189 683.455941820354 2754.502492158 2335.78100482022 2491.00979840008 1406.69216393326 1196.19140227634 1043.58018632965
19874.5294048631 20488.5289806904 17157.3795651473 19947.3574848946 17067.526608924 21499.5941528007 14347.7727491641 20318.6917064366 13404.9516803257
526.535168864973 462.301912874055 407.225941766336 622.810216190667 564.914029411212 542.680178719892 467.779968458682 336.715119635115 493.59589710753
3088.63740186586 1586.15020906276 3130.59866934913 1882.14977629435 1592.72947614224 2889.2937605551 1549.28641260357 795.9241499392 2256.37509765708
17479.9951465194 12570.7961656312 14919.3889945232 21820.4841454849 15438.2328698901 12648.9181818794 7898.10070368779 10299.444905122 14280.5988665811
1374.97953903519 1332.35424456634 1245.38210744311 1857.63313934671 1719.5310653576 1547.85307293813 861.500089936814 1463.36115538986 1210.76978564258
3977.15075855318 4101.5204701298 3889.52443388467 4568.32848319515 3932.0750471061 5046.44265343941 3062.97707703787 4482.23521665219 2939.49666827311
3938.758235632 4207.69805229355 3248.20064528428 4615.28239115234 4103.60583333138 5170.30929931679 3462.0352143901 3282.51768566285 3513.344269013
6074.18172240347 4475.15806751251 5481.9792461178 9001.43395999568 9069.61466520827 4982.70434165147 1717.5006985902 7256.9298510205 6339.26346498864
5504.33228557973 6450.92297349584 6172.88076174829 4555.47964999869 7589.93728088419 8433.25461219362 7009.22654082908 6175.61740670324 2641.26844003538
3826.64534079945 2307.5481849294 3900.36200137481 6209.71054687786 4692.95237065183 3615.89365105104 1897.87885502614 4203.37974758803 3172.2717909523
478.788428395685 453.608270290347 311.868560364369 564.485266088258 388.645954273449 436.504398571619 351.977999115322 266.208724494934 345.319941918189
25011.8048440809 36416.4209865664 43835.5415258686 37072.4988735166 30578.5602885949 52801.9928083608 23135.1634497865 34969.2551870206 24031.2043822281
25026.6429651686 11154.525427121 24241.480973289 35411.9816257876 29212.7765316365 18985.6763320774 26447.8522316228 17280.0302295852 18098.0512723063
2430.38267126843 2652.87894011573 2938.14247584182 2953.45481433883 2715.16648831419 3681.35183602148 2237.66467418816 2367.48287674846 2150.3841250747
2659.36598642686 2987.29648781158 2833.18242077298 3001.49319729805 3202.24650712862 4009.57141905443 3223.35427638781 2863.16144016505 1810.8735200107
1847.26445310613 2273.14256456824 2733.21101589226 2576.62520460001 2234.83109900351 3880.06546536552 1487.86292196741 1981.73936060133 1133.99613855789
15096.6524293974 14650.9700842168 15435.1823214849 13634.8399913783 14357.0363909961 18106.5746151986 10256.8129940988 14237.810537139 10950.006726382
5020.27920724994 3535.92563210399 4989.46947065951 4149.32732811328 3836.04677289303 4048.24557817627 2056.81429415188 3289.03453600562 4462.57119587524
20825.2930168715 21446.3697636647 18267.8993607161 20309.2134164397 20922.337051231 27585.3585993704 19193.7320107845 21757.8617771975 11120.7218684851
3324.09313847779 604.426278752188 120716.94321949 4253.00456204973 475.178562600637 9394.59309458245 356.708030915035 2288.99463871247 1591.76394201215
13988.8515834309 16662.0662596477 15119.1156209433 16421.5909964154 14182.0274818807 19535.7358783677 12182.643302868 16870.3460137049 11052.8019118638
6766.29112405038 7225.61260720867 5261.53402902385 9566.14354650773 8169.35754690308 6222.61605506312 4150.24501350048 6864.87937678807 4717.44671282259
1127.5308799612 738.705191740853 1288.53737046128 1681.88689150219 1336.13785679457 952.234450774328 1285.51926136431 862.826710170723 869.80312705251
0 0 817.325076574551 1592.34546604294 1825.96036427467 2663.43657204582 1766.65167279432 325.90226723006 801.42765361922
986.019415231235 1026.52519317294 867.855396458253 819.707930075395 743.302259277606 1032.67069416409 651.914182749689 956.192142548154 569.348719190405
12955.4761219786 0 13701.1525726428 12993.8823010434 0 20484.2894678324 14860.9180504469 11067.5434185513 6562.50353591713
5589.54939191814 5244.76570853716 4821.5089883354 4673.02557063973 5942.08108199139 4176.55955018164 2278.21292843085 5135.00035010023 3609.57022497111
6521.27128569248 3899.88207853789 5967.30406652163 4718.64444597612 4287.07231577176 5273.79402792186 2629.99615683296 2521.0580582331 5415.34275116744
1428.31179073843 1208.55056827583 1051.47903887617 1127.45475710647 1213.32402067123 1463.4442874032 851.359746282378 1140.1697891377 794.762198350244
0 0 0 326.251113127664 0 581.292686422005 361.425372113158 702.822169855858 0
2663.5274694411 2631.08090090799 2860.63120007925 2490.16787275992 1756.48041880494 2131.95647587184 1363.24573346737 2376.93629762071 2230.53255791793
1159.77679629636 1442.31943471654 0 1888.4798426501 1899.56898714785 0 1251.39085837757 980.403752780068 317.93954854152
16015.498258323 9094.15020904132 8351.06956037753 12860.1354379328 2709.32262570791 14960.8104876427 9068.46492125158 8405.11699418149 12366.4977022624
5950.76904478958 2974.90572667479 4404.87769945545 7135.66584572221 6722.63218267496 5020.32966607724 5368.80376716401 3595.39123494251 4605.86474434797
13209.2850936332 10794.2045233379 8402.18246082045 11383.6188812526 12117.4106388055 11299.7322305141 11162.7223721454 7345.21646452314 12717.0653960426
17025.362586018 20646.2339367123 13109.4414833757 19009.633773097 13668.9963136062 12947.2350506221 13136.4657626119 12942.3178138229 13587.275097895
2134.12519049731 1891.21322493458 1661.88994875485 1765.546471049 1841.40509788476 2135.13248634085 1458.59178853169 1843.85808712936 1255.76738366344
10309.0754307033 12375.1338582365 8818.5212294292 10809.512762794 9412.02253870175 12610.71647034 8247.71269371848 10306.5378344906 6607.96128395145
2108.15689536345 1497.20282797009 895.443640191618 1804.95115279593 2178.1830460682 2008.6721071606 1292.34629842425 1247.45696527984 1573.16405832487
1313.54494470158 791.416769287274 938.721396773749 1313.55550926178 1029.66810154656 1425.05453409244 785.688579814734 840.39870596844 824.071718154128
16409.7888450417 8088.72050935837 14307.7560439463 11625.7562649469 12748.932387309 14893.8460217521 6196.55724870364 5959.42665137907 13882.7762102981
2115.91097426246 1750.67845941748 1716.85956761032 2536.76317004419 2455.59855040022 2035.26826362776 1222.92361248436 2102.32589363688 1765.48196627721
12648.2599119286 15678.920697802 10603.4514442094 14044.8352774931 13323.619095978 11870.9831801525 14907.1796897049 12245.6682737188 14398.7041872077
274.597078134326 451.601070988182 475.437282431208 595.421524588113 338.666511870514 638.646333933011 210.589820214713 383.908302524044 152.628306756866
40464.868971891 27930.7857559347 30185.2551259599 37628.0217086657 36861.6848365799 38427.3506489928 25804.58293781 21047.5231998374 33618.6636678325
567.569323623084 591.16187294358 406.458558110309 666.319705823279 424.330235264004 485.592214347949 425.55142338453 305.555905802775 434.481908040648
2396.42108203926 2398.59318649842 2313.24902200816 2917.77597257317 2336.65329712447 2293.32426393225 1333.78808128989 2539.22412806812 2051.56026906811
43423.5977070812 54090.8898783352 41844.346733119 52323.0231428957 44961.7381033938 61834.7130487976 47002.3845791362 48484.8716248138 36825.5112968396
471.686985559327 448.160304060974 446.980664679166 553.819459758641 547.40834099108 481.089778661216 295.395408400936 477.470558126251 462.792383395856
1121.14103591609 736.459728091748 962.734161689522 1282.07235206641 1020.62390324663 1069.92571173688 978.032136037207 753.142275694765 734.252697989609
604.356758101683 761.68520385615 664.181757081337 812.802406663505 507.857636205694 757.57000048091 538.842091358921 601.886960991092 480.166284548245
7897.4933854058 7866.45521913619 6194.25341209235 8704.95479834766 7696.50015858567 9172.91703113865 6383.63196286168 8638.36389601337 5719.97460325447
10708.6260488187 7712.33609205671 11332.3151104819 7589.58572546252 6218.62738597171 9106.92469446036 4597.09528465952 5943.09743259936 8636.89129657145
17025.3555570302 17784.4860185731 13383.5635908703 15173.2968843083 20920.7722861621 20112.2146608582 16811.7401919693 18047.5417441203 9659.94747385421
6732.09225603039 6861.93120064741 4942.22128326563 7314.91450317705 6758.06098875412 6993.71171347483 5454.81409568374 7556.24891712485 4752.3641717814
9580.65541300214 9652.12422651441 8240.56788837315 10021.9522764459 10065.9223075898 10560.302130762 7013.70326387784 9940.64621999262 7115.57307010388
465.36430101143 197.251434806826 193.084878155683 445.735538943528 348.727646706735 507.877001850067 259.613352205615 254.999824998902 254.036340780632
14378.8983297251 15370.5419889534 13801.6889166489 17055.9294634479 15384.9812388061 16948.950915299 11338.5982393814 16356.4413486042 12052.4999016303
12647.8792339312 8867.55770281718 10850.0996122721 9820.52144189828 9116.82040638774 12675.1234450407 7749.509455794 8009.48380173809 8443.58307030112
5752.04479912707 5833.95138761554 4765.54414115409 7547.91378070797 4518.45360242834 4666.11982391283 3414.37642629446 3906.38702889398 4229.53466205004
143.653864326121 149.86559856908 144.34696137526 158.982624940685 159.578072149167 204.965086678585 184.94020608609 150.36409880539 130.530617846299
1145.3588026242 610.289214646564 1042.89611156721 1625.69313178123 1333.68892904108 938.410412306385 871.358675149081 901.603727280382 864.103590625948
17019.6400398377 14386.0541856778 16076.2637512454 17292.9150052072 12667.9091290908 12984.284566283 7152.01226373995 11498.7966927014 14219.329038507
8793.22693888631 5251.72099797994 8926.499168715 6031.35192088835 5249.08789543285 7687.9043261707 4735.57542253384 3192.3856513977 6820.91833452388
911.218400588566 964.059756399634 612.729077798975 1046.67353477505 1023.59509447732 1004.60411409513 967.133582440282 979.091649265379 545.966568661456
2323.99130063929 1238.39844890962 2067.22881435358 1692.3789086063 1826.38397133115 2184.97523146377 913.765162171835 970.508335330626 1858.42086170985
2691.4348703858 2493.65250575072 1398.70255973195 2580.08637354398 2890.64006167243 3076.37692036329 2113.37143669289 1740.0630152198 2239.44176771815
196.600287920531 154.088350024962 79.9427567209027 166.817176862881 191.262501624353 199.072996203015 138.253655369892 81.3452990330225 181.595849742251
4809.22628874835 3067.36925110622 4455.04295938236 3964.61079813953 3465.35322502933 5367.5348630838 2476.55814448258 2632.68468495428 3139.95970346036
5160.91209130556 5578.70521802878 5091.82985764863 4347.54959287552 6044.10583850756 6987.46430527233 4396.0447191909 4600.51661837789 3168.31137804639
2705.60791197123 2556.88978434719 1844.80998529946 1680.0927153462 3933.19407444392 1623.2109549769 877.152198666779 3422.56078111581 1238.89817544701
4980.37316292295 5925.04456894528 6913.58254608191 4026.73950523243 5773.31808057933 9536.91706094824 7363.04826534311 3962.71105007459 2303.29018197588
15024.8076290561 14468.3404589327 11996.6546814091 15008.09331271 14392.7017537493 16557.2339752142 11636.7047070785 15414.6586457921 10035.9406795853
254.008660093914 254.068255458902 240.72286555467 323.679440021898 281.434829186303 249.037308496739 173.346023632399 248.156365053905 280.467550393685
4627.40413916425 2991.05421966224 2987.77964457184 4736.51776132329 4638.74716491179 4020.99008008563 2861.09929846067 2249.30800539144 4128.37124650566
4630.59773266384 4423.34189578164 3935.00455195051 4467.66041350047 5302.8936397 4251.21753508442 2636.92115323073 4791.53170270488 3014.44947339442
2624.70885039921 3013.76597494845 1521.51811450792 3307.839769887 3005.05292185383 2875.86294992806 3570.37694392707 3266.88523698382 1477.46000325216
7421.05661839227 6243.18199583436 7981.45447690441 9659.83645631184 8783.56522389887 9090.1404794637 9731.56333246118 6351.4362144343 5204.89343508938
290.017675425051 287.684041824381 0 0 0 0 392.043063412127 0 0
0 90.7203285646361 482.232162323943 344.764937168552 0 0 0 313.774575164042 0
351.987242919779 371.83256581052 314.468894963581 412.452448405957 359.855092361545 460.456457399845 322.704217115487 314.898098850072 312.901244518548
7422.66919281489 7715.37439025909 8331.72420186693 8871.38835147077 7478.47535689334 11302.4938636979 5664.91449695222 7499.60983108055 5154.9919932519
11744.5548164147 14143.7481244365 9402.92650491578 12226.0813167118 9406.47247608284 14240.8120118986 9898.6670493649 12165.1557646092 7411.65092837795
5162.40954725418 4216.18491751147 3848.94363081043 8768.1191036185 4670.62116498486 9672.52736506563 13308.9332527478 7261.60493097054 3868.66913429016
468.469570408155 268.434762066123 5781.31448695986 491.333555958177 671.323227822829 1014.70306615232 1160.26521739821 5013.38625261275 10943.8052463547
461.466567607124 476.840173915692 466.400769951525 443.185443010189 342.322519682648 536.969378001493 281.094101618523 409.310168610612 245.200866988695
1351.04417137942 1225.75353481037 1087.62946415912 1194.36183624981 1588.97110031993 1144.45847918794 774.866416202834 1322.9158304347 911.255203534505
16623.2397602484 68133.8333310819 12124.7538563025 14230.0804751436 15787.0849814482 14323.3827712544 11584.6158858251 10266.1460475824 11125.5830253257
1867.66148231164 1766.1778903343 2000.2656806063 1209.79906588947 1056.97110243147 1493.16080518652 1295.7379553511 1234.948436308 1684.93717509605
5186.24830523515 4671.60081866015 4825.35102510386 5015.18530384114 3844.47230301838 4729.95714448847 3360.12784880386 3373.82763518969 4291.90490384256
2231.93278264383 2133.98595506043 1769.13738594764 2000.01445759141 2526.975834606 2679.18807662627 1904.26932290087 2154.74963853697 1375.53492591294
2349.04121387822 1746.0797186837 1661.83865063807 2288.54390260507 1836.49196333784 1815.98924217311 989.570846478086 941.108042258049 1897.92193745126
27615.8657647866 13163.9287915172 25221.174120016 20170.3208561258 18803.4091542525 26835.0119566167 11961.185412207 9068.66818840597 20531.8145979558
1738.38985311666 2305.71698158921 722.186356187147 4658.46370114377 3594.18339177371 4029.40815817358 1895.02710976401 2167.66291812698 892.96122167525
2029.503919711 1521.46536820991 1749.47334482679 2167.26699582196 2076.4224791748 1680.67788208847 668.282112806463 1592.11254621636 1898.58610376202
3669.19235139559 4057.7168156379 3794.59086949578 3353.28459857713 4487.84139017226 4502.78981243899 2859.04342113165 3502.73720976828 2461.85531713072
4659.76860526085 4711.37181699149 3262.29572804454 2413.068899042 7440.72806506359 2398.23429271922 1133.83982355032 6373.1749296252 1755.8947187329
8677.0726980188 5132.06421042609 6115.30958928992 8155.12760754699 8074.23507573832 8411.42063830813 4019.89129506033 5840.63277850157 6167.23436270499
4364.22149508938 2567.96181462477 2311.29679126894 39360.7353107578 5032.05698070612 5037.42153214645 2807.58450989916 2164.47363794785 1834.13702253487
1990.18802534415 1117.76406654408 1621.82088378553 1671.29833799261 1257.37333091478 2001.39210172154 1203.71696845728 972.495805701444 1244.07869544539
38057.2083045102 18700.4300531775 36575.29713935 53708.641869139 44468.2682733761 30522.8528950707 40869.1627462853 26743.0008833188 27662.2134320447
66203.3596683981 62048.0958425202 45294.0387315727 66276.8333883323 59819.4284257376 70182.0210615848 46533.8853598911 65108.1556877967 40314.9224823136
1158.27863936186 1003.48919762142 1016.07878322053 1105.89376063887 1269.88048483815 1488.97196949073 1055.47383896858 868.286868706047 648.915067099644
6666.57953534288 7371.60910267227 5167.29118241836 6069.51610682588 5193.6435476417 8015.21565778993 5545.97010102837 6328.17366822157 4679.23335912075
476.536536130113 388.739898198039 301.283025831695 364.769375947402 319.569657850113 445.713658686311 278.006566165438 406.750584670984 220.843093161297
2575.8600882945 2454.78561157803 1692.98493655987 2262.5344895106 2091.56299049664 2880.81008075289 2062.79514349557 2278.8824393811 1254.77786021379
1970.13492903957 1885.66239882295 1388.40908541862 1737.25036318104 1655.79220865488 2171.06870748094 1437.23497181005 1730.99981659725 1032.02411028168
3954.12840594939 3447.1735845583 3079.46351598867 4481.08918784879 4473.55458903452 3830.62143783862 2254.02240506156 4033.00876758336 2945.70832123283
1721.71374146169 1611.60940314467 1227.06061626181 1848.72035558263 1702.36391593778 1815.10841918674 1180.46373129364 1688.14642093484 1100.34424975014
24060.9646654469 35129.7267278188 5092.75676937496 3932.17842054024 5074.34785004887 6709.23056880631 10566.1917122466 109937.792735463 30847.0657870705
50159.9378655924 54498.7313602417 42174.9017664959 57901.7661841462 50658.005749692 57711.3400622625 37976.9792227961 55979.3786155722 36675.6123504045
10382.4193001837 21061.9283096396 25067.9358203583 15617.2638291086 13403.4511128747 22131.2149115735 14853.4460963133 21188.9081193191 21031.9749803387
5678.0904465676 6756.89568152408 3566.25261944903 11598.9748675487 9347.27299826515 9855.98580172404 5983.98361317036 6492.99064229462 4190.07320776987
99138.9076259969 10360.2668694597 9944.75549501742 552960.962483326 64194.8418649946 8719.52604150972 12306.9798693083 5923.82656279936 9009.07335431262
7557.28023262359 6377.70057134713 695.549349369894 43566.1340818374 491320.58289634 10451.0211035293 1402.66696781119 1360.73131872104 1669.04088093185
12470.6583246365 14067.3270920013 10796.0506020189 15476.3959311393 13120.1552541282 15714.596118723 14402.1931043408 13431.26381561 7899.4878365819
0 0 355.108374673043 0 0 0 0 398.25888297744 0
882.381583080972 740.613305462195 433.288254148064 912.142492921293 950.975901442185 1035.96196657183 670.150535497787 518.161049378375 738.698510866158
365.247508996166 397.101876287612 248.809266570075 420.296783763358 431.178311451971 381.238643963951 368.11266222416 412.586633238681 234.060205719683
2810.26298495902 3420.05105912522 3839.15779197656 4352.13311578685 2721.15367153981 4124.58519914221 2203.96495191758 3090.35876871991 2206.87190616195
3398.34002504399 4467.41904378732 4360.51841820202 4822.07962414885 3553.31417681013 6211.78926288249 2845.47343114208 3429.05782049229 2339.2593097346
1689.64259291721 1543.03526961627 1711.36248786533 2391.36144626589 2330.92085724254 1612.67423048574 947.802290583926 2024.90242907428 1765.49779935401
3689.33241778167 4587.28171772095 3398.91157118167 4639.39651936418 3309.04948278253 4556.10896227839 2597.84407670703 4038.178146721 3002.37638996094
1672.52515081247 1867.35179925792 1741.7757316688 2064.94356109763 2008.24557056603 2286.82817334424 1852.25677098455 1898.05358735259 1512.3194959237
263.507035451213 258.16400884121 196.31694369286 187.892838239654 369.653386011312 183.316652030714 122.755420441411 321.214967915181 135.657229453794
5261.43433742624 316.903400439448 616.152608913342 217.664167923755 9916.60572470284 16343.1542271212 287.550818844177 10800.0865955086 1919.80310849796
2044.98170443286 2313.83745375274 1934.37531892005 2012.87936657332 1534.51886885741 2331.81155829497 1640.31154751537 1967.64366146061 1391.02696003545
1703.59308194549 1846.65791172052 1530.96884432339 2423.33642714834 1892.08951646386 1560.04115772524 1514.70457689793 1693.13158383706 1657.28619357041
7542.84885798005 11857.3256967746 4383.41007483197 21032.6005423974 15744.9899640294 17514.190485663 9540.84118003947 11149.5458117046 5139.16612137838
1047.53112712379 1435.535477431 575.451839903654 2746.86274761824 2098.07327083032 2374.97417030301 1149.59028068802 1362.63244970522 585.654506527145
3616.72951897744 3921.834784173 4067.06256600948 3844.51476536597 4242.3349824241 6272.7579918119 5731.2743489241 3793.37080409489 2099.96413165683
615.757798670768 713.854031367746 671.687055918667 571.9850449354 428.916952702692 423.530600712345 223.459843385136 670.693952469991 538.662927232215
576.113960688898 628.030702498103 473.590985185308 606.899929881699 474.69845473127 656.045707637042 431.726749474045 494.515972661602 442.021274429877
14663.5058854327 18254.0980349136 12925.450360448 18561.1232311518 13943.9945170007 19693.9839924085 13208.5593571233 17285.4237836272 9453.84955352508
1209.49112206127 1433.20288564997 1121.52795338023 1493.16565740276 1475.96767490208 1604.50212161737 801.239649254377 1370.57060914322 767.899831845054
2723.62480842148 2212.0459339424 1968.64067041487 2690.70469674422 2670.52074804149 2732.67588687555 2144.86404094097 2229.69473661853 2110.88460933377
728.136686256529 499.730515001728 619.897170923001 562.67631576207 617.115936962483 820.642558960552 401.796187324278 380.721361032431 486.717462893679
12178.352043995 10236.8978281679 8455.60914813747 9240.64184741423 10267.888146119 11117.4771397051 7834.99951361529 10750.7954768898 6387.39532852588
353.925231968079 427.230375440651 366.428610808858 476.766342870433 328.369556242893 522.092974699966 342.952807400609 352.642169451641 296.465177821612
5417.81010867767 3873.28254253037 1402.0397742048 4166.81390262732 5198.23849800794 5596.95924531742 3708.32775381594 1373.49750640889 5195.99111505461
803.983064075631 987.294302589259 812.011171129044 903.006548470232 670.738796946483 1019.97886980055 648.142684837591 777.273686419949 679.581721122717
1109.81293603728 950.7944075095 831.98490486702 1273.13994264673 1075.6169365721 1108.11022512754 893.416241826655 794.078385781244 858.163289380706
1647.19048340144 1437.7955934464 1455.39262901939 1946.1642222791 1806.74744065621 2356.35723622791 1684.0988076651 1618.86041746171 1118.55514722878
596.785428941025 852.310344391438 656.870175571486 866.920440924097 560.11723662449 825.751617393886 520.140049414701 660.338683484534 550.689722272332
447.639019097131 448.651072701014 509.240480051876 473.148815675565 432.254088164364 426.723307237913 378.722994831827 401.631828101682 507.268541863757
