413.420385690501 402.630157151754 303.343725269278 614.11669125666 299.284638626624 564.803622344809 704.700734811924 460.01971519682 316.837677752031
0 114.126904479354 0 0 951.961280306379 0 0 0 0
5973.77442414 6440.40664047795 4926.89645890191 7202.15565369384 6089.53235217737 7429.70916733513 4359.61183765342 5841.91535056811 4395.09967099248
1469.13762010818 852.47299459543 1533.61475298594 935.655155273297 747.311232785851 1431.38158425363 793.533338381085 462.340124217918 1052.50406472463
29199.0951180958 30032.6168240341 24398.5316473913 37748.2837315596 24886.6985909265 23686.592348997 15065.1521082631 20825.3475850967 21768.8143871886
2529.59477009864 2600.21493041262 2565.02031147403 2718.71670254497 2711.46643786608 3810.08579571009 3342.56642812579 2369.27306934722 1706.31225324527
15022.9125984574 10623.2792248189 17314.5929081978 14196.3370127648 10166.6067530968 12995.3983807781 7069.78238973845 10713.6820754323 11666.9280691483
1229.17533007818 996.44349090972 1251.52788691895 1666.94597851056 1397.88955060789 1222.76772328118 1344.17366848063 975.216330936315 940.154106855763
10676.4231076554 9729.89292575261 12117.3436362339 13252.7407986063 11668.5924852006 11903.5441137832 11419.1114590545 8907.78220361329 9554.45186320987
20519.8801076268 25635.498132441 20814.8876712452 22236.3868770207 15395.2218980641 15258.9975388769 15470.110661094 21285.0331207715 19388.2523978433
11385.8345481528 8798.18805352477 9719.51834502944 7933.55720779064 10603.6900639986 13603.2771869539 7352.3118802555 6723.75261956811 6117.51305554894
2772.52353527529 3578.69216071613 889.164706200417 3434.84915628851 1689.86803053802 2130.21287801635 1988.95536446683 606.478984671726 1807.0436624069
6633.9729469639 7250.33233358218 5983.88894055333 7923.08969785066 8184.64237200724 9043.74741066632 7599.35852651276 5745.93133567703 5295.58521858908
2722.74998054673 2654.93019202959 0 0 0 0 0 0 1200.66956872758
549.226729744986 458.023917422071 367.670082290596 509.688134647112 593.333423613457 510.592636914123 361.123332875248 526.465886626974 308.118292057608
3686.80788972143 4850.83341852395 3067.68550336659 4888.02745675224 3691.18530997484 5244.81440819769 3602.0045806214 3266.59446571881 3159.14782475968
10700.2966852216 8446.31807082589 8615.83347104382 11027.6281741448 10086.1155134199 12172.891929472 7198.93193131397 6077.26515572109 9167.49927929226
15607.0519418794 17179.0930157262 19705.6072342168 16354.7067117171 17197.8823131044 23652.5488808865 13090.524702562 16222.1528157372 12851.966731413
16627.3212246263 12236.380180122 16879.2053777187 11582.9269484918 10095.6663530982 17001.1101375397 10282.5864147289 8794.4204143442 11397.9643933327
1127.00905467744 640.498418888835 1250.60725693254 782.718446268427 713.520675700798 1358.38396734426 642.544849854106 329.217729644479 734.908008487159
13992.6081985862 12880.2416771004 10639.1705952648 24578.3832984029 18245.470166147 19729.3435341325 10647.4260717397 17181.324937706 9382.5588095607
4027.79833688889 1782.55111205868 3077.68963646146 2889.69193416368 3393.87853730886 3034.29287091579 725.442419267008 1479.59124509429 3696.33391873234
1633.29396234381 1382.2348102163 1829.7334253929 1284.68435132088 971.457357485798 1380.92557608449 1058.77715761699 1061.18613899094 1320.24997629223
1148.41861130253 1348.60585996823 1134.83400636619 697.531973544691 807.782451244321 570.771466951436 1185.15328130284 1006.73109378855 1481.48635800431
1840.97093426353 2238.0300371327 1841.32962234733 1012.2925434427 1102.28583984172 840.61357659889 1570.09365051588 1784.21163384948 2135.37440967718
6014.77730750281 10002.5558064862 6579.85845816373 9572.48707730251 6056.62225591908 10295.6830074923 5655.78398458523 6937.43027323753 4822.5240495873
4756.99223032222 4024.12947048167 4783.7938877696 6137.52433042231 4914.95004463509 4761.57978890408 4058.81232243298 3770.32527456298 3576.77459662872
5951.33924698104 63698.823231251 262.305485032477 480.969908701476 7434.4659485993 71310.9837852117 376.280178756883 53146.0069922157 17119.144450107
1941.68545487313 1356.93697546051 1809.31627891718 2353.03924890244 1942.98990397442 1855.26828100197 1467.59491401777 1562.24632937838 1398.57300139627
25069.7317653878 5796.08177542407 5606.47629985354 56013.6361970844 4418.9682054173 18846.1911116835 8146.1799310116 5503.20255032777 5781.92179563893
6818.09319096662 8889.94840848404 9358.20036842137 5754.32464528828 9191.84323207222 14619.4082462372 12210.253413603 6142.85692641192 3113.72462263861
543.508032653676 516.529073400613 536.227054770187 722.407836736027 693.646863679473 536.628565474942 359.0736108509 593.37398902845 601.568614322832
15631.559426229 18932.156206315 14176.371278998 16226.8794745177 12721.1380712112 18992.738680463 11943.8032065192 16551.3667984979 11403.6614906763
35278.4158456716 22965.9618765707 21905.3664500378 36515.6758384501 34933.5216565526 38008.6972907522 21165.5164964219 18006.8922091359 28544.6971254103
1980.67100236083 1806.75953171267 1712.22095810177 2247.8967057549 1934.15932493121 2423.13871727144 2130.61654591091 1726.30587921306 1374.68812194805
1172.68102150218 1174.05548241352 1055.63415270103 1308.68691144948 1144.82008702778 1532.45674790444 1210.2319826205 1110.71965737017 794.366304214172
298.543346798467 407.926726860449 365.220034541626 407.852255426489 273.974531519234 381.553995562078 290.728062864662 334.516592899925 343.102277200152
4518.67930443336 3078.56633690097 5160.38190428842 7280.8532013195 5702.89417364436 3744.81283704445 1899.63666136432 4913.39106819764 3331.45398650892
23022.3227011648 10758.3363620617 15827.8697762751 17976.6855441906 20759.8903766976 21650.2746797078 8664.85245477724 10969.0719799106 18433.5775585143
0 921.953498831144 0 1397.63631983474 0 3926.79975253988 0 1847.44043599162 122.556224972707
7008.30169982046 5038.09441147315 6384.96060323424 8494.00762465938 7040.71819265072 6152.36874666913 6085.54675525273 4847.95926343438 5531.43688807282
1968.09447728315 1641.67267379716 2018.1183955093 2758.05009818596 2143.02473924059 2029.6572220339 1982.91110753026 1497.88248057158 1580.91592047199
4911.68547314387 4412.48051185424 4105.69812566205 5709.18752348175 5291.329255988 6460.76870922832 5330.45796307743 4418.26036004474 3868.18099671586
241.05326407507 222.232854468125 210.713960686638 262.465398981883 247.119066797086 237.937219894854 214.529161513082 222.551810737846 210.157195716327
2916.67379692115 3196.26971059971 2531.76818195435 3878.59463139797 3240.88680532297 3026.60130504946 2951.96902020892 2794.36231708995 2750.49647871679
521.721942330138 669.957067540166 242.572848192348 1344.78581513622 1041.73223071412 1179.18318035054 534.735633863578 640.431864699931 295.604450696822
2896.745697612 2752.43617201781 2298.84899046725 2357.51601267217 3636.77601297641 2637.68702247988 1898.48673450269 3134.19041685087 1622.70673017476
8911.44154175218 9119.86837782031 6237.02498276087 9744.02410751127 6036.71123366468 6928.6119918808 5094.81595281603 4530.63414966938 6518.93869498466
22626.5443968337 16835.0663952799 16930.9622423939 22260.3887962982 20329.8990215818 20772.1389971072 17269.597133319 12367.7278339728 19414.6026936687
13978.4412287569 14836.2136860411 9875.34332412082 23926.1502210591 18636.7258478598 18118.4293976944 11444.4201865087 13518.23049177 11436.450903838
613.569918644237 624.039314115882 353.86749147902 887.406399697872 774.498156037781 860.78959430467 466.40593668174 472.089942491324 509.766151545432
478.072220616861 413.835884963415 375.582735469752 571.504140660852 527.888958060049 492.889427760833 456.622380185853 471.556433689113 379.55513459961
2186.84845360124 2818.82090974595 2007.93203724536 11357.9441267066 5257.03193924894 14223.8287842197 1969.37187808435 52353.2483001506 2090.50225203894
977.668532596483 791.629382737094 843.316247668964 1163.06360492586 963.853514836147 1230.02406171759 691.202788189728 652.704945069635 685.134593864794
302.744249615212 294.817380439453 243.981014035826 468.385131738251 288.921742821992 258.658343775356 213.91323426041 208.080541825676 232.1036709013
1471.90701323997 302.801307521711 718.542035200109 1312.20049266363 1504.74845229893 1291.03528288356 507.835753650396 858.658574948135 1067.77057086724
12949.7724927627 11445.0268438615 10885.7799829324 11358.1967334158 9221.34022184174 9053.91804137843 3760.92679107198 8731.6449568578 11170.3073352148
3505.27728040093 3765.71796328105 4066.63057156228 3199.06529526064 2234.23433420365 2929.49110445521 1682.89128417561 3467.50522363365 2871.1053878352
9404.03265291848 5154.68212802111 5988.42538727377 7465.56398250725 7791.8220901598 6737.50259550291 2055.96073779481 3046.41676915838 8318.20370367765
12358.5493348037 14140.0568923438 15228.0148538694 12968.5568997543 7937.76491711929 8205.94088536223 3783.74098750538 14532.1662067925 10914.6954330634
29076.782804642 14731.5436714181 28535.4560604918 16194.6388802925 11152.9831187923 27825.087702837 12739.0235717946 2864.84233740614 0
8123.70125773645 1586.41496262524 3629.2555817353 6825.96767704206 7292.58199535366 7281.59998867779 2974.02230932456 4147.12288262329 5325.57816325321
36128.2769319867 13139.8104774789 25301.245332338 25963.5698891483 31875.2243612688 25337.8465901122 3579.55379821223 11052.6161045043 34074.2872233597
5304.66045990437 6310.57208495563 6621.06896197673 5248.97971411657 3425.94557881317 3676.05361977689 2264.56764865751 6272.92478612293 4765.92802574219
78571.9161620458 45755.2944546568 66219.1330209524 79638.1000545581 80424.8074832908 106535.964712782 48271.7294315386 50483.6939540577 55309.3144538801
42647.1931393736 37428.5441958649 52852.6600386225 35450.723621009 30506.1789768036 50994.963699236 26807.7966020384 36602.0152773938 40483.6455210618
1782.18666295718 902.207230002391 1404.23930489913 2144.91011467693 1856.8487698354 1683.88583139587 1026.09865836502 1434.98287343249 1296.62524738556
8160.78708982414 5438.78888632398 8367.83268136278 5961.70888720218 4972.39165823602 7005.66054991022 3461.64129867839 5062.85650102938 6337.16637645229
8921.8432702076 7166.86926382508 7982.95938016824 9291.87741807926 9972.15361138788 13631.5845133029 6114.25863316068 6441.9950869516 4655.6211067809
1561.70220692819 1441.95134416864 1138.86558859326 1212.86999696454 1708.16698044087 1412.53543961959 921.88146388282 1485.0126435465 851.470863840517
5509.80920283825 5835.99300207529 4659.73679708688 3020.20242457801 4881.00136411481 3678.26457690301 4911.58934926284 5213.29092745115 5235.82133033171
7242.85224465907 5586.97454828504 2258.64089114651 7006.37212783134 7697.49566160594 8335.64722832688 5213.08594419826 2761.29574922389 6563.85363599137
7833.82183663685 7399.27438917701 8100.36415527929 8286.24092567013 6541.30557536237 7620.13181960995 5413.71394102858 6805.73809837276 7278.74161545841
1405.06054710208 1416.14490659185 1254.11466398205 1094.5502041647 1320.41919399111 1778.86505434609 1377.92047777258 1322.43109158047 841.712754646259
47585.9179984183 31048.2684756698 42031.2309327389 39210.177803283 34568.6224558319 48552.0604884649 22389.525872112 25376.1768914655 36412.062137703
28376.4891616158 136612.562731776 5798.6735373559 2488368.40044061 3357.38551796051 5270.64975573947 5456.79529215751 9308.92337427454 5978.21817058931
4550.90131234587 5957.27190349354 5822.71026438449 3634.7992411039 4497.41235849695 4972.26838784093 3726.29220455544 5578.49544005435 3252.13234268472
6615.76807873835 7496.83276855794 7443.64160450933 6732.51598618765 8345.73074271411 11614.4403838451 10724.6593844752 7201.19039028318 3543.12100287786
14909.2543184944 17740.6361738248 5341.50292654546 18360.4142916708 10299.5488180361 12404.7445446893 11426.3424536607 3450.3331490076 9336.68070636148
15358.5922853476 17479.4663168714 0 18641.1979310928 10187.5640524376 12078.816882898 9175.80479271341 2629.75906117547 0
10225.0008352211 12919.922650024 5119.96042413465 11404.7561868593 7647.92112464651 9986.69563654546 8685.69274796115 2385.28294965781 5943.7905175511
2947.05790165114 3264.52674927926 2722.42874137683 1251.99026876119 1982.86414857021 1618.06415603905 3177.54845526726 2099.90080102157 3310.2302969808
8362.40433094086 9601.21224758027 2544.83266446924 10023.273657984 5272.03601032599 6185.97309103553 5434.19567508562 964.17874747444 5387.89265682007
45715.0374921216 45290.3080894429 34873.3302261932 48746.2710250379 42378.7577736183 52495.5531503552 34689.0902979125 47230.7769953754 30516.9406541563
4224.73105142371 5506.88224846893 3566.32408692973 4940.9101035055 2626.34733029872 3083.42503836549 2248.44528913705 3399.2692610367 3355.97301100683
2597.85669257909 2815.52896714665 3010.68124678225 3300.45877167233 2908.05763209797 4626.69942294581 4785.53451596698 2807.34292076373 1616.76035336624
4697.0134343416 5014.89261749039 4245.1912782591 4659.84286146718 4604.12554705841 6113.72224254536 3957.78678085023 3544.64446900166 4804.71577175587
36343.0677049934 435939.309709337 48382.0458614877 42282.7890916359 41970.4264552768 49769.7770579074 26324.7895911253 38941.3147035675 28289.4290603942
25963.2366007646 26322.7200173918 21112.9745231803 22518.3917600763 27947.3790705218 25978.9816528462 16611.5488869533 27991.1749762455 15724.4172873271
6305.96184164354 4713.25887851853 3726.20836655398 6095.3391029523 5631.73118396419 6528.81635129716 4138.51324476054 5371.03520587813 3978.54650702256
10525.5906385283 13241.1779353302 12154.3067622192 15441.0614134439 12785.6754088539 16641.2877715999 9520.21394521973 11373.2481510806 9571.46696533866
3339.31647150774 0 1297.01555332924 0 0 0 3016.42979084257 2208.6551065786 2725.2546368118
33041.7869818973 35779.6683963569 32452.4112381073 110228.134586944 34292.3905395658 107711.419029398 36756.4625711982 37001.4596800878 37725.3435262848
25229.1832031595 120496.678802557 22976.571933399 28698.0578593017 46149.3737523372 29317.6835759496 12760.6227957916 54822.9796714128 15416.6081664787
56492.7900829836 58212.3684256037 43054.4847590214 56229.3222059538 48295.7070377839 59886.9142481146 43650.8996193235 60659.6131768962 42602.1764526976
22830.3196992412 19723.6020214882 15942.6067821749 19666.9717332706 19525.0895417023 23259.4767174489 14787.4849368765 21201.994518659 13049.368562622
10354.4072445167 0 0 4862.67351640281 0 1210.12906103326 6885.60795643361 9925.6259760837 0
23282.8957689799 26610.1114228848 21834.7305030997 22571.649403109 18905.543614037 20150.8227366364 15167.350240239 24991.7338512824 18647.3294366619
19888.0856258917 11881.8958948076 19025.3024760905 14221.6391418571 12919.5740340051 18913.7280866158 10361.8525118786 7492.80074651724 14479.6996866643
2467.64012343107 2525.37103866446 1701.48042514061 2204.55984790248 2051.69480737647 2896.50987362782 2240.19289029304 2336.51283310938 1541.8571841062
870239.264429137 12275.8675637762 10236.3215889277 139422.800682984 9723.48925817518 9105.06384327306 8447.46620879782 8787.71089000519 6553.72248298614
11139.8289367956 40891.0771581184 6614.91353907131 9053.83063532685 11548.9487796888 11314.7575265032 23307.8214328909 8950.98961627838 7163.99552161947
5121.7839301584 5192.03346009495 5359.95728231896 5385.25600071856 3514.34577089228 3411.23153188137 2409.22095045031 4539.65595819493 4481.67299082337
27985.8272522936 30098.9050121363 23969.4283196937 27726.2983233961 27874.5414279674 40276.4680801517 31092.8797201894 26060.5295945084 20068.3899987261
12345.409038254 11212.6831284374 10579.1267370328 15131.1536608539 13594.541034985 14063.0473420468 6766.95197985831 13017.6313855167 8972.18899613581
4815.74626446229 3861.857582623 4162.29844830985 4926.13985098501 5386.18945076809 4846.20176925474 2716.52178528075 4069.71159025519 3825.67127186447
690.875754509314 686.035726480671 662.935900121586 1140.84595002605 612.158191477866 1308.15376241001 1616.82140711866 979.884103492387 514.425061948083
11614.4967959212 13370.6901554784 13159.3656748606 10943.49727094 15122.5835411425 20144.3955571499 18058.8519254484 12833.8163441828 5625.57009133486
6236.14432123125 7270.04048920953 7174.93505576925 6638.28913579594 7776.0558265351 11028.2472637439 9598.80013185083 6880.09949033156 3513.64204460848
9469.55203899548 4829.82761876682 8148.87784122071 6725.15324783605 7297.17718690049 8138.21760346723 3276.03380872713 3544.435047906 7800.51028915526
10769.5542782918 8301.62669104755 9521.57406373392 8365.99354148889 8173.95351127755 7958.75445227769 4387.216130722 6378.33049268793 9637.18905524042
11294.0976686376 4747.97765182862 6297.31666185788 6085.05314211728 5686.26059447065 7848.39889466853 3435.20865977323 9167.22453027174 4557.85883469526
3644.43343578412 1070.8589282675 1536.81241951195 1448.58026230406 1338.17760872394 1814.32738231077 584.337538839563 2752.70551040317 1140.31166924675
7414.32291343756 8701.07669722882 8625.11343433319 8300.69203265266 7771.62479239674 9586.47909725861 5630.7495471215 8788.40586413105 7310.86015076577
2427.5975409851 3114.6144913284 1298.85685356781 4930.70701734316 3827.12410693869 3960.88417679533 2587.44875996775 2505.6438586702 1875.26700627121
470.33405663454 255.528423836855 295.266190864812 471.277165851964 434.17585554904 575.850042961711 288.238481867746 285.280233233238 278.249073132472
352.923238868635 381.547616561241 407.061477812834 449.833987201404 407.611638923152 343.982899183343 340.222211150402 376.845760501677 471.70941392556
259.221855389979 425.308779532381 402.550022579659 439.328035416336 262.020251047327 430.911485242134 253.493380184508 366.884181875817 295.907468108315
598.271624287211 514.810361758679 523.337724751353 585.911028412991 613.200581825385 776.106498144196 432.827593979366 393.638085265263 371.586910875858
1920.48299534822 2106.62697518942 1395.14246890891 3594.46495047057 2875.87144755865 3075.74091630134 1685.77461149662 1978.92595037095 1314.0014032381
3197.80014153308 2221.22437114766 3558.74575453663 4994.32802016614 3793.22581394595 3117.30212716448 3581.22675096826 2491.41754102968 2259.78610418912
403.90238932297 451.123192983882 434.068494829076 530.081432797489 491.314955800506 470.820446297592 330.549238109742 485.82791310127 467.414494459056
5023.34116960276 6263.96652351224 4880.72533468894 4386.31420140089 3967.26238936981 3713.14590879735 4243.47955947582 5100.22953377608 5663.62168742396
9292.30660109792 7011.97312532056 10986.78952006 16376.9937614933 10561.183510842 10298.9321221252 4643.16880406964 9619.14466666877 6619.34329830079
0 7863.01859314987 5782.50503918098 8019.09916418995 0 0 6653.91601909503 4000.37768974525 0
8659.70448618532 9155.80024847016 6864.25505504677 10899.5263924939 10641.5860568925 8479.17874731896 7585.30489237537 8625.96447682345 7128.9512708067
0 3042.68834352204 0 3146.08942314574 3839.95448628639 2578.63947435231 1969.28243990535 0 4561.20564927862
31034.081532154 22854.8142408104 12216.9988783172 31058.848921296 33045.031177385 33976.154905362 24524.0011859885 11861.2852028845 28091.4784611489
82.72294186086 98.0710865678057 87.4534786048362 84.7712367695738 89.3204334437792 98.3223784817286 78.9170820447434 87.8086845816998 78.4680826165574
7836.76542127737 11040.6794594549 6491.50958719304 8781.92621588061 4354.93683627366 5270.80357169067 4402.83197767486 6432.00603759625 6106.90889308328
12208.4644777885 9152.93724400116 9334.91889431832 11315.8438878198 10524.3236571645 12902.6997151216 7164.40833183626 9423.16469660082 8169.98087843758
11086.9389219466 14344.049285956 9720.87831586371 13102.6094084701 8308.70262831354 8584.27042543582 7301.253478271 10436.081556718 9638.19208760838
16107.6181368997 17770.9461631762 11825.4765913217 19980.3551175243 14601.5614983518 13352.2118178308 12830.1781011286 12677.7200244992 13851.4195438814
9369.29831098397 5374.0068063881 7356.04377310811 7316.43779087565 0 0 0 2519.65105746592 8046.43389781698
16510.3053143214 3844.17796625492 2476.46934632632 3835.22025442608 3067.78993097962 2186.73921212006 6983.50143425487 3296.03880924331 2010.59686475917
0 1240.87271083421 0 1834.55335746001 1676.46463210743 1458.01713774662 359.005768981824 1549.93810616127 0
936.97115643714 1181.94705398886 1260.82670361005 1122.29973446207 949.166734050281 1292.31160687111 793.159758244378 1140.65515258766 931.243734077238
31605.4685690248 17329.2466621842 34385.7635996986 47596.8768031785 37981.841594588 24345.8398912851 38152.9541290943 22247.3965528639 23625.3144783283
1363.20327918975 0 0 0 1106.41640908778 2014.03493474928 0 0 69.4539817542734
1137.76315441801 1301.41742233439 631.13875589197 2005.40357957314 1602.91192127814 1685.51381231682 964.845733593531 989.399593492687 832.511878145366
676.406464562441 604.174955807226 714.944538751918 1047.06972423876 933.06562615759 687.611789879928 432.548218642797 735.36447083138 664.918671423864
3382.36257621198 2276.76789892854 2750.93809971222 2986.1523408892 2470.49185811713 3223.38472710466 1667.60027867741 2920.22755103171 2466.85940001108
219.453821645833 269.234988363481 269.719567033379 239.442765267557 186.744191180772 186.145408400555 135.578512367936 267.97780748509 186.599912112203
1047.82096217677 629.324625206815 824.742159269823 1412.01789890423 1066.62891467663 959.163727726962 489.107976133353 820.468242500618 777.305516384458
2964.03331753129 785.581174439431 1300.74645401165 2762.02654056127 2763.56429975427 3405.38903800382 1390.56717388541 1608.06674832127 1611.59341919134
5667.13929621299 7286.5167047691 34227.1371559103 61735.6991554463 9291.98509741776 21523.527064551 6208.2310590798 10623.1404556135 4390.45863487932
22225.0870556358 24213.0589759247 28907.9852048865 27670.0247475357 23938.3599538402 31175.7953661628 17488.0172668567 24564.3686209443 23778.5120739498
6441.78846357423 4839.08817110485 3847.90552732193 7641.94290959563 7178.96922435324 6427.19189116614 3982.44166924016 6221.57289616279 4575.6212036637
7687.85451313622 4295.02949601376 7870.52697382566 11063.5151950789 9055.3934875822 6302.50065848354 8347.48284934485 5738.82262769916 5702.83665499366
9505.02788487274 11118.3759313114 14462.7772593283 11160.962682942 10186.0369625337 18236.7998958883 7117.76325727715 11160.0184693561 6769.67746463482
38501.2046315918 18232.8830244605 38018.6562985537 21018.6531271968 21806.7447057075 36471.3904961252 17327.2986404269 6289.05656614167 26685.1136942051
11284.31074711 5013.84927196543 11035.0720939133 6564.25900996438 6356.06371376107 10258.2806862994 4499.53427933885 2660.76805485347 8582.53813312712
7228.22677878723 8389.35989867888 3504.91676134924 9370.3696965487 8241.06207731188 8211.64684965883 9814.0120263289 9216.6692432131 4074.49327197286
7793.23553551752 1756.3920695316 4087.07806320637 8402.03205282518 8334.93527059719 6866.28956157002 3422.56853431385 5699.97290796244 5232.22613543971
3325.37370891573 1560.60972330047 3877.66186396303 6212.82675070992 4284.14947477903 2812.16618466746 1168.25967485726 3699.96537911349 2626.42895372975
35083.2536976277 18964.6369247784 37979.3382863537 20605.849156488 15218.62330987 35028.531315253 19762.8080062073 8312.12457148951 23461.8721511383
3170.44829972551 4476.49070679485 2447.93790196728 7934.10372161936 6111.30458758538 7237.46684528781 3600.52507617557 4392.30484307074 2059.43467465266
5306.77830941754 8746.55364030995 2069.81146614973 19495.995377895 14129.0744168019 16477.8310835503 6683.52288762298 8559.94390216517 1990.14450999423
2597.48286081625 2829.12683151999 1520.41403426735 3018.37591791114 2809.30856928867 3157.37787811121 3350.00902345318 2955.0130034434 1425.0785736844
2238.7055359268 0 2010.66933100313 2833.23723712167 2104.67500138413 2702.86050658226 0 1850.43976672964 188.337431490557
578.335764493472 699.63860673429 601.070156491522 600.715772300655 459.128462334348 778.677493065862 501.287560356336 587.560519602809 614.546599616455
7890.22461357665 4308.23868112838 8316.50996090459 12529.3351091246 8970.09019630821 5780.77868734621 3282.55255929643 6872.08866175017 6719.24710093427
12881.9580173155 5887.0316942898 10827.9626625052 16473.8581572857 7024.5267113089 9890.76183309327 5443.339537149 5244.14819700064 7542.33647227775
372.074423814958 350.951640230471 218.703821978778 399.196778170398 391.419374661036 424.694444817728 312.076266105652 215.449121484482 351.407163636378
1784.62411045298 1524.08884972681 1004.67149315167 2071.63364906689 1997.70121029621 2094.67195931929 1468.9482212646 1005.11968912056 1526.53862784872
3555.86031485061 2536.61610689186 3264.1708450691 5314.3476444153 3683.35373027063 2868.95448682099 1586.81737592547 2821.57967124168 2786.44908873557
3557.43039492822 4016.69467585075 3509.34342939944 4980.28965175183 3618.17243161122 5143.1270110206 2798.92943989926 3537.78346766159 2425.98690951785
382.681148968172 387.543132052387 338.041580044276 300.656050634289 518.148336316558 336.13237975974 192.682769093532 437.461666470136 206.728965314955
1385.94312051817 1368.11273407059 1094.60141249739 1482.06666117785 1268.86981503097 1538.785479966 1037.29898323993 912.502663566574 1193.37309339593
12340.2863827454 12836.3625789255 9386.23657899782 13020.2488324088 11489.2918721155 13840.5043652805 9577.85102159234 12329.1280890696 7991.66937688601
1933.04634287644 1946.22927547644 1191.58543044081 2289.5275120609 1505.26153450778 1687.17722446068 1151.62062384398 981.175075467432 1338.11860256858
3163.2488793529 1785.37065538758 2977.23202121191 2276.64449220931 2192.39296961131 2821.4532096396 1048.80670545998 1287.4012684191 2707.52647666247
9806.74590634006 11534.0143314465 6868.76251369825 12266.38119629 10258.5015107288 12333.8738466755 8193.96340906389 8521.77710521328 8517.53628512533
1986.44999904995 802.67940819174 2655.06559466453 3005.48991170599 0 3152.70824683852 0 1694.99885289558 0
0 0 0 550.75861203044 0 0 0 0 702.724430875075
13329.2366816485 10264.2524175289 9389.79980933354 9667.36385392988 9705.93862448684 11720.4036408862 9122.24022462215 12079.4941255405 10744.119212695
8191.45309252957 7820.01154191601 6894.38580059123 6955.96464160423 9868.59884948106 8503.72872656254 7126.41739926132 8324.92794796182 5005.39562502632
22737.8739217402 10353.1732562552 22821.5852804433 12949.3638603017 11588.4617795567 20646.5230883234 9491.85924401383 5153.10336472631 16823.1310154077
561.401602410179 611.091949692676 575.707801091554 731.248998731784 612.031184106397 633.497154321679 420.57399970553 547.039870958983 561.243730289379
13871.9913402882 11309.4031854224 8523.94952613697 16576.3434960814 12213.5786947984 12785.3432291017 8323.32222815201 8835.99114840432 9702.92535527167
5870.12496489081 3168.39647583395 6172.61067520745 8689.90343362905 6821.17789090538 4823.87481227046 6288.9368838962 4334.4665875861 4278.13513445244
22142.3654417176 16892.1438060327 10607.4453449943 17625.210144546 19558.8392948837 22814.1969041346 16046.3753567438 8108.57003895136 20208.1482330146
10040.9872582486 8179.10696570693 5943.49169729734 12175.1707760442 10681.7060003181 11297.7758160667 7767.31916594569 5849.88034163247 8099.27653466163
6323.31486487982 5414.93407382257 2232.78486539676 7520.60106201411 7619.43871168352 8160.48150691888 5045.85258826769 3377.15848566842 5401.1963422861
1207.72617346389 853.974955297541 728.24622622064 831.543975200915 954.680430849409 1247.90408493246 720.296166196358 839.948433875257 531.706945025795
21405.536567846 20374.6416733139 4827.07104840631 5820.36111225503 1296.7208412679 2199.73652616232 1080.04725397575 1223.06049843523 5426.83393246933
1071.26673226059 915.791894998534 595.00677598035 959.770646617572 1046.14192653067 1131.0005005954 800.847235785512 623.051402462986 870.261601194051
6591.39629733731 5668.77142616615 4851.32853119905 5958.1668019607 6312.27867565425 8043.55360646777 5205.8147853155 5588.97199637838 3182.15089200179
2924.89781746547 1309.67887022973 2096.3556409323 1757.21503959111 2596.92300643762 2323.80099320153 693.535012289644 1220.6858205981 2406.9237725805
28629.9722753475 34222.3566869735 27418.4245450898 32777.1969995327 27924.8087847313 41818.738897937 31627.9082696723 31511.682321213 17878.0456273522
540.246920132835 461.991672608291 637.38064737361 797.459320634026 610.404124672893 443.146479408541 702.519145769368 381.349958876951 441.021715654161
1655.12295353728 24915.8295844646 84507.5306080223 2198.5834977148 8906.14648889155 1620.85640853564 1724.26052692848 2814.11511228977 1303.62569324144
1408.41321755582 1586.83502438092 1190.9449814443 1535.03411293559 1006.8981652442 883.517718045377 985.11233373901 1053.36326212419 1284.86159636428
641.350923664569 0 450.886277292282 1116.21696510877 0 0 0 0 0
18345.2240698381 22771.5882760944 16743.4567696402 22655.930834626 20491.4159980663 28854.6701952434 19295.1727266451 18260.7507069866 13046.1408050389
2705.15918077118 3154.332293708 3589.80439386382 3797.84060256437 3415.88531164581 5212.52400446163 2493.78677654503 2767.01670235077 1952.38557274764
887.091192161934 796.70784643106 707.077884586684 628.5315735433 648.506901102185 837.20193537364 564.549083977743 681.720812801378 515.417558804201
10468.2393026518 8013.02862802568 7790.54554684649 12604.4974636892 10205.7209033839 8403.7284783827 9737.67412412927 5813.1266723572 8413.61589733843
1648.19164985533 1902.70373064584 1054.71108809772 2237.76970066198 1210.06931393131 1759.26446083417 1838.95891471094 1102.01890731376 1121.5227609156
9665.40741019953 10374.0491585997 9365.39072834583 10226.7310353692 11634.8523116877 12319.015784667 9167.67863725466 8972.030015885 5548.63944463515
8120.47055249082 13088.6926269667 2971.5252998617 30060.9979645105 22050.6801291448 25413.5326035493 10467.5650471694 13389.4078806253 2694.80190374997
23420.6631607026 29431.2498597547 22116.9248687027 0 16663.4715866357 9567.78038087588 28478.8951500464 12206.0840862082 28008.251057721
3407.33173198613 3087.21572990606 3837.14573612828 2731.66625327446 4390.38437029239 6300.54819116352 6201.77624040977 3774.31859841108 1538.53406934926
2074.3355150153 2614.19230851792 1903.23088954366 2190.46994170122 1733.64610533889 1871.94689988637 1648.41946373169 1900.64530978171 1978.0394447307
2533.06614485037 2803.12037250826 1093.05700933737 5352.96408566261 4278.65770394681 4994.64559710055 2374.01995000616 2297.78912929463 1564.65268687433
613.660387674705 710.412677599132 577.009510230279 712.587164335477 491.721307255459 838.805297474734 518.694455440006 576.564557661291 417.270389431876
4352.24387441115 5201.37125955369 4021.92417532358 4445.84422325468 3291.84548038055 5608.22021549821 2841.51653970804 4054.93686188238 2815.68736504966
6745.93876890203 5704.36312482683 0 5271.85799873014 4718.79005963168 5301.47103248963 3410.64232550001 0 4942.28756577069
15720.137286346 14835.0144248961 7248.60213490116 13012.2478318495 16113.2122438311 14021.0025144907 14165.0641525476 11696.2151755249 13125.7979269467
2742.77548157778 2099.18578217988 2140.23092574494 3310.82030101079 3136.80336465334 2719.78622006722 1478.020353381 2539.56942626611 2282.62323525013
20026.1697901293 24319.2995973698 11105.2217984945 35849.0089492995 30244.3821112579 31635.2506669811 21494.0960611076 20100.8794947802 15954.3378711939
53253.3564715046 3902.5832592585 16751.4844486856 25014.3552116747 5522.07748816541 4847.63690492274 64226.3496968017 4043.74857459946 2010.90371860842
12583.4492625956 10789.5555974187 8988.56335876085 13912.5497599958 9962.43004388342 9664.55467529091 5573.85920791104 6373.33411698227 9970.38555191467
231.282734828213 266.610301612824 248.680503795626 249.875796316578 290.321200057592 351.514607785938 277.408073595894 259.455653428218 168.943930072295
1597.82642948424 1844.00353222406 1690.09584772167 1593.03647778268 1105.31925242439 1347.64244710721 917.195003946714 1675.67578613576 1231.52796981985
2674.95436291524 2203.68267923185 2142.53849248972 2930.95679853435 2756.99627170939 2699.02153587931 1665.57997627582 2184.88785067623 2116.22980908373
2230.08641261742 2327.26658508422 1921.33506781352 2097.68379337227 1400.29118623307 1515.24409442554 1479.04155557938 1389.25121964535 1895.61669682547
1129.9769044147 1212.01965200208 893.187721877887 1261.53466481568 1166.6520418081 1245.12170343697 1018.07913779472 1201.20031141659 748.298893256327
1971.37923885789 2289.32690519539 1722.46888053652 2400.69865595118 1664.62101987895 2379.98210025733 1502.3547478513 1662.13831992248 1525.97655774412
4664.89689003969 38150.3384700049 276.913906725589 1901.10303621057 271.686429049327 513.736398985867 175.943793538515 2228.92230970529 6570.85036824587
3124.23923965324 2333.90824722422 2806.66640659026 4009.27168724188 3298.22786599359 3209.41246942726 2787.2766170079 2745.68077233751 2254.31154338766
695.633914890053 1652.84886202584 1445.59129612382 594.176254831341 10161.9821555558 1234.03895140662 946.037914763278 2217.77141430603 591.928799118307
280.16597062449 266.041503929221 229.007627501535 283.491529000051 272.339910389586 295.050223644507 224.758864495035 220.227556451532 291.190708923437
3478.47059889203 3839.5588948698 3293.49777753758 2950.86179491412 4677.69869117665 3997.88460589273 2641.96312721461 3644.4772239198 1748.72575320147
14153.1536721382 24159.6946574342 30315.0453509451 25549.6458510285 20433.9074554765 38956.7885455736 14292.1702387014 20913.6841288507 12230.7184475303
1393.60234276376 1166.08731285928 1480.15532911016 2107.58456196107 1513.08517319796 1357.12829427752 863.639569596505 1415.77797739241 1058.52794423202
99.6705110370749 131.668743087979 131.675889567148 164.589161406164 124.068806533854 121.759088805586 99.2300375967149 114.983116498526 108.7011276947
11255.2684761054 9890.51470222092 10493.408507334 12280.1624276076 12102.1684433778 11445.5781045653 6789.20224856212 11863.6099699272 13027.9935081345
6056.78879984513 7294.1740437053 6600.92912048036 7295.63724700502 6375.2465317929 10539.5825341217 7789.18544394964 6657.3487675642 3927.2606219661
18252.0646477907 0 11459.9944310022 8766.10115315567 15514.3675490671 8945.24122869283 10387.0239253169 8344.69449273156 12506.5370988995
1341.87692233842 1028.76515400954 736.395060801207 1438.17334897275 1382.00845535997 1436.63130738486 907.371487265856 1076.74296627582 930.941802680573
403.383478996196 382.230370518156 315.413042898935 286.237661839781 418.753289722893 383.978486649566 268.77169353918 368.177536302276 192.026065167217
17990.12783218 16381.6939462875 12835.1869589966 18522.2090290659 17942.7447388866 20490.5399574953 14604.7539015669 12532.5960260427 15692.6083613312
5173.2841361998 0 2563.40025038538 6852.78827136798 0 0 4836.66104797772 0 5278.46910430346
1344.76508171837 1343.66311782354 1320.75135894692 1535.19928959017 1268.69917776986 1659.71748400986 1104.58268069131 1282.29321812301 906.339893219858
19771.6451237336 1549.07734160924 1331.84427528008 2171.80039802521 8422.43719791729 92778.7662965395 1157.57441458891 4664.06373993303 9889.45582229806
25313.5127608946 28620.3699092755 22918.3675206341 16020.1373784052 38442.4831300172 24854.7355225372 19237.09201355 6939965.14547606 10225.1532286385
202.229420831545 222.072474166819 235.936009801287 213.426337314147 244.885182886386 249.074117167717 172.630794986976 235.4869269921 190.869254921848
19502.3270770421 27215.2695243 33173.0115318035 23203.3500549239 22901.8552190513 39388.5797874693 19098.0109041021 25882.4570456779 19391.3970079072
35872.8867335791 22113.8376230624 29867.4603540543 41097.7516700213 34457.2673435343 58413.5360448712 21677.878920938 24513.1728871318 20803.0152549521
13973.5774608123 16649.6383651352 20060.9872397773 15472.8145018187 11654.2893721101 20219.9672328514 10172.5546698683 19380.4862768488 14452.2198798067
76013.7274785866 17543.6028224253 18783.6960972525 2524327.0106003 8926.211536056 12194.532793443 12617.535892202 22439.1214087409 21038.519264107
5150.58702081008 6764.90461028559 6300.09865410415 7351.36409178705 5440.44230615401 9028.60966056983 4187.70938224552 5985.67249239122 3473.03064010389
2784.05339463819 3450.72195251328 1861.51179758851 4898.62792988664 4141.52397277786 4534.25900054723 3280.8085590933 3160.29300208815 1954.41211401983
28752.9315039891 25925.0691858342 23369.5344414026 28424.1427504082 23258.6940041892 26088.276668875 19174.4503188887 17462.8488211868 24591.4673783926
13253.6252209421 6813.83767238025 12519.7417327407 18131.2038607654 15301.5821985805 10503.9320117624 13811.630046166 8939.0261310894 9830.22247598333
2956.66378568216 0 2417.11457057795 0 0 0 0 0 2119.57602787621
7530.94880079188 8072.09237607584 7261.88249952176 8592.17625746249 7670.64557229742 9598.37971814689 10550.7328553096 6356.82585619067 5852.58878494361
160.654660037671 146.842163050303 160.670886458634 203.554793223897 190.197632665886 189.022234890627 95.7114651822488 143.769183581943 138.836670991137
5051.66896079135 1332.91788201095 203123.023923515 841.763726918254 671.669519783013 35192.1052295527 846.66271067485 1694.98147124154 7510.73577208844
1255.08473996376 1225.25790904113 939.639894702213 1067.75471602477 1463.27447699993 1120.77726971147 727.973928451632 1278.48232572433 774.615226409118
6465.93090027957 5915.80820886993 4888.89539600919 7753.39285008843 6161.09620335148 4906.84820583054 4830.32661364667 4760.97891038223 6115.76335842648
10171.6647669436 8988.79589782382 10166.8961379943 8082.42518473865 11717.8136526742 13349.94556989 10397.1990939979 9089.50094137118 5872.41013538082
20586.4070405032 18013.90514911 16627.1231889286 18797.2193574865 14461.2563483053 16867.6312364837 9528.25207715444 10111.9979435434 16129.3591093501
711.573040299396 613.406668822443 635.918751776501 820.481187408853 804.426543891202 719.343885438083 429.711457243794 657.42148528704 636.426268161713
28462.0412472825 36829.6603385097 16653.2137432092 3790.56293691297 12734.9123776449 1578.28607560091 1794.72567883369 2060.01870138498 2320.16067783345
765.021270049964 490.655583762658 913.40392039452 1214.49810302125 914.958328816654 567.598399774667 991.185128359828 560.433348443212 586.927401017198
23696.5817689054 12403.5779153337 25901.4601340525 36176.3402655767 28550.0949382243 17620.5131965182 28375.7317147744 16666.0889454795 17671.7066626863
4208.61799064749 23042.6580332354 177910.918182682 33465.2430865682 2882.20288716239 4795.80002505766 3533.60496938227 42634.9233286347 3313.10062140069
2667.51296814199 3137.43210666791 3018.78814171117 2730.73472568688 1990.07844255663 2261.63289016039 1396.28466897578 3242.78331654704 2235.9882430338
2954.90003217385 3449.26835162139 1811.24542627965 5270.05939118822 4459.09383749148 4923.79719896427 2805.99936861888 2980.60947807216 2132.59431224274
661.932337426164 480.046114524528 665.530778620229 526.483934919352 556.182249694838 483.006108166778 204.431161808302 481.01699279822 671.697910155477
0 0 0 4486.7622996469 4013.61706527481 4136.2737043539 3898.09376576343 3755.94193227741 0
8432.5897269798 8822.51549407911 4131.94369211193 10209.4950782447 8719.85033014484 9758.67071088587 9200.85557112144 9377.76210023446 4742.06845034052
44318.3765753425 19088.2514601997 40107.6903934098 27080.0856611217 29137.167060184 38989.2785472163 15080.7092631091 11784.6540408767 35750.4490128324
12225.7478956481 7177.2794985479 12016.9573862265 9558.97225035329 9578.74368870876 10627.4815607668 4548.63880466927 6509.40250460705 10813.7365200562
334.315788061581 346.653053328341 358.484652840047 366.700546316137 434.17246805198 423.483033899399 279.089083200978 313.114549470766 233.121652267954
8155.94372944182 3263.3696192521 4000.02942182346 7306.18090444217 6655.14197479649 11070.3954541172 4322.13318889596 3716.29756345179 3755.07969034061
0 16077.1274388761 4112.74934816469 13200.9367164171 19885.4806615219 14431.0977527073 9344.04539819161 22592.6934430939 7456.65777111423
3202.0635396607 3231.27426484729 2224.78222277336 1861.41399226375 4946.22602987185 1742.91467812765 955.84640022464 4254.46231204582 1317.13024909756
32659.7142972369 35136.0417769547 29122.3614678178 26126.9292810497 46781.7986594153 38680.28287424 34547.7784788186 41804.7905361746 14333.722551758
45021.8556483367 51147.6488626164 47295.4340768199 30905.6735659844 63599.8327910604 58817.1326367141 46485.475338132 53449.8254360251 19485.9931760623
30907.3871649014 32861.2100449207 25670.3924035062 17823.4421488054 48189.0832967881 24784.3441845443 15920.0264275466 40304.7607252464 11686.905642409
10798.1393682239 10799.8471598031 8444.73327368903 16330.8950921655 11177.9807536207 9935.94195535725 6967.46018043646 8694.52372594967 8610.92928018066
3424.7761854362 12187.955703057 2970.7494320834 181724.575389359 9964.76339610918 3287.26658945288 835.698863568434 4725.1121118575 3390.52787817754
1660.40237049276 1488.65619783802 1843.30766122627 2000.17358699009 1890.43748953935 3004.0232553958 1248.0110593138 1418.52987650001 1108.67906338625
440.673986867909 218.062523300661 174.848300969483 421.523184922941 354.921552792607 494.636821514343 278.423167707909 262.758357800468 231.74274546678
5532.48150068023 4124.17286484918 4668.70684011074 6824.3006659861 6394.56604614219 6466.28315107733 4770.02480909038 4293.22413874153 4828.17406954993
6777.13917750687 10498.4588755373 10498.3667764549 12104.0792026899 9928.38281288465 15002.1461732053 7477.73325655605 9041.28259335762 7907.45456262523
5613.89020464515 2653.41992487131 2681.501998714 5520.72987265589 5783.61727943672 5528.09279540698 3184.15462723941 3158.48436961106 4370.25848519026
23290.3652129078 8992.90529066987 13916.451578894 25814.4752566189 25507.0291117613 21830.2857040925 13777.9211799998 15610.8548655596 16851.5917819948
2966.39075309205 1819.94662711128 1947.65455986012 3232.29274976481 3138.72756373682 2903.47113777895 2400.67047719707 1806.99673494498 2302.88791570673
2261.47798094224 2268.62660827891 1413.75386239844 2628.35173183243 2480.17836884345 2691.70187401715 2558.71187045723 2347.10399707509 1352.85685314957
437.931273412464 214.861922138875 150.260396889643 405.366757310738 356.708125577704 454.006546320108 264.700777160738 284.98644572183 226.958705203761
13752.2116527691 5983.99177925736 9211.60011824616 11549.6894907677 10908.5839490177 13284.700492886 5495.28558746984 6733.96777243391 9353.27648302331
38238.9836099843 41713.3519389217 43609.0276900455 50943.6623384578 45811.8399720861 59862.6993007658 31690.4098652161 44266.3625696142 31374.9617917985
2140.96943031623 452.153563154484 472.583566078315 1762.6226446529 1485.40752156907 2172.40062580269 882.141067011359 855.044841001394 1059.20386053681
486.948654657429 318.674178923286 224.361329295728 471.490840615528 439.782493019096 526.228375722368 330.48950570688 343.550586776668 296.6237665872
23238.5831252883 18167.9444876867 20380.0157594131 29337.4125284484 23057.0211351207 28859.980198005 24529.4876948567 19635.3972696144 17915.5078974827
660.935151776342 287.106384796786 351.855956003859 616.975233949594 607.162511314503 632.095770814991 332.099716569808 439.12832161446 438.646714670755
1485.56806698254 1264.42388279098 927.852429637749 1535.58073488655 1643.64562355932 1631.9048005985 1188.13829188835 981.39144489306 1232.5489609645
1000.99121841269 1038.73356006329 1150.97996266363 810.948945689239 1059.82412116508 1340.03869642503 901.023002570465 744.167448936049 600.151226714698
52727.7702694938 49760.4018338357 42359.6588573469 44455.3477398103 36483.4848803903 56441.0745191185 28978.3434532423 40989.3258932902 30646.5898428042
6919.05313358839 66988.5094205071 1301.74952347117 7565.36364946989 5164.82645271141 8441.96669181303 2920.8428947094 2259.58561210414 2952.78541144961
26652.0066361085 23533.647279852 30169.7607280706 22831.1435207611 20852.5709878791 33366.1547098597 24646.6393855284 17655.4861536415 19081.9410119535
33535.0297715987 36609.0394429126 29542.2903234599 36972.2514071443 31246.7138719929 40964.9914948326 27311.9136692929 35274.7744975941 24651.552486458
3598.17313401583 3732.79780708679 3171.87882584745 2773.21284694005 3602.24553786526 4175.47012723559 2632.90672906385 3575.56072248701 1942.42720884853
327.471283918976 286.202361766992 253.834997584689 261.323780320895 368.54852944447 269.882821352894 174.392579118092 303.637228045714 189.778467201649
5947.78345776158 7426.3735577474 7045.7153446425 7788.9679397951 7820.61316818946 12368.3895649125 10815.5118765186 6755.3337214135 3194.41685521565
768.929209111149 753.22028790994 882.595626814997 750.489628091395 566.65642519428 924.181258007832 533.181841057414 574.605010098572 626.345004590144
271.392078898349 387.814708148706 531.448955457491 509.745536796408 458.497296473975 782.222428889022 271.638221122154 285.966810602828 150.375441298523
2183.68622142046 2351.83088191509 2697.98797079802 2693.61399646847 2750.43152749393 3838.10858307964 1932.95152370578 1911.11408403089 1490.57332156212
2937.89732182384 3531.78687015336 4125.12114582823 3956.02981443569 4113.29639612221 5911.57939441255 2951.16185994496 3053.59074446305 1941.53156442023
502.589536417557 818.459381762923 1125.61417024633 920.490628665505 887.13861975359 1579.97598269477 568.947059242582 606.825801238145 405.207597443926
349.074315738361 318.408292411632 324.578719862569 418.342569453433 380.656525658803 328.34022731943 224.464577114211 346.577239055602 309.160921768011
26556.4934121946 31752.5708400381 29111.5241751907 24045.0125314444 23152.4527839969 33160.8579632632 23333.3097875005 33337.0776348647 20719.3248361467
2015.41198143011 1806.39702833061 1927.93575956558 88797.0618537642 1351.64790999708 2130.04990710822 299504.274054398 6188.06353214387 1761998.98355594
488.547225395379 491.549577007366 538.736293859624 523.980081453682 441.849337204521 647.658391267535 351.506753737968 526.499808255615 338.819711945968
5566.85286242506 8886.91946908059 10546.7576798362 9168.79284948076 7105.2680391887 12553.5827465056 5448.21267212303 8309.08432505231 5519.51963446791
5234.53960425846 10957.8542047211 12553.8147458669 10965.8552243386 7380.92558978877 13735.1593097447 6226.44712952508 9800.78326136761 7005.40442372806
10183.0459963322 9997.31602422639 10879.2657000963 9187.81238677689 0 3192.99732171072 0 11208.7221543891 0
12223.9456372142 12121.2546565158 14469.5520663692 12703.6909830578 9540.76721293861 16332.3130534091 7534.01793512004 14502.3342606559 9202.20736296482
564.901909471927 561.277532240674 486.529907200502 542.761494017637 584.669322423304 576.329806444587 432.199019614989 493.04796875728 594.65537251949
16086.1450491212 0 11012.5646090536 13116.0764877944 0 7618.99597729214 5768.16310373226 0 10057.219444392
4358.68367116242 3120.68812299421 3317.65986734965 3755.91739117281 3280.39123871625 4165.82137395545 3058.29851293359 3500.91578133247 3347.14912273412
5482.9831049608 5457.0658566153 5971.05290307947 6836.11504423825 6428.46340145735 6872.42667194511 3665.69586574711 6213.65605333814 4984.27524407573
39082.6953603254 15091.2407343358 32840.6025274377 24147.1866613448 27892.6588858875 32159.6705672804 9902.29994949696 10158.8380069043 33137.4765726382
21662.4549285748 23569.353954632 19439.3363306648 27173.1276141474 21505.5620501729 24672.3941965564 20775.8075239791 23083.5609720053 16258.1776360757
33393.0843579341 34609.099308438 26684.7635737586 34363.3925322392 28852.2415878189 39003.441268464 24790.4345368037 34618.8720312074 21754.0424476962
3912.44904956863 5376.20109645551 7111.11826620973 10947.1453767542 9693.35812161091 5489.77141458395 2979.37632815174 5237.92878570507 2810.56427214774
462.631555094603 542.022798683446 542.918910117557 561.545119823777 607.201764718961 650.663589822361 485.617728864948 507.792986172089 432.302282744765
3096.03032314076 3403.31884760695 2433.2278299498 4422.40047475357 3595.88754737836 3461.93583709949 2927.78217966669 2871.53414122553 2805.93227246379
2064.80202251589 1537.54226461505 1899.54946268351 1201.42249949024 1233.98115203851 1472.3912623581 1337.61195504524 967.207319022162 1913.32741222007
761.012043830231 688.875331246284 731.656257589185 847.121265468312 901.417942485447 749.121620741091 429.007990187133 735.50154046605 636.220120003567
9266.51818692886 7566.09291440952 0 8307.63156968459 0 3213.28312836198 6144.28156019788 2095.19115594761 5682.56173935996
4465.20726600495 4539.24006192381 3457.13855089049 3604.05334119132 3894.61016027348 4298.98873999245 2955.43657794246 4715.36759219767 2710.20060559435
562.086475737007 364.655301188498 571.536735102893 142.425406214291 0 577.326428750059 0 532.622839933716 0
1492.12227208309 1377.36777159447 1042.61505143418 1640.68823168054 1578.38678375347 1980.67935883759 1604.26424018892 1334.65660327216 1034.90039592302
4483.03690554016 4471.37020758199 3033.15118118423 2382.48459900902 7100.50060793007 2174.60707061136 1059.97929884766 6173.5138606682 1724.6230674307
1451.10790045316 1142.59893763956 0 1387.469068362 0 0 756.373336017795 1052.15643887733 0
14282.162041332 14996.1997177335 9798.40794651068 15833.8631711355 16158.7043221637 18637.542789894 13668.1755038613 10929.9248799329 11001.109964053
20485.3056232745 20913.5340648763 14048.9630602822 25510.2734007878 20516.8365878575 21511.9135329682 16814.0771361013 14708.5407031126 17642.9854322194
3942.21630976259 1994.25106559875 2417.85576290976 3911.85385834119 3686.23720752926 6320.23100240716 2393.9164063006 1906.37783982574 1709.97886097285
59782.6894946056 63571.5663184041 56332.6686894202 66006.4920306979 66065.9679573517 88952.5860414503 52039.1326059439 58322.8938817211 36037.7896610259
3016.15913747901 2416.56305326002 2704.49252591544 3613.19608380589 2937.02535828388 2640.86391931025 2613.06890707204 2260.70857179934 2401.92098916156
18075.536070144 22391.5230449382 21121.2358878678 15554.6840062258 15801.9638056633 19933.0861943995 18899.4572453053 17886.9503451446 15295.0223036564
4686.0665809305 6099.39285113523 4714.06264564897 4384.7317143491 3971.06947251685 5630.76359746217 3957.59991386264 5361.37614841876 3468.59141763842
309.432371733756 288.227511290789 255.781620716822 296.356947246955 329.445766663796 330.10976823451 228.998375193217 291.364113216616 261.474835811027
892.791681788284 931.074242347613 412.548875866556 1664.81989300919 1384.99543484561 1560.53987742434 750.679496778935 802.536575961617 605.295430363067
8509.06434674461 24800.1952516796 5782.08817917368 6200.15200420258 11756.9234225293 5498.61714777158 3667.08895260446 18985.6508312402 3882.3265039813
1256.80522958491 952.850375939298 0 0 0 798.058545547941 0 0 0
298.113538970007 137.679184999104 234.428960927788 215.394399720913 261.836566817784 243.774882218013 79.1131532641842 128.128633613084 266.13291547471
10507.097824769 11699.8944169702 8860.65455873093 11540.4785196786 10160.6493084162 12158.9847760291 9067.32077541041 11390.6962114426 7815.05915570388
262.332541832335 283.934218683343 226.975020769146 334.358347322668 217.965958948378 351.752280954683 174.817264766324 214.532037553166 210.052780411367
285.084329712392 266.169295080778 210.486680510026 302.57447975513 226.852650485377 351.882813492524 182.798738114783 248.359261726184 157.95551220781
5614.87288245825 3370.62538746391 4215.89150381245 6588.80309671625 6092.16143168942 5516.77269915876 4964.30162997154 3788.8612896757 4184.78460760627
1352.69374651257 902.897259314272 1754.62941469706 2605.92282474945 1648.7993389556 1025.44927906769 583.394836539223 1666.8478459325 1148.48085888429
625.569221835382 617.232541103969 446.988455622564 424.478028295868 933.202728831025 386.305913269276 229.489405666577 795.228868993532 288.291852595333
17892.4404985269 2034.25031537115 565284.930809286 340.4134202618 8483.09598874751 25838.9257810068 232.324414151129 7752.74101205465 19239.7677906359
720.728576423902 915.39545231704 472.269613685257 1093.60213038783 967.231540987526 958.948272374127 832.0245525784 743.511482931008 645.662314348484
1932.75927003815 1689.23115064142 1556.67992683007 2063.80550802279 2042.20334271102 2363.0997931402 1919.59020907547 1641.66590616839 1464.6389735248
2059.00868393123 2848.52652679316 834.062493374667 6099.10941449917 4610.1125512084 5189.47505427927 2413.56370962011 2619.68201115985 1062.7715918081
982.718754871134 841.843466763793 883.271818802918 920.258975302672 1014.65684611716 1269.01568561142 1029.68948552823 813.931858255481 519.862091980098
19580.8034226512 18756.7639121488 7409.20099715019 22218.7409674938 14178.221121858 15515.6006482155 12009.8749367441 4405.21163630843 13148.9636294848
6444.55077868686 5923.22072022899 4339.08452556515 8810.63751958208 7593.48512137514 8685.99275735983 4380.38537877086 4661.30227238415 4704.19333007478
44873.3603803129 32944.0685029887 47384.182072981 70485.1840246235 48490.0821686902 39642.2773422824 17930.7968270793 49688.9137335252 34331.1721667235
28365.1117986813 31246.9574207469 20244.0478932009 40642.7665824213 32429.5821619464 33595.4558184379 26318.195014208 22346.330980957 24667.7107123307
561.114632502202 513.330502133756 440.965214710608 488.85184019188 656.195446718243 483.047969474173 334.795888380175 562.922182377523 373.135333498468
13810.806042518 17592.4918076695 18988.3053685149 23949.2060391083 98571.2887173441 87713.0885761099 773248.789027201 16446.9231128055 7015.43706744064
14914.0344171659 5767.02560064268 5803.0849974732 12049.4174126702 248628.026631388 4035.11654397771 24862.6544956968 4714.80578850055 3862.88127655158
3287.46754499182 2629.09779533989 3075.13470163806 4505.68603676464 3754.17943364203 3300.4497659976 3645.40994295941 2079.77709977574 2764.57604092657
20619.422390472 28343.4232952199 23017.9721559005 17028.0177084647 12125.7188063652 12060.3699497925 14800.1842430759 23381.3207373527 21728.4157974201
4633.82473401855 2486.19029714315 3760.04405408817 3839.5390722679 3569.49394500902 3924.63826321857 1711.3044326631 1905.72849650981 3690.33201632824
3097.62327760309 3079.74075597651 1518.02074050278 4620.47458818667 4066.16499213662 4654.09454839474 2497.83053601808 2251.98350739218 2476.57734367851
13718.6863226214 9167.15514827875 9527.08651956107 16060.9436468446 14510.4483510787 13235.0887614706 12053.1029275454 9313.67323228873 10468.3136422833
11869.2743712889 11899.8464449871 8076.08136751308 6265.40886201148 18917.9956730484 5736.4920566249 2746.07392238924 16439.7275881089 4570.53187890989
613.829345157822 866.53254547871 730.395478611602 852.449265734488 641.734693883932 1027.92457741988 553.640502636793 694.116196809743 419.670842970433
57148.0790470841 64338.1905837628 38759.6385094981 643094.49055388 57226.1221056998 60210.4873906627 39593.8579259147 127176.635409977 52008.1252470721
4857.6060009472 5136.83470109464 6092.68833250652 4891.34831502571 5179.33523952498 7606.90528203832 3708.12155576398 5084.4473973525 3760.09744495844
0 1979.40590419287 0 2744.98326791596 0 0 2309.41311180893 2516.7012176229 1579.12008818408
2228.67992148085 2347.88605706282 2328.41390957922 2625.10092309656 2514.86628348831 3208.45348315821 3053.74539111422 2481.22804513896 1790.74545974155
16415.4719574491 19434.3569837158 25125.6706940583 19754.3842192784 16283.6985312909 28575.6682669475 12625.3297444211 21098.893341827 14832.861954051
1536.12371129296 1549.84222999104 1063.1924627104 1605.09753024763 1385.20217255689 1378.34613769601 1206.29605730576 1214.16154606221 1288.4499278317
1102.97012715074 1233.16093208589 1101.75802684127 1122.39312185175 1364.60497548376 1590.66092286236 1230.28940643376 1101.78415870766 774.06686929331
560.525923293199 734.180818626467 721.396155921824 670.792965264048 405.561010983241 562.4605365551 330.093636281736 649.087971641881 512.46365713186
4600.53080235714 3987.58135765951 4201.18297948196 3402.88608490417 3169.78751682306 4143.16363730976 3160.63036081666 2824.68293656661 3859.4111479292
308.622635443571 191.662327925131 291.885177416741 387.775859652242 343.02736796735 273.801408965679 296.397027269667 262.136163616887 277.542959440057
291.195096086887 246.907102678286 251.584107827371 340.166451168743 332.809109495957 276.595163858867 170.570083707701 279.073397384316 231.894974103904
6371.71922229229 7053.52515171323 6547.85917715643 6224.41046079884 8019.72032386469 8495.58194433673 5778.64439589326 6609.43826995339 4278.05056409684
8131.71455139195 9155.52133230888 7233.58285834482 10330.2098880787 7035.35666066575 7251.56774518747 4890.20965164944 7404.92565433757 6675.62934770927
9326.05611093292 11714.3456169756 25683.9001618316 12217.2945335572 15779.9389455158 8498.71459381871 4627.5856421828 3703.97047221084 8007.19008012984
255.280567261062 229.417885662463 233.304516510963 303.994705443414 319.822886780128 255.689500557603 135.358970706864 267.917683711246 244.79393492953
1204.56221585239 399.141039390605 770.250974043377 1385.88144289051 1329.14149139915 1052.52652251803 839.547636402085 840.895656929962 819.373865976542
1269.38529340719 735.424488434052 699.639448798071 1227.93345830722 1092.6137861687 1392.14611164429 850.931539810231 741.451106715198 735.957076540982
1798.69178573092 1343.63441015841 617.870401062213 1641.17688219789 1905.84281424084 2067.64712066195 1252.89523252955 634.154250394407 1664.95279906812
5954.15005123324 4571.82710366382 5118.14146147379 7936.6229883619 6583.21993930651 5576.31043724913 6108.57292482296 4261.27780397792 4849.26304925674
12953.0442894977 15420.0162000031 14150.0075228631 12618.1369174667 16009.4337935302 21360.2532623139 18881.4229575272 14580.4204991951 7106.28440040142
4471.02981602343 3818.41916891638 2709.19204778719 4333.14479558409 4751.34698122065 5149.03803285155 3175.59473088019 3236.63412051945 3330.01881041683
23965.6456111023 11217.6730607802 5189.11058916112 8114.39098478632 6922.86725110986 10947.9194563477 6359.76605144108 6695.38002983113 5957.7292016234
13099.3938793057 10279.7275318425 6678.60609651548 13962.2949562274 13583.2890002542 14343.9201744741 11812.9867527008 6610.4603242385 12026.4153215236
1225.18218651711 900.495030445135 495.908502565166 981.773863472484 1143.90842495128 1163.05331800855 875.505142187726 487.002612544615 1157.70036456596
1673.50362370993 1666.86202038146 1004.49749374318 1835.11798503611 1786.26538843188 1763.71987765651 1571.11558385115 1201.06638716707 1622.89768712592
673.299432200022 438.844667999085 754.177531143532 1063.82517920807 799.820677189305 571.981591774185 633.179213785124 592.805739723319 526.877205338527
12604.6871056344 12707.3484607539 7828.34710017541 12916.1927441746 12688.9776195807 13730.8014303996 11983.4153859807 13206.4864957335 6868.97213760682
648.941836922308 604.088900540585 504.317941068106 589.343516600256 764.360931335115 630.123960348953 434.391206597671 613.553378944659 453.620971083607
11250.2032629156 10953.017035823 8700.11238389886 10464.7065337173 11435.3975441504 12022.6178038335 7841.18332399801 10622.301025241 6987.6104971174
268.342514827321 249.043660186286 270.617629471142 275.991007232591 252.849641213352 274.60903579358 181.959573218133 231.689808970007 233.558512099518
3510.78377360978 3745.23086662707 2243.82441244781 4267.59581029327 3853.96818337703 3921.69070181846 3767.64809257133 3851.51539732896 2380.36720142136
1643.6585161666 973.250312978392 1440.87472966419 1234.37924231075 1230.58495980864 1308.33570130445 466.889195945254 801.223280880471 1438.16134353645
80.1580469861305 0 25.9126489923629 0 0 0 24.260036517703 0 0
2694.65043259169 2558.00826132095 1894.80771502552 2509.50679448712 2970.40736601178 2441.51140651794 1294.73891984928 2494.89465404461 1849.10074315356
1496.78442481168 1436.28398647 682.814884673246 2754.00202253284 2330.05023133233 2489.67844199183 1405.06445556383 1194.16943433915 1036.1165210857
20756.3434860137 20537.7702295207 18981.9210107317 20019.2176387784 17083.4247419319 21504.2126673307 14798.5658977274 20616.2713309552 13462.6631459429
528.108065439613 461.867007766747 403.368335704236 623.391156763203 561.957207442895 539.803061848313 468.04474918551 340.190614130632 492.371591137297
3089.60827555542 1588.56056998916 3132.76507596902 1884.68366796561 1593.91333122873 2891.59706724904 1550.41620141883 799.499122826212 2258.87041145763
9362.01377028153 11896.7308799549 0 7333.90120108614 10179.1244909675 12524.8652293357 7549.91219331126 8334.66019025354 10134.1522480115
1374.16829916751 1327.52982360676 1246.00519853427 1857.11727073137 1719.38674236172 1549.09606896886 861.749200703855 1462.50581437748 1210.89209615662
3974.62251745649 4100.31793060031 3878.46468664802 4567.67376735268 3926.41230587343 5045.2469481094 3058.28025328562 4480.35638725688 2937.79988438185
5134.11062213272 4249.78527482981 188863.361846506 59731.9632503821 10380.2045019908 8250.22235903891 32378.6750742052 14594.6066699695 8254.60031275447
6240.0723187796 5851.07978270872 5934.53450283102 24260.0053377377 12001.2675807395 5449.8208472404 17662.1201411044 33573.7264809301 8461.0510908759
5502.4501112959 6449.95865549619 6169.97804556085 4553.50455995903 7587.48372287093 8428.35786922105 7004.67665426881 6171.05408870605 2638.30451361323
3826.0373147572 2307.18920343666 3899.94103989035 6212.0181036784 4692.36342093162 3616.88846487864 1898.39091193566 4203.23228440641 3170.58516746474
483.749208526057 453.774040257183 310.644966533653 565.050353134138 389.974150860254 433.867217725669 350.820914457012 266.430750804803 346.394666227887
25013.5207998933 36419.7444642156 43837.967402996 37074.8584894385 30579.6581193336 52802.7247339656 23138.3572878523 34970.4223161461 24033.1116453975
25023.3155593086 11152.6243959689 24240.3203466457 35410.1556500756 29210.8364069441 18979.5143413063 26444.0877737662 17276.0388537091 18091.8252677892
2428.21338088127 2651.01939128015 2936.28427133406 2950.33020350219 2713.80968869788 3678.68073777152 2230.2472540401 2367.01886708086 2148.06381908954
2660.85837681683 2988.2387481408 2832.0421181817 3000.41402539031 3202.12228622452 4009.31442191313 3224.18720465376 2863.78055261846 1810.88501003698
1850.1813976601 2276.77719899974 2733.82497028259 2579.95331223385 2237.98768757065 3881.56980056665 1488.32416130096 1985.80859045247 1136.3318354816
15097.5154591528 14651.0497222789 15433.7949432099 13635.5473187674 14355.5316662554 18105.7707834523 10254.0160510908 14236.00319239 10949.934147997
5021.18282291552 3536.42809962844 4989.93968556811 4156.05898348271 3835.1720354212 4048.99312776565 2056.31544541536 3288.78462125819 4464.74379395749
20821.9639282559 21446.1191937398 18267.7969139205 20309.6727137501 20922.9562587387 27584.1783503907 19191.6728262171 21756.4627035324 11121.0204766365
335.798937240446 356.222073127119 344.613413892877 442.019150730513 473.324409135408 444.298463757269 305.015838349722 397.719323924436 281.031439891585
13991.4103947328 16660.352047841 15119.957823297 16415.3938879722 14181.2223874142 19536.1336638016 12185.3331907822 16868.3495277956 11049.7435898695
68798.6260397873 8903.82988011343 5259.75354668011 11759.7562044131 9369.8241019997 6222.89457467718 19779.1735500849 34167.7057929204 10301.3986658564
1129.50556645102 745.588443440903 1292.20497455562 1685.13318670968 1337.56097416241 956.010767275801 1289.85812496654 864.62419270584 871.459556810468
1482.35068366423 1741.71216296824 1807.49979241852 1601.08618450563 1821.46514043991 2762.21127821525 2463.34469508378 1576.88159625938 852.392438084752
766.154390034226 237.299091493015 711.140941800065 0 708.893118845117 0 476.594187867051 755.47044051426 544.875997842131
13312.661351681 16107.9313965113 13722.448224199 13900.0870637006 12878.5651036076 20490.6720569568 14863.6780599216 12756.4241930101 8708.76287869895
5591.58603254082 5248.02366698679 4823.30731231515 4673.81833763284 5942.80181449803 4178.79011864342 2282.72975095723 5148.6467142906 3612.37842480242
6522.63038943403 3903.0824018516 5968.41108441965 4724.78137558326 4288.90478580803 5275.91879876594 2634.95873758974 2525.60432133066 5419.85383805353
1424.54317790106 1202.72602981377 1039.20545664139 1121.68909160997 1212.48929886499 1460.5243220802 849.425013456275 1137.08223984711 793.928347052239
684.36310339185 667.138269825028 587.030328876991 678.275933215645 821.099774218988 637.352643866765 459.907021558348 702.434466235838 433.653875404204
2661.72148461872 2627.93124953515 2855.97108157555 2488.73756916466 1752.81308273807 2129.62714513407 1360.99621963133 2375.58836714909 2227.89780462519
1409.4560344969 1506.15182666834 685.635129061117 2280.51102539564 1974.30066274121 2132.43235985096 1264.98040216415 1127.24313284362 1095.50385993265
16092.6979230446 10406.7364191127 8353.42392863119 12961.409692234 15439.9418854662 15211.6508672765 9189.45058595541 8629.76991275123 12523.8981820884
5951.31216900173 2974.21244523929 4404.15216055362 7138.44670100485 6721.38279697179 5019.31479584307 5370.30395782386 3599.59817113929 4606.53446364263
13207.2682487978 10792.656413323 8398.37732866329 11380.4387029653 12112.4868727428 11298.16659595 11161.1914739456 7342.00377584921 12716.5059957594
17026.8199489647 20652.4414868966 13112.0717579673 19015.8303469199 13675.2250799285 12949.0087847711 13137.6851992479 12942.8959441046 13592.462560522
2133.2504841749 1891.30615895119 1674.62457646017 1764.31020605463 1840.87234162493 2132.7566009177 1458.6657460964 1847.81588024742 1256.46954696858
10313.321731502 12375.6116308494 8818.6283783463 10807.5135240379 9411.48134310406 12610.9255807814 8244.0722680535 10311.8699055008 6607.28318665433
2098.82265419001 1482.07973618449 0 1702.90216690432 2121.62351490394 1922.8167952331 988.960978873723 1246.80470702298 1335.81141159498
1313.56309042596 791.669206553325 938.244647819021 1313.63615868394 1030.99831924023 1423.66228205295 785.893330052885 841.792901422427 823.92865939852
16403.8153627152 8088.60743401212 14307.0277787502 11626.0633675936 12746.1454009245 14893.472504488 6197.46934352309 5959.57267002772 13882.6391932827
2113.70126410844 1747.99529390106 1715.79760334775 2534.25125262394 2454.07686326528 2030.09611043961 1219.75143556603 2099.23343004527 1759.73876865612
13028.8178452184 17111.0771054512 12720.4594812602 15705.848742098 13337.8579917944 17562.571768358 403089.240994583 12500.9661180917 14984.3510665333
712.081482648021 744.266719993984 4812.94794674074 1225.82113735208 77082.4770651698 1330.11764211417 1380.63252093346 439.726713524351 403.214893066288
40464.9030038368 27929.8321629891 30187.5458433119 37627.9734388574 36861.1380327096 38427.6625308927 25807.2432305854 21047.6652683916 33618.7641043012
566.938719812492 592.607025121891 409.639827574579 666.659444908269 423.391333059704 489.383416638419 425.256161773823 310.271242698161 433.381378624445
2402.63567676356 2407.05190243723 2314.0359080513 2923.17611340633 2338.07280982797 2295.74802131011 1336.0595203091 2541.29747589165 2052.1989682036
43423.8362662906 54093.2381782365 41842.6474310441 52322.709556091 44962.4808634561 61833.7857178834 47002.9328004846 48484.3243573818 36826.1844706682
469.336973630481 447.149964825398 445.432968397507 551.8325493315 542.407367528812 474.936750450765 290.84500044135 476.31193661325 458.70156101945
1117.9429014257 736.625691740976 962.796197111244 1281.83048669088 1020.47297571079 1070.95240337826 978.365666344703 754.146311542089 733.143721997704
602.048383758124 757.771144944697 663.461332788494 802.875136427147 506.874764655997 755.890132551333 535.487900314642 596.432686104486 478.694811137647
7897.84515685279 7866.22139834193 6194.02689009856 8704.90860541645 7695.97920234491 9171.9368155298 6383.19447037522 8638.41443849888 5719.91004565631
14245.878660916 7866.88276036098 11985.5748806409 13138.5661600098 6553.87314427935 12240.0153365676 11058.1216406441 16017.8890713993 45884.2055877246
15214.5169942951 17756.4683518993 0 10810.595298303 20460.5186905727 18883.9735637815 12436.8822524302 0 9632.78088018792
6730.58263876358 6857.22666129075 4941.42186000614 7311.59548351295 6755.71536971797 6990.83348255034 5447.30097979024 7548.32984154645 4751.06386340781
9581.91229795926 17753.6046791434 8274.78671839424 11489.5402939422 13749.1626789345 11044.5264395352 7044.27777089039 10636.4367365443 7248.68515062871
0 166.74813514199 190.422810920552 276.811144212394 0 0 258.828595755386 0 3.53680389415999
14375.8248621541 15369.3073438667 13796.2473506355 17053.3271899468 15381.1659435274 16946.8750071744 11334.9184609782 16355.8676671664 12049.9405078316
12649.6318983448 8872.85475262903 10852.729159007 9824.13800308135 9118.58629139471 12676.2508791686 7754.82412727694 8013.01929404452 8444.91639241236
5752.72416474732 5832.95644680905 4765.51232309729 7548.0013202717 4518.16241844104 4662.29409071459 3416.56055233606 3905.39289153761 4229.88833066359
141.867847368658 148.528854985229 143.636385104569 155.278388032492 154.777685090856 202.888785074841 181.434997847223 148.899172724036 128.035961817039
1150.33670642222 608.740228479311 1041.87638625104 1639.47954623302 1334.7041943189 938.438623623136 872.594904410223 905.666061207334 864.366803823108
17017.6214728557 14385.0640961535 16073.351529009 17291.8155935588 12664.492015687 12981.1571146058 7145.67870352875 11492.5695027763 14217.2979010826
8788.52855396648 5251.42665472972 8925.84299553947 6029.9175157986 5248.36769938356 7688.60815371497 4736.08915598176 3193.5715580166 6821.47678865013
909.113608073572 955.645637390704 611.366278858254 1045.87464361242 1017.55128820872 1003.50873174938 964.443578479538 963.359988480617 544.188401731633
2323.64681455787 1238.01873507831 2065.60846047848 1693.2449596795 1828.23350966078 2185.32872329533 913.695969775798 969.504912787152 1862.28721879768
2689.71622001163 2490.3166509206 1398.75229233668 2579.7455971052 2890.94965802453 3076.06798048229 2113.39486390953 1740.66338120433 2240.39213761528
196.536076682615 153.81594838515 82.6852389153415 168.813390091691 187.320811413043 204.525205131768 138.764652720565 82.6431354841919 182.98174000892
4809.29277803411 3061.39511732865 4451.43575952365 3964.40969250447 3466.80981459968 5368.58990523283 2477.63553710653 2632.95337448448 3139.47209450819
5158.18548765709 5574.35731187252 5090.92103544632 4346.99780051977 6043.51367573389 6988.1653115396 4395.24611668877 4601.7616733071 3165.82259416712
2702.54027806218 2555.23731047361 1843.4223336046 1679.50754043012 3931.79632801772 1621.05576991391 874.692727019264 3405.96845354587 1235.66591136727
4975.29899098298 5923.8290021151 6910.70446830133 4022.27530514968 5771.70463790915 9527.8253713482 7360.08508846407 3954.70679225117 2301.06248826964
9053.96524252705 12895.7183431347 9147.1656091624 0 14366.4773839446 14196.1825020757 8071.14541536723 15382.583849248 0
257.371718929543 256.22009625589 242.19381381821 324.32032207011 285.279238446735 250.724541254779 174.959262156442 249.348137707161 286.670905530653
4624.82809994751 2987.57432419866 2983.97036931618 4733.28754775497 4636.05509791644 4017.55948359708 2858.32812163138 2247.24994011237 4126.64266262321
4630.54639550398 4423.46314677943 3931.41276268962 4469.85210274057 5301.98932122 4250.90230477958 2635.91062170406 4789.85099021932 3013.63964274844
2621.01689509685 3011.37006446472 1516.43270667728 3304.2632170754 3000.60406726232 2875.46925794501 3566.86927059553 3263.78435317112 1470.26425628068
7748.25578042961 20286.6118042279 8003.2746604286 9666.35553163844 27690.2779787506 15589.3012965899 10476.6491314745 20647.6543595523 5226.60863003237
457.694624000797 586.289106674045 256.123172930467 1069.92810491737 828.104991202729 876.340452883924 467.745127594293 530.877544980539 286.596193676326
488.603824690892 329.018375513013 497.955519247302 650.59914496174 539.431163488527 411.291716965215 513.763818815157 365.611202613157 357.852091840924
352.986242153283 370.713073997089 313.913331554463 413.060983089995 362.082438002912 460.427906557769 322.450556785001 314.82091978807 313.59954267327
7419.44124216681 7714.80029571663 8331.52185465287 8869.53443529702 7480.9333978556 11299.3337684394 5664.9520856152 7501.16910565077 5154.36546210744
11743.5003520527 14143.9767853842 9405.64974168014 12227.7430700675 9406.12463799147 14240.4084423657 9899.49573314759 12164.6235639879 7414.8345986612
5161.93832842645 4215.47067855325 3849.40235580461 8767.50260309051 4673.9871610579 9676.27468067735 13307.737428886 7262.207017432 3870.2903492499
0 192.503160979944 0 0 0 0 0 0 0
0 462.566209156628 0 0 329.331091396117 0 0 0 0
1349.65185265955 1226.73113813403 1086.06414118302 1192.58038810217 1589.23192787746 1143.55197489255 775.489107945644 1323.26122803154 910.631929317214
13374.8168090721 12962.6049967405 12007.6269933558 14073.469515425 11066.5564285127 12799.1016224578 10219.2355974878 10230.6486414648 11022.1646724361
1867.35643059094 1766.22214413037 1999.84928326869 1209.55408994389 1055.89566993941 1493.67007041373 1298.8394972981 1237.15576092438 1685.68513382747
5183.30631340753 4673.7000668605 4824.54242859134 5015.42993515561 3845.818580529 4730.54537592924 3361.86567397928 3371.46744365545 4291.4833024963
2233.52162786931 2135.61414767068 1775.23211312008 2002.82073573633 2529.51937274459 2681.92852334357 1906.48867315973 2158.57372168373 1379.57813507769
2349.41034969888 1746.32689955313 1663.98351180858 2289.18807153938 1837.92280133827 1816.34334149235 990.931513181877 940.854922049727 1897.42461168991
27618.072441778 13167.1866868986 25222.6385935364 20170.3301025028 18803.2468711489 26835.4853377789 11961.2306662566 9068.6653085767 20528.6655887298
1688.05047481501 0 646.417597678449 4171.14794155243 3429.56885454098 3798.3091594814 1793.93423850181 0 680.696228156954
2029.97382772713 1514.91742729936 1749.5227734095 2169.06428493596 2078.85317670969 1680.61627018833 670.033371270461 1590.68169746562 1896.83427241818
3668.90609518927 4059.3389531511 3794.64032796356 3357.44386569102 4488.41631266616 4502.01143074945 2858.31987162494 3504.07889361473 2461.25408072278
4656.4525342924 4712.1088505117 3256.95808961556 2410.69293552699 7440.28894953207 2398.68224638665 1135.01483912529 6372.43409775526 1757.10157303679
0 4621.82549043844 0 3073.12534152336 3732.36152418701 7601.86748066571 0 5842.72896966512 2002.12604276579
2163.7137807425 1810.04373976708 2287.94507837953 3464.58921994783 3128.6010491775 4084.27849162775 1518.37260587564 1864.24936814961 1188.42602085181
1991.05822350778 1123.68327486693 1622.424155156 1672.14256184813 1258.7015950183 2000.73183381712 1204.81159459089 971.207184441508 1241.52626535629
38053.6063552654 18696.4956088861 36573.7925564683 53703.1783354383 44466.0813589856 30520.5190732477 40868.7441643835 26737.0913630003 27659.6833109512
66209.3446812599 62048.8949769113 45294.3794933567 66273.0499090523 59812.2677058516 70181.1993170663 46534.2125660498 65108.7546039983 40314.386406508
1164.50994385085 1004.6271806108 1018.02150591729 1111.86714330623 1270.62303619908 1491.73590445351 1056.36762777821 871.3068220041 649.923766529788
6595.83574747773 0 4744.47903394311 3074.32636657948 1657.9980958377 7959.49625141303 1376.34376668208 6218.87904253835 0
476.857331773706 387.527992320261 306.557897203317 363.885985894898 319.948580762052 445.34827767119 280.688519990889 405.380553271825 221.125856400308
2575.77647463351 2455.15898428455 1693.40821764484 2263.2459130205 2091.29332426554 2879.15921679908 2060.77932424437 2283.00098662321 1255.32655702244
1968.27390079191 1881.98356126241 1387.32932974602 1735.27587497384 1652.44762520174 2167.95770826229 1435.64803641413 1728.7118182929 1028.40851383538
3973.79274119258 4867.663314803 3488.85071408377 75879.5306191619 4492.78575663975 19649.0002347251 2570.62126100262 5066.68541375044 20495.0732451368
1721.75846814589 1608.80494508733 1226.39952518074 1845.3478586575 1700.5325162566 1815.21490156298 1180.36601086951 1688.66609407749 1097.27501376301
3587.07949614994 3311.31807768702 2661.96628068434 3931.20509055344 3853.27936805405 3815.26168435066 2343.54598926425 3548.09128056006 2492.90775038814
50157.2747281397 54496.7325829183 42173.1692345478 57899.2498665697 50654.2498177198 57709.0660042508 37975.8165342946 55977.888551659 36671.5831934805
11197.4675091444 48843.9857845963 74321.3475816212 15763.4010838965 13501.0600977312 22699.71627288 16248.1312756189 22799.9727815617 78196.3264865216
0 6745.40331232014 0 10578.2635425952 6342.93014740401 4254.43616671792 5676.51219634461 4071.18260934707 3802.53949818093
9002.66534192911 10353.2979590884 6652.72891189305 11387.0592427338 6168.38244437681 6256.34185542383 4697.0783675837 5766.86122917502 6634.85847005504
1223.39763646164 1249.77732804518 637.700458901063 2062.26907627703 1765.92785277457 1993.83071257409 1129.70995263372 985.485843452483 893.661300559067
12472.7540913355 14070.3586327286 10800.0199650212 15479.8447654911 13121.7410713887 15719.1648378481 14404.3280169046 13437.6623068972 7902.20867129075
510.301463170403 478.248232980695 555.861450676656 407.935241099984 322.175131813784 435.208040464724 257.083745987886 406.168961541438 389.68669199064
883.581393100397 739.071570181576 432.386071447877 907.242300058639 949.7310263623 1036.61114495964 670.124979335984 517.790656231863 739.77259431561
364.748913315819 397.074277609658 245.895103404704 421.235841753448 430.893719513713 380.228058345283 368.048430986054 412.571220203214 234.044499139036
5748.87718255673 4755.38653431174 3845.36797657846 484023.966066412 456855.000083776 78254.0431491616 2945.95481679328 26229.002088073 5305.28661956741
3402.02409167054 4472.3896731188 4362.34352236561 4824.78706284996 3553.97206680416 6214.12631212617 2847.90458546384 3429.82749370848 2344.01723884958
1691.80581690438 1547.10498395847 1714.12553606041 2393.81465234349 2332.66329654944 1618.54165460603 954.119667553484 2026.06909810021 1769.90170592141
3372.66276586075 4570.26681203268 3372.06319074828 3027.58829525937 1806.65334525638 4414.83317331395 2008.31292584974 1617.59300252781 0
1673.58149127373 1864.59005047618 1741.58081017086 2065.5382002372 2010.21241067543 2286.5814955278 1857.20457731795 1897.28928002538 1511.71710066264
260.870218615438 257.85576713408 193.367903555774 187.477626427608 369.02004321357 186.192231405493 121.506138997057 322.652695697104 136.533192138672
317.267600158678 307.882755895352 240.082973996757 204.552582014208 242.9084307233 210.610456467014 284.09459621756 228.64899091828 314.894232254088
2041.04370274862 2311.63795698989 1931.72919297088 2011.74754498363 1530.42858348431 2326.75738777724 1633.76316183237 1966.47621059079 1389.18955103888
1301.56169245586 1791.88812056894 0 2420.55461347898 1535.38433249327 245.461354385212 0 1589.74529131234 1424.58671358416
7543.87743098502 11859.7596188617 4384.99407721957 21033.1595054452 15746.0612763069 17518.4157102451 9541.58734556692 11156.6703176293 5143.80335483643
1047.34767233188 1437.38280931191 576.078755448872 2746.76823747785 2101.90033208844 2376.21126817313 1150.56681328465 1360.09398789381 588.689899660796
3548.20731948133 0 4010.03510643164 1824.77986425618 3795.00671844514 2425.41367892154 1480.98804507328 3184.89734993698 0
0 713.172020318065 0 0 177.552553294787 0 17.291320202325 0 46.0546045398311
577.336975044932 632.190644912458 476.871054796188 607.719826130184 477.217844686318 658.67896271109 432.984164846682 494.909187242106 445.398801496232
14667.0415284129 18255.4280089725 12926.1124456782 18565.894752173 13945.5826591907 19695.430306282 13211.3849804778 17288.8795248114 9458.40454362043
1202.70022629853 1430.20375626573 1118.62706383409 1491.32343376752 1470.80381491313 1598.55750328048 791.05183603507 1369.04668765806 766.921043711007
2719.79914019824 2212.41639556541 1968.16547545857 2690.02217198952 2670.42211815678 2732.56500786277 2144.69894153369 2227.99795598441 2106.88289158022
750.988409649395 1246.95670126743 2447.12868700707 2581.16019558242 734.367672634023 904.206871801023 2043.16725055745 398.246380074664 651.573066897511
12177.7665634564 10226.780248823 8453.64706635261 9240.32048972181 10266.9389177532 11114.0424797634 7833.26253772875 10746.5906075316 6385.40856902275
353.553400581119 430.740535048619 372.875805855811 476.593354690925 328.888054697011 527.102405387653 336.83210234134 357.394081004304 296.479783491182
5420.59345984884 3874.4107443056 1401.47012443273 4167.30977276968 5197.80727831303 5593.36412963319 3708.79836819379 1374.3988436566 5196.56621255526
803.128972635638 989.207810737357 809.796776383318 903.855841941244 669.98048403807 1022.45663200868 646.016559488944 773.501912694857 680.618236984904
1110.67262720882 948.750821011792 832.714984096019 1274.05490441711 1072.25628493085 1113.44182858483 893.987542997019 794.17309667058 859.288134856733
17116.3713831236 1451.68744013762 2948.16746177628 2555.7679138279 5331.3725506078 2387.43969407366 2184.33974118954 2208.3976251425 459930.399982483
596.690989500638 855.025308051376 657.377644670196 868.854805361372 559.957771538531 826.255726636215 520.118282890384 660.382511738973 550.646146832951
448.998801180539 448.921217994258 508.518952213856 473.958576507716 432.334899587723 442.797135989491 379.055845293264 401.129606094949 509.216887381387
