520.430377397576 140710.713712806 13303.6530866758 1516.10994246345 29848.3848627214 1708.47312393393 831.023932954268 981.021906078564 540.538016771666
789.47130065751 780.544805011677 576.422669674237 695.434116315553 967.795285496136 584.619498625075 387.984911947061 804.892595629929 439.825919352211
5978.34662686862 6441.18672004296 4930.55877728449 7205.04685448988 6091.90913214478 7434.83440546091 4368.1840443029 5862.52791394304 4397.63067796402
1468.76623732482 858.17801058091 1529.69265675603 934.216625385521 748.311896680487 1428.90983803692 792.179981235641 462.643014696583 1052.01146364983
29193.447220054 30029.7800781258 24396.2566615118 37744.6726839221 24884.2733328074 23679.1202692824 15063.5160157572 20824.0551432313 21764.8463141277
858.61386343064 2482.43539881213 0 0 2613.74981911627 0 0 0 849.413489089704
15024.6090335784 10626.5092585476 17315.6431280875 14197.2746393874 10167.4815083561 12995.8125350272 7067.62338658366 10712.4788508667 11667.1653424955
1229.87023113985 995.280688333701 1251.54688760336 1666.69494750097 1396.43815676951 1224.2993023057 1343.18749270015 976.592393353015 945.902940065189
10677.9552096699 9727.08124449984 12116.842716928 13252.8771561952 11668.1356077969 11903.006574828 11418.7645665528 8905.67315807438 9553.82568552868
20524.1235305461 25636.4565087529 20814.6384282515 22236.4212630536 15399.7426388785 15259.047255247 15469.7713086442 21283.0048890131 19389.9982713148
11385.9686548674 8797.42531179168 9720.19867660599 7933.05510202195 10603.2985406115 13604.0415582212 7354.18373377835 6722.97937499461 6116.68351218907
2774.17358041818 3580.43155860591 891.951986761394 3440.16731123452 1690.44996703073 2134.63521593672 1989.55087350368 606.597082862013 1802.64044826934
6635.94135748318 7251.1943507614 5989.8335366915 7926.8220184001 8187.547275523 9051.0570349931 7600.44143457529 5746.99909568749 5297.45822770012
2724.89745694744 2715.41472778152 2035.84070977013 1997.96763454669 3788.79638201275 2063.61327034517 1335.23101602925 3256.73980874269 1403.24822510181
549.82297205922 456.272330108867 369.406829794334 509.477137598038 592.22548112092 511.806313382208 360.440018877219 526.376362309947 307.821753136071
3688.30676023269 4854.67841310143 3073.07701319649 4891.12241594078 3692.62127197973 5246.13457652361 3603.74169661057 3273.07861871718 3163.27880284537
10571.2260974599 94.4191963182147 0 10337.9531011209 10027.0316017954 9479.84367870726 6939.11302428219 5877.90700350854 0
15601.6574082929 17177.8167952965 19705.6617442507 16354.4278274855 17198.1112588628 23653.1769425579 13087.9905346485 16226.235982385 12849.9239776265
16626.4623118943 12232.9569566491 16880.3041690553 11582.4617244749 10095.0891017071 16998.0026951318 10281.6976520577 8794.24294588575 11399.5587080639
1120.03099040035 640.704292141228 1251.05825646215 818.675651734905 712.298396038162 1358.63969022639 647.071067377715 328.371728073539 735.480310635717
13752.4808763547 12002.7136119973 10481.1648355753 24480.140742314 18214.2095856947 19683.4920615486 10201.5209105272 11776.3888659605 9152.58015247152
4028.40874390978 1788.16820750306 3078.92524866754 2891.9979206319 3396.51094093085 3035.71654817043 726.808712384752 1480.57413169389 3699.64346074887
1630.09258708162 1384.06760886048 1829.22766805281 1284.45308662245 969.765365215479 1382.22954160649 1058.41628225146 1065.07612546583 1318.02251009717
1149.55356503008 1350.6671555513 1136.24559674277 699.132190045143 810.173294667663 571.806380363512 1189.13255449786 1032.50077017254 1485.86969714867
1836.99806787957 2233.04223322819 1839.81058246157 1010.00771909482 1101.35623232895 838.140789372993 1567.00489267756 1783.35882866163 2125.088547649
5138.95782908677 0 0 9243.69238912951 5612.10321005971 0 5569.10861004874 2749.72039072785 0
4756.91438964098 4024.59621356537 4787.80848238958 6136.23774339307 4915.48983594023 4763.95477515753 4056.77184461004 3770.60840842473 3578.05315402727
230.081393308716 222.358962232386 195.682007936935 210.87380651379 269.715077749028 207.433956157359 152.553538661768 235.129458142896 158.233773518607
1941.64135398716 1356.36607311354 1808.29072024163 2351.6674789529 1943.86943302788 1856.21618218288 1463.04588933743 1562.30677413571 1401.8362720885
4726.6903938673 5239.19704326959 4812.80157522148 6279.99413647235 4383.60631813591 7962.1868576428 6975.87044358265 5350.53060244814 3560.97030046207
6640.34466161405 8673.45988383697 8291.97643452022 5698.35703617108 0 0 12205.0211903789 0 88.9215272512915
541.944704501178 524.532703277815 535.465176783025 726.828899826932 692.868546565819 536.813579871523 359.674945235036 593.644265211435 600.858795716549
15626.1006634224 18922.9104825355 14175.1547073505 16226.0098501443 12719.822875188 18986.938487732 11942.3354696637 16548.7581195907 11399.4373737064
35277.9096793831 22968.3092945133 21908.221665387 36515.7049914033 34936.8016838213 38008.5210887268 21167.7171544192 18007.6893775043 28545.2370415829
1979.1966701486 1801.3653062312 1710.30154160247 2246.64684643487 1933.54084484717 2422.29262466702 2127.37271870375 1725.30165573445 1371.89988083282
0 762.63191873923 1036.91212418285 0 1136.06609159581 1523.20258527313 854.962596033723 0 735.748757600869
300.294743145899 410.676205186939 367.760330682331 409.30982416516 282.403880807318 385.597357163839 293.63262263233 335.742637731209 345.031001606731
4524.93784250841 3083.26095980065 5161.80917000399 7283.52460382596 5703.77770718527 3747.15908300589 1900.95463279752 4916.85598789567 3336.4640253626
23020.3468706785 10755.3328196189 15821.4645037 17971.3767194931 20755.3389303911 21645.1078697507 8661.41680096531 10964.6238385592 18432.5843832589
2079.01224574102 2947.94713859764 3217.79287314161 1416.56713609977 2919.29549184413 4508.97279791791 3319.92973331929 1862.11598411022 708.741533771823
7336.24893721362 5315.05637017564 6608.9772464764 153261.435585712 50009.9162229405 6194.66601249544 6127.08064679742 7997.96456320827 43286.8783551297
1966.1432041049 1639.4911709134 2011.72485070366 2756.2921375059 2140.10140494384 2026.23265713316 1981.69631449404 1494.24924023072 1577.09032872277
4913.02540373982 4415.12992062673 4106.96268107878 5714.94487475171 5296.40421269433 6464.91136146363 5335.14467048506 4420.81542986945 3873.63124531647
242.532093288045 223.035622107884 220.154566782463 262.895172561729 249.254991480306 239.327700625013 221.03111653909 233.22773341138 213.222450889182
42870.4362117429 3549.28223031189 18298.8629614695 15643.8934289049 5044.80821033341 13262.2643086611 3162.95189877284 3420.74576441002 3922.47071532859
516.444041993135 670.75510377213 240.962766540944 1347.50935989446 1039.31525226574 1178.71112750269 534.553094769443 640.202221348203 293.820120936382
2899.31796767259 2754.36046021955 2298.18828765749 2356.81119025895 3636.52332153979 2638.91755435177 1900.11247321978 3134.43407020625 1622.29263352959
8872.30856289024 6556.70363817678 6228.29754568536 9725.25755511147 0 6785.03462080523 0 4492.92316488739 6514.78443416368
22626.8335321375 16834.1961898625 16930.3216367525 22261.8131763468 20328.1995809486 20772.9635999825 17270.4260257643 12368.1646178342 19412.975989114
13976.0883357946 14831.3099106678 9871.17211262539 23924.2055145756 18633.3659541782 18117.4232143126 11442.5654398391 13516.2754121685 11434.2285968434
465.524989503528 622.446961225408 0 0 0 0 0 0 419.879798950306
479.871770663684 413.013535741954 374.806498698493 571.309508965861 524.116402685884 492.520920561996 456.028293974411 469.991297310327 378.088601836734
2157.83523959994 2790.46359758361 1985.00604007773 4269.6442387557 2932.56398067674 3782.42452726443 1916.53805159698 2339.94931392958 1438.47170991938
976.717741427028 793.640626247327 844.586459279409 1165.4338178836 962.920502014109 1233.79488303003 692.280130501374 656.449221014898 685.276392586809
303.184487045484 293.63342384623 245.405761841817 470.632548761056 290.710701772392 258.420777432433 213.479859623346 208.949048581941 221.02385378703
1919.86605687468 951.004446215076 49210.7820059065 1349.37587151763 1606.6902872355 13770.8113719508 4395.86255255954 22770.7647128338 45091.6756222315
12948.9819011489 11442.9813521672 10884.8055375508 11357.5319106242 9211.8495089411 9045.85246174177 3757.35277782692 8729.6927778664 11169.023196295
3514.57390406013 3768.17504955271 4066.85990962738 3192.28980880618 2234.79367106078 2929.98060022752 1682.91506610589 3468.30452581692 2873.12420827216
9413.80737318189 5157.86888547824 5989.94598700939 7469.8921667653 7799.80014762575 6740.61190011977 2057.41670719571 3051.17728089408 8322.79933978667
0 10758.7374722644 15229.2688864705 7484.93650259475 0 7626.96324940919 3684.04274262062 0 8378.85662898343
30819.132127877 16827.1098777035 32816.5042675377 17762.1954112618 19842.0036677629 28309.4566986982 15436.9911228112 6496.96450204863 22069.1146069404
8116.915863886 1578.35109238429 3627.82234711985 6822.00569843834 7288.93192917088 7274.4549958842 2972.4336239095 4146.25915508623 5323.3731661695
36126.5314191078 13138.8880273133 25302.5035443281 25964.9115713309 31859.4625924323 25337.8934751155 3580.54248473089 11052.475849173 34073.5428904353
5305.20202358409 6313.33559218797 6622.27607310576 5248.53832473151 3425.49113426892 3676.11161516333 2266.03654362811 6279.41946033075 4764.90393072778
78571.9258375565 45754.2489950677 66216.4750945714 79637.7639714011 80426.1968958832 106533.793790335 48269.6328086867 50483.6937432537 55308.6874774071
42642.4786252596 37426.2111210603 52851.6313711849 35448.0972749702 30502.6193962193 50994.165835243 26804.6794230352 36600.9285397815 40480.1734749396
1783.68183623662 903.294207640597 1406.44097715253 2148.42229721675 1863.4032928798 1685.74525554461 1031.99723541969 1437.44002208982 1302.39849772267
8161.14185634426 5438.95103023198 8367.71099160178 5961.37414816887 4972.34581706815 7004.56119838126 3461.36870393044 5061.95810389178 6335.95601127617
8924.74247283491 7168.07036448444 7983.74397382841 9289.74024946176 9972.58801122512 13631.1288602074 6112.5173701948 6440.37610047529 4655.38778058167
1564.93740709381 1445.98433343052 1142.06053763196 1214.07157801595 1710.78484143003 1416.15604599209 924.684411940385 1489.37253754798 853.972273646643
5500.98727960931 5834.14887090546 4654.27408061479 3017.47208736277 4877.80222030617 3675.71964485283 4909.71575739457 5211.81370622904 5234.09236156032
7247.1813164075 5589.69420323426 2259.68918874854 7007.65348375913 7701.82309973763 8337.66197361254 5215.0288289906 2762.03897083945 6564.83436451409
7834.7136382723 7400.92927343534 8101.66218810472 8288.80682069088 6552.9658694402 7624.43188773129 5416.1713019987 6806.73324623241 7281.15526794321
1404.82306695416 1420.9581650605 1252.59672126203 1094.60240579891 1319.22170740981 1776.5257107147 1379.35374936471 1322.37352136759 843.305226984136
47586.0305232271 31044.6481714602 42032.704200634 39210.0194741283 34566.9102365934 48550.2051887341 22395.0242164438 25375.8285552393 36410.9651268057
3282.66253801074 4786.02435175814 5133.73791808897 4213.01167671766 3213.92623227687 4609.0409726659 3465.86328443153 5214.26026203241 4756.17199385604
4555.36436092052 5958.83488095619 5825.61090167146 3636.84481826896 4499.82793068842 4974.62707991234 3728.24180508991 5580.99091338465 3254.28605358072
6616.78693445871 7500.16613307872 7444.79138894094 6739.11287298498 8346.71706193339 11619.3040063835 10732.1447425178 7206.08381339294 3544.71268657158
16661.8758087291 18163.0617397226 5344.98847428063 18639.105526012 17939.8684876408 12483.0658758948 12977.5104879087 20472.6489789607 9356.47146240016
15574.8247459237 17977.5588778474 5081.86059967888 19053.2862042125 10268.526750093 12363.0318009115 11421.1797321336 2687.05951356519 10000.7463568397
10216.5466533003 12916.7785832111 5118.71992585683 11399.2173587061 7643.68253847428 9985.6588609721 8683.34646626318 2380.85815246551 5940.81363224159
2946.05003478328 3260.84164501581 2720.30121601954 1250.3367340441 1981.37899714248 1609.78387869474 3168.84128306636 2096.3939121107 3302.78325849922
8360.92499063604 9600.19290141463 2541.01063222252 10020.4505066181 5269.95559306215 6182.7250906817 5429.98071762406 963.114439764665 5387.05683698342
44403.7579775758 42236.6881550181 34823.9427366449 42584.7201149693 41683.8675748058 52473.129958748 32495.4989265846 47229.6111907176 30464.5407249752
4336.43907524488 5779.92300180557 184428.179350838 24170.0116344841 2767.44523691569 3235.95183561445 2649.67084221954 66820.7077584513 3671.56926593292
2599.03764956801 2815.92357530564 3013.50212634069 3301.56983626587 2918.87445546428 4630.45103848538 4785.81557985536 2810.41647118272 1620.24421042304
4709.54443879152 5249.9905687297 11311.9139233381 148144.38403237 5353.26558106444 6767.17113916964 4066.46215637599 35088.5641669905 4829.7469151181
30314.3909915596 39947.4848573199 38823.6002558744 42117.6893078291 34323.3530963757 49590.7698943585 24822.9222670172 37738.1184288881 26127.2783818502
25959.0348402005 26321.2211066519 21111.3932658787 22513.9777248898 27945.7701529296 25974.2322877715 16609.1783640662 27988.6750792968 15723.5300840583
6307.82668892564 4712.5024715258 3725.06607615619 6096.64415202565 5630.72130508123 6528.31712055759 4134.52401408717 5373.64931416651 3978.48701576502
10524.1620844739 13238.4615960077 12150.598142569 15439.5630626663 12779.9603410718 16638.5492962077 9517.47137344558 11367.470005661 9568.9656134015
0 2814.64226226928 1137.13602168887 1758.89202090884 0 1446.39367752324 3011.13649735609 1941.80249713741 1723.95675837226
33024.929496636 35657.602227375 31864.5076632704 33268.0540413192 33948.3754158245 43908.3278990376 35947.2195375809 33353.8183160535 21761.0437804619
24859.5253570443 17768.5479252554 22465.5519049344 17540.3253051995 23228.0277939955 21598.9252212033 11769.6689469223 17651.5180175462 15409.3034242588
56491.6092356091 58208.4422414164 43053.4759151541 56226.4188169727 48294.8621347376 59879.8833639148 43648.8526045347 60657.1727214648 42600.8343103121
22828.7363171487 19721.9211335053 15939.3975209831 19662.2095750007 19513.5262151091 23252.1570718528 14784.0188929633 21197.2648944527 13048.8239564633
10359.893824431 10016.6616630268 7393.32409238303 9035.67933427937 7863.70110516712 10992.6225557902 7182.98119217424 9958.72639296375 5996.79265733724
23281.8893021683 26606.1507464658 21833.5496787828 22568.566527462 18899.5211974554 20144.9328551977 15157.0042333807 24986.5059413929 18644.8846902343
19883.2515169245 11878.9413335027 19020.8917325789 14220.271984193 12918.8985699563 18904.7929811567 10357.5558709067 7491.99343119269 14477.0231865879
2467.7319177143 2524.75745831114 1698.61796377866 2205.85500347336 2051.96716435097 2902.97278236041 2237.8898430025 2336.82460220687 1542.27337291475
8928.56134045779 8060.31794390016 6808.56224630516 9342.56560796604 8936.86457043364 9096.56826453428 6050.51068238562 8543.72180978969 6313.75829500366
10875.6318938781 8301.45718189798 6380.30980698259 9051.73849269141 9145.39176423223 11130.162906507 6856.00334439175 8944.50972457891 5439.15164390818
5123.08531506999 5193.79877919098 5361.38196214938 5389.39748111618 3520.52977173473 3414.35529192973 2412.82334701273 4540.40027382867 4489.33183634868
27983.7441091755 30097.3990116362 23964.9770714659 27723.7247157 27871.0610984578 40270.8148556065 31087.8234291257 26058.7581662197 20066.5755310877
12347.0437847103 11214.3437134963 10580.4305953568 15133.0698764275 13615.9672739795 14064.5561325733 6769.70810761132 13021.7961036856 8973.61587560592
4816.66266255013 3863.40448791769 4163.31601345247 4928.11420013399 5396.77614319618 4847.79396614595 2717.78920199957 4071.50131436848 3829.25755128258
691.730479348745 686.203367538858 662.582932555597 1142.45786830531 612.973414904993 1307.12452779685 1616.0650649425 980.618651713549 517.056051090455
11619.506371617 13373.6659206357 13168.567290169 10945.7917288077 15128.2545314436 20145.4083335223 18059.5301805155 12834.8847153889 5632.11143316577
6235.76425546089 7269.27469969188 7170.2285388062 6638.36041498571 7775.49571242907 11025.5554884472 9596.86074316549 6880.48998923673 3513.16137823511
9466.72062212972 4822.15954627908 8147.78018057346 6723.03042047171 7295.10430181242 8133.49627060757 3273.37084331445 3536.01362596889 7792.00444700447
10771.5858641998 8303.62665680748 9524.10347452294 8369.0033817502 8175.26383023101 7960.67882170065 4388.18243094524 6381.83955810382 9639.60429674854
11502.965058508 4869.53652432381 6605.26026501691 6100.26463757965 7317.00887912497 8696.05266321653 6262.17730469471 9989.31111137 4725.18687367644
3647.41224211337 1072.76898554796 1537.96687007614 1450.17569499156 1342.07255200264 1817.24584384158 586.874686603837 2755.48084664079 1142.3075227865
7414.90918804738 8702.39845610057 8627.3025121352 8301.8541740943 7775.32829615079 9588.30755176174 5635.30615548002 8789.32354507923 7312.86238819968
2423.61163896402 3104.56505402395 1297.24124830286 4917.13377772402 3825.23587300912 3956.90442862644 2581.36731749353 2503.52084542009 1872.08307924912
473.387926404148 258.99067475357 307.688662889424 472.981873774924 434.938357447195 577.138391439247 291.400635849687 291.027199858053 283.055512093081
353.927954900933 383.419474136213 406.679656158829 450.41114753851 408.039313972212 341.525788827408 339.852275242778 377.108870587928 472.14139254835
1424.9098002392 1336.60576598093 610.294481407497 705.554833886652 4980.46652790662 19486.8458229574 122718.395390768 11374.9961719456 622.861905124553
598.56047593998 515.85725803914 523.226870873341 586.270440372131 615.582998925067 769.255774206536 430.190747209151 394.154793117875 370.560780057572
1920.67229080825 2106.74870450087 1392.19688199598 3594.6094847965 2874.60174927583 3075.42197478809 1685.44165247346 1981.05263777903 1314.27699771233
3201.84843443016 2223.21016518561 3557.82645479221 4994.72708109892 3792.91988913949 3116.92306196149 3582.841751945 2490.64857942768 2259.83335333123
407.507088785306 453.496049566157 435.689158776864 531.181148289051 491.924597192719 468.999764148659 330.804393689982 485.932297622427 466.239486644482
5024.83404742848 6265.9486864106 4884.5277264374 4388.64375479557 3970.17528746449 3717.20525608088 4247.52604527536 5101.9297610827 5667.07679431408
9292.48633111509 7013.34108050327 10987.7161031682 16378.6368322203 10562.6309619466 10302.1357242828 4642.62527598254 9622.63657670521 6621.00188918217
7553.98090350813 7952.5894710033 5812.11761098372 8595.60603541729 7449.16105426781 8729.00394151269 7865.42325916223 7591.04071142999 5123.55060555428
8978.72914075582 9788.10684979283 50823.7562106431 23340.1338982723 11277.7598731214 12899.929409064 10589.9042066602 8646.66741302702 7133.9853236179
5521.59855575615 3044.28138054525 4011.42410818304 4726.38333523121 5189.6646357629 4765.06379427034 1972.75851887949 3056.66536389989 4573.96440609308
31036.3176754144 22855.706429542 12219.2561468228 31060.9221912829 33049.1217502676 33978.1529383354 24524.961203514 11863.5335825674 28094.0800682467
82.2715625066079 98.0581250683414 88.431119324783 85.254403778505 90.3287204484642 100.581627597445 78.6659211447567 88.0794002557462 77.7143209433911
7834.99757286484 11039.2633971585 6488.83793585816 8779.26742561036 4352.75703676432 5268.09522067133 4400.75218525266 6431.19596453638 6106.39151229153
12207.8498187976 9151.00671483213 9335.07703267244 11315.9780736493 10524.2284727439 12902.4911518033 7164.95556721137 9426.61842270135 8171.49705930555
11084.223625779 14342.6920664063 9718.50376195472 13099.448888094 8306.48771202318 8580.89414935111 7298.66247381144 10433.7939562905 9627.67581543138
16107.4995476439 17772.0697945386 11826.9766750476 19979.8069401522 14600.0779962533 13351.583128366 12830.5556989226 12676.8992174354 13854.3084619963
9383.11374178674 6173.75667196636 7410.33907674707 7401.91513776887 6833.99291508372 6687.36314123099 2325.80697558069 4088.03407630011 8156.37696968947
2481.31222450354 1368.94752609393 2246.80900451843 3208.44981395302 2769.3747030919 2113.08177479355 2394.15956668786 1752.65031211194 1852.13541448176
1566.47673366624 1347.83460452287 1600.84903713824 2320.91551841933 1697.52290649822 1489.60187027565 1033.30870958649 1576.08048832577 1305.57057018358
935.064501892472 1177.30626946217 1259.03325947839 1117.62626651563 945.926605077454 1289.80328864047 788.933115087402 1139.31265789195 929.507432383436
31605.5298299722 17323.8910247394 34385.1473802248 47595.9786785816 37979.9432293714 24348.5922045509 38150.8695169717 22246.4228590875 23623.8724729805
1393.3912986013 1405.23912391864 1335.59359624047 1597.15743380634 1306.11879601921 2246.04253069143 2079.65895232741 1443.16365485826 879.634387867667
1139.77536342256 1302.26758178288 633.902376620798 2006.59201081975 1606.5683297266 1688.98074009043 967.82750091601 992.697143938578 833.725839405815
674.409154446095 602.281909607432 713.696671554751 1045.21441529481 930.953003767932 685.920930336023 429.099425555965 732.026772121798 662.020489508235
3382.9315509256 2277.43550100302 2750.22933259455 2989.94116231902 2472.57125101096 3224.10464750827 1665.67245798225 2918.27425855588 2466.47958659843
219.167470810409 269.45596973674 271.015111997063 239.458406039345 173.176770230334 187.915372848402 134.964159957398 263.669776934771 184.624159624341
1209.49135337823 1630.81781424479 3052.24513518115 10930.8777709646 2090.89496644369 1013.66196834652 2051.00126934424 7786.19420153587 10394.9298436122
2962.60983477108 782.296341457331 1298.81917585026 2760.86957947688 2757.87955341688 3404.28194964275 1388.19799938592 1602.15825334745 1609.66890003889
5532.25813452808 7258.08674517172 3743.32277291622 11385.1369872193 8762.23618933461 9734.24475160614 5895.28501159781 6451.8413862353 4102.93851506455
30408.5082368358 24309.6171879828 29038.2711434979 35256.1349121777 207295.727202608 56414.3662855086 17619.7002497588 38250.5856607485 23797.6902547265
4986.08591057792 0 3691.1206356535 0 6658.08813037106 332.764076033108 2329.97450098218 6216.82507685128 1870.99085241436
7691.42027992889 4296.19137326869 7872.14543303982 11068.0893974557 9057.05121538601 6310.60124758316 8348.08138920543 5743.48554365134 5704.59565257132
9508.46224349685 11123.4336665143 14466.5466564798 11164.934919993 10188.704525005 18238.107763209 7119.24003145282 11161.7927732222 6771.59117092571
37078.4510846644 7854.37620043866 33661.0233144252 22617.2967285713 16956.9528062069 36019.4874518063 17034.6748859977 5122.69115186456 12313.3497665791
11284.4167344276 5013.86206925606 11035.4733288682 6564.06922595367 6357.38177864975 10257.4801962316 4497.46286431963 2660.58113305931 8582.96707426874
7227.50823691457 8388.49970117852 3501.70317027946 9371.17309935433 8241.00824837745 8216.58225582272 9812.5184700974 9221.31005759662 4073.93020538499
7791.7086203311 1753.94301195657 4084.59377433799 8397.56185795743 8332.90526045611 6865.0445334202 3421.80975312456 5697.67562454396 5228.2264460743
3326.7891622672 1565.00818448427 3879.78356056535 6213.84012922902 4287.87050620333 2817.34988942894 1168.82855427948 3702.03637760818 2638.82945116861
35087.4374070924 18961.2611187045 37975.8311228825 20610.6148486825 15217.3013120436 35025.4197552842 19762.6441386882 8311.47948479593 23461.5320796513
3171.84709849001 4481.10087149894 2449.8925438985 7936.95972926395 6114.29637348615 7241.81243175234 3603.17045226604 4394.57991406536 2061.432810605
5305.27879330553 8747.43450944406 2074.24741508255 19495.1785852442 14132.4747847509 16478.0969048794 6684.10559723278 8560.52807796 1990.32342649857
2595.65684665158 2827.78990577967 1517.50537020236 3014.55790501927 2805.8700935681 3156.55318862776 3348.58946155516 2949.91769829294 1423.05746917601
2950.92818833725 2326.84054162144 2321.67359586285 2989.44701532059 2789.51371503882 3067.54845403572 1994.05525654201 2778.06594787407 2760.60997194989
577.842300888091 702.096761372208 601.842937063723 604.208213090768 454.511997831957 778.196876102655 502.209239434292 583.199534160177 614.708628727124
7889.18725991892 4307.1744871235 8317.60373598877 12529.1063898173 8970.05721360828 5782.44960325578 3282.70860632533 6869.87131737478 6719.62523682472
10069.9193187387 5582.74541115368 9800.21924713973 7763.41198564858 6938.15420498505 9714.94705780895 5235.71060351577 4404.50690379501 7401.39676831578
371.836432730946 346.362127179988 216.408671195681 398.45657210251 389.300159077466 420.022246038722 309.22640570102 208.442861880199 347.766460585393
1781.2691599277 0 0 1611.35634343321 743.390908469255 0 1450.92236682599 919.729264211533 1060.14467331166
3559.94352985096 2537.00961255666 3265.62839011566 5310.66928995404 3681.14480535385 2872.7359721326 1587.93252596208 2822.43972700732 2786.11105859283
2238.48137771964 2996.27800496453 0 0 0 0 576.5420602198 2792.31601454957 0
380.315799197795 383.869287841954 335.711905393569 296.319937495004 515.323502577715 332.580154553007 184.383222896722 434.969497909239 202.737094070213
758.100459860607 1315.50819169211 307.403201484912 1395.94845851571 992.688943811041 0 674.455748623039 123.229050242162 0
12341.7311015992 12838.3060454204 9387.3379319348 13020.7954126156 11490.9541465161 13841.5582197799 9584.43652405717 12331.177733035 7994.14013228661
1933.92667887657 1946.08339729765 1192.51501499059 2286.94560281478 1505.22192383763 1689.38935148928 1153.15926032049 980.979854205121 1337.8534166593
3165.76292089283 1791.6212547165 2979.24386832317 2278.0043492754 2197.36756598621 2822.95397892675 1049.675366335 1291.73388221054 2709.53336605566
9806.77590519167 11532.7256967031 6863.04278201728 12266.2776011494 10253.849356363 12334.361434141 8192.90229114064 8519.23715960023 8516.4092372273
942648.736390169 2855.08274436305 3597.76240742561 3192.99760012251 2878.29945684413 3934.54968738627 6287.4191306251 3091.24536542569 2274.80725979245
924.945665676034 13469.3690380624 923.92712458749 2147.45870952175 1044.73568117478 1259.2430976398 814.139324605935 904.550522098573 1125.50948962899
13328.6634562727 10263.6172814823 9394.42433842435 9667.23078246083 9713.1256438764 11721.4577338359 9117.34383092804 12079.6846092901 10745.8288274506
8193.58666178556 7823.40430088089 6894.98434469157 6957.22156216346 9871.52408923699 8504.90469235915 7127.3006615363 8328.4478887451 5016.34241715933
22734.6711131221 10351.1405759185 22820.8802909671 12946.8284264292 11587.2688340666 20643.7172602867 9489.49163546737 5150.56203846478 16816.7451317439
561.821628890814 610.499631223381 577.715966968387 732.867216993163 611.992873745627 630.412050032915 415.943741726814 545.522842782188 560.908459455074
0 11267.5947863711 0 6942.2124512666 11261.2148765361 12747.6342869839 8029.97658542876 0 9453.82428998512
5870.94900411484 3170.30183822475 6176.03986261862 8696.06659674858 6825.46176224125 4826.72471410856 6290.71823537063 4336.11196642607 4279.20838030473
22140.5870616635 16890.3810428077 10605.7550062336 17623.4093868485 19554.239615937 22812.5660715962 16045.5086398137 8106.84318007565 20206.1296165446
10040.6891950026 8176.70292970659 5945.18704588048 12175.6126540022 10684.145238115 11301.581483048 7766.74175176916 5849.69210176256 8097.18542309083
6322.51326484636 5412.80059928363 2230.09937670955 7519.25527078805 7612.02713438234 8159.21450939627 5042.38196127611 3371.55334000313 5396.23235981322
1204.24558174335 0 699.959314906775 828.84507141741 0 955.180804837607 548.484588333543 0 0
16293.6238745721 1834.06720777145 6937.58173256795 1504.98789607862 48834.1081967031 1739.17304292448 2425.28918805183 117939.675584375 1695.11087280278
1070.7028543327 913.628750230863 589.346078174953 958.952218266691 1043.00132284794 1129.83914898938 797.565510727994 622.111185643814 869.052863450588
6591.70080380397 5671.59226041677 4845.22523962718 5959.81784511922 6312.29369671237 8042.66927773146 5206.30873162948 5589.1305263835 3178.98199920383
2923.15548684417 1307.97650514151 2092.15870860424 1752.23290774979 2595.98297201159 2322.58337805034 690.227080895193 1220.14190355688 2403.1258964234
28632.0966954501 34239.2278540495 27420.2619633233 32779.814170104 27925.9525402761 41820.4493072782 31631.1311722561 31514.5898732971 17880.7644195161
541.331161455989 463.722865513878 638.222688864932 799.259956331587 613.428435572655 445.30758937297 708.136964358177 382.221410863095 441.759801427612
1555.74259790911 1336.99580983781 1635.25215666602 2132.02257431434 1715.87658672818 1479.58616379 1702.81429621925 1320.7499245532 1159.19370992943
2853.74482857726 1701.26153466998 1911.09356469803 3479.39167611135 1086.17475421315 4477.51040240885 1250.00995552222 3214.9723875749 5371.66890630052
735.462354646598 698.164180763027 454.672626826452 1126.08083087118 1034.25155955203 1022.50381858626 610.932935938047 708.826047806238 493.052110198945
18348.7532070303 22774.0615061493 16746.2256369639 22656.8404371462 20493.0798026983 28855.4030101838 19296.7509602541 18262.3302937039 13047.9659228727
2704.02779863479 3154.07306833195 3584.95387842305 3796.59984081551 3403.82098603602 5208.33700801144 2492.74109786182 2762.57637233376 1950.14298419725
882.84302938339 794.71381490695 704.942948627579 626.731239012988 644.846208239981 833.900973943952 561.062569752584 680.503650775583 513.778270382624
10465.0778295445 8012.30860387256 7791.65339271174 12603.2025619571 10200.1108496767 8405.31822190912 9739.18398965556 5808.48360282822 8413.41000481261
1647.84233369838 1902.95879996032 1059.61651930766 2237.84610260542 1212.9085934691 1760.61086888884 1838.58345420662 1101.21795005039 1125.29785756503
9664.5724116183 10375.476191501 9365.09680193686 10227.2387033397 11636.4278793007 12318.6097231674 9169.67264299678 8971.13153020524 5549.08217710783
8117.45943807941 13087.5781880288 2968.37275726839 30057.8593971333 22047.517424399 25409.5667843181 10463.0412838895 13387.8286661124 2690.45021005349
24741.7527591612 25718.3100380352 0 0 13768.8471541905 5879.33308542441 0 13540.1752272828 0
1297.64920806983 0 0 0 4450.08655985242 0 6092.36854894006 0 431.340080649702
2076.19916215207 2616.74464836064 1905.30959754431 2192.88336443032 1735.94046480825 1876.75007139802 1649.26053622059 1902.34472232766 1979.52519421879
2527.72367181797 2803.50388914241 1092.57503572584 5352.61082835682 4276.54610788805 4994.32469686734 2372.82316243222 2297.90905472833 1564.44605218766
251.265899717033 686.626905755057 20.0971326641231 664.85833183367 0 21.9086176486159 6.21663278214839 0 0
4350.89646867311 5198.81814763664 4020.52375340333 4444.01209468121 3290.33091128869 5603.94811736849 2840.34104369837 4053.01998907982 2812.59440712478
6786.01275154885 5856.43552048339 5471.94784930435 6787.07078021701 4721.93831179345 5544.42339607396 3968.41290838098 3451.34013589634 5116.58559963264
21834.6020589603 27001.8780086246 13230.8423329215 16199.4643953976 19375.3938368082 14565.7325062734 15094.6515944473 33365.1495612712 14940.2583000561
2741.67839777984 2095.403124898 2133.17136178128 3308.54364916296 3134.5628797554 2718.03508929 1473.51143087304 2536.22872557528 2281.76603510219
20025.8545484471 24318.2667779771 11106.3824547394 35844.8087862495 30243.4440353927 31634.4235807448 21490.8723565823 20102.480421375 15953.1900162881
2823.86589735618 3313.48086248956 1916.75024447558 5376.46366023005 4375.53154020815 4710.93127450565 3021.79453555946 3087.83350323452 2007.18468911865
12581.2832787813 10786.9375154676 8984.92207753865 13911.5240960453 9958.76196109928 9663.05838734733 5569.94020068353 6372.70517561841 9966.96357249406
228.566150482711 266.945978153404 247.31171393458 249.895591330563 291.21845608427 353.758286209048 280.896137025396 258.413199609466 168.592898543987
1596.98963710496 1842.98601156027 1689.05618823295 1592.42124075627 1105.74346971805 1347.24869549552 917.393301578477 1675.13353673345 1229.88335005651
4418.00095722013 2359.67720232556 68581.2533053974 10116.3190935646 7947.08145894251 57238.2890030807 1833.5011039625 166398.669686515 26269.7018610086
2229.74264001403 2323.88127915614 1920.01592544409 2093.13921706067 1399.99053816404 1514.67124610414 1479.64765963642 1392.14486002891 1895.38903543906
1128.44013927908 1212.5638174393 890.699530389209 1263.61453541813 1165.58678664389 1242.25780549942 1017.35474210277 1199.22296476172 745.001294952357
0 1835.80263187163 0 0 1658.57363775553 2123.77657531788 1490.33065977963 1446.54641390779 0
83.2934202671736 105.199801530153 87.1761569787277 105.741176213968 79.2293997760893 108.235565666202 68.1706628634041 81.7599127424056 86.216886241132
3127.41494371174 2333.6640900079 2806.80169188367 4010.91255348031 3299.14104126255 3209.93695872078 2786.09133028105 2745.51392605232 2253.83647662894
678.682466911019 667.552602088008 738.776406512798 565.162636589887 408.267854683604 596.673377690301 343.483057756173 572.233655235233 552.07968593496
277.432632140911 263.174443683863 224.395121568446 282.430716500527 266.17896296901 291.57352840815 221.978530270844 217.63569232354 289.534249971383
2341.67819712044 3429.15244382588 2095.07996610012 2427.80037677354 3356.67594269293 3752.50084948497 2124.14355244733 3504.05558226619 1541.85972489636
14161.5745759703 24162.1198750294 30318.249003506 25556.2507383182 20438.4783459864 38959.5840705165 14292.8471691686 20914.8298430199 12232.4843730817
1393.83810505468 1165.78217595994 1480.15010600477 2105.99602139971 1514.38563222364 1356.66875775946 867.824167543379 1415.98601518068 1058.19530606782
0 0 0 0 107.157928902999 111.497771047368 0 0 0
11215.9282314184 6388.77077206329 10454.488101145 12194.7388081205 12044.1932877838 0 6699.29235098663 0 12802.4476328784
6056.70658704027 7293.74082137404 6601.58766442022 7295.37539096407 6373.65586289993 10541.7949157668 7788.87261549242 6657.68868059028 3932.86555618285
18286.0213560985 14819.3853394627 12796.6136302506 13607.3176873743 15547.2878903099 19031.453540507 11216.4496029771 11071.8456761568 12654.2848300239
1339.62727723495 1028.34980656913 738.825624714755 1439.00906310038 1383.69186257106 1444.91454186686 907.929957097413 1077.05684853701 927.669947384725
399.918324998399 380.329191006727 313.705479269412 283.096637883354 417.879511072404 381.707288855212 266.984102370829 357.909016638342 190.485066298211
16674.4732090526 14175.107771557 0 18039.448671458 17011.472288148 19836.8349227694 13857.7711353386 11534.2463459428 15672.372232778
6558.21829940068 6684.81334814538 2917.11538961948 9364.82055292432 8029.71389978112 8473.02293104708 20966.5157751083 4062.77412852649 23712.253213427
1339.63523183396 1340.15692487526 1317.45129884879 1533.56335639562 1267.61061124496 1657.50701369129 1101.86653082802 1280.41248082603 905.025961123277
1498.83782866062 1529.8055894178 1211.13706685353 1840.62888739346 1187.117065914 1164.66838700021 1095.95168923381 1038.15954220674 1101.10604378402
56932.712417153 28546.0560664176 24082.1516769144 19035.0792190312 55482.6010334641 24862.2031923099 17070.425878689 34796.8147972367 9839.1811962901
0 10.9892663926859 0 102.821652637081 140.869341801609 0 107.628785723195 0 119.840377217415
19504.1173650367 27216.6400317532 33177.0812569228 23204.2000029589 22914.1669968902 39392.501184339 19101.7347555158 25884.0046568523 19392.9168723332
35520.6894424109 22068.2491283242 21103.7857408119 40476.907441628 23010.6137627625 58059.6692328122 20091.8741000022 19143.099360108 19605.8332630689
13975.5152847591 16651.5432608035 20059.9069624646 15473.2794738124 11653.562312303 20223.3779589505 10172.0443078242 19377.7687448277 14454.8409525606
5738.8853954388 14655.5522888528 0 0 3174.59412865655 11605.8550385255 9784.32924805022 7944.33957751716 19617.2119795245
5148.5189265522 6763.71878276543 6298.3422834396 7350.22599638176 5435.2814973699 9026.4146831575 4177.20221642142 5983.30257564566 3472.31710091589
2782.43130170599 3448.64116769405 1860.95740536478 4895.94633542032 4138.35940203597 4530.87301603098 3277.9113034933 3157.87573924153 1951.6547149849
28752.0792041355 25924.3087479788 23369.08375074 28425.0699988405 23248.1686020263 26087.1826738155 19173.7337390447 17462.2175492349 24590.9955033557
13251.3147853482 6810.09446929078 12514.7486474391 18130.2271055441 15298.7795549983 10499.4257917158 13811.2351209236 8935.28089242531 9826.59591214495
3004.41295757482 1379.11574783656 2937.23424222901 1769.24088797132 1693.54950812274 2654.45309245121 1137.2845801653 787.015421898119 2319.73892150771
7534.87612738495 8074.87726255387 7266.74319652216 8593.5777368616 7671.99394862952 9601.41693213055 10557.3600137188 6361.26346997303 5858.2137790073
162.320757879073 148.757539118637 161.108685355317 204.823664517156 196.815623284122 191.668809578933 97.6252284025916 148.698179495617 150.432685153245
560.342616876204 514.529907005585 374.232399704268 505.497640302584 661.954935224375 504.783057321323 360.997504035938 552.923264344191 356.864783329403
5936.9221503075 1387.18243356614 3000.24082014686 6768.63035453668 2653.89954783827 2100.07837400421 1195.1182091359 2058.39080734822 806.082426845807
6466.63748567227 5915.98642445417 4892.97558641378 7754.33982662887 6158.66383088053 4907.09034038232 4831.41322106845 4760.48624346282 6115.25865090849
10171.9861058664 8990.44808523475 10168.7307883038 8081.31227111887 11717.3296979879 13349.5845272633 10398.5383111224 9089.15200871533 5874.03549488207
20585.5220455395 18021.608434102 16626.3274738315 18797.3898655207 14461.0885746341 16869.2633493652 9529.12429522791 10110.5941779984 16121.5952946271
712.951313182628 613.909049262764 635.860671664033 819.480205501667 806.149605378757 719.395291503956 439.372561495591 655.358726643181 637.973057988465
2512.33211407378 2589.64212981021 2394.01183729759 2513.6474408977 1804.1507839021 1568.25549284998 1572.20695516097 2053.53479526048 2306.80451997033
758.701997209163 488.461674464196 910.637856089736 1206.60076058398 910.972240946916 565.341437777365 984.995145474815 558.405532761667 585.694990050819
41573.1413698963 12405.7562471152 26634.7865946344 36219.0099776175 30353.0193789172 18294.7104542899 40517.6091096404 16684.207685395 17692.3456046046
3493.04282376977 3514.34136490473 3135.37815372572 3218.381478615 2697.01003430361 3213.23121035789 2796.89045402487 3018.23055868907 3016.12289068536
2668.47239869353 3137.7930434291 3015.10860201621 2730.05544942241 1990.5343232082 2261.78921917182 1396.27776071947 3244.46470628974 2233.58582900002
2954.67659681953 3448.06431331473 1813.1403456147 5270.15926767974 4459.73896146628 4924.93083669378 2807.58457392089 2979.43805320734 2130.49673165771
663.989087242981 475.017004225132 667.227635706926 528.488375849916 559.587161188169 483.476344800238 201.73970963717 481.272439596043 671.199005805253
4470.1750581223 4246.01574243833 2609.76066616497 4569.35449214046 4918.00687402015 4227.79771425832 3995.50959004606 60413.5680379909 2791.89346275248
7763.66877730833 0 4116.763061169 10194.2294073024 8513.68309712195 9744.38246494731 9191.78653603022 9267.85752872088 4542.40184812336
44320.4783450104 19090.6029374672 40110.4550849594 27083.8054554153 29138.2737031165 38991.0103429333 15082.6583322231 11788.7751504432 35752.2304873984
403311.448235072 7405.71016598585 13877.9001042538 39298.2774629137 9598.35964456428 34809.5302486837 56611.3169752059 7394.37790497008 11083.146732528
334.537423679563 346.284662651151 358.782104399733 367.12137553087 433.480413763449 423.056702351166 279.99366432176 313.33634994604 233.287352041114
8153.64969049313 3262.13292638879 3990.9880480168 7304.58570823397 6653.95810352268 11065.7787770452 4320.11258334729 3712.36372154851 3753.6964554189
16751.8856461405 16586.3141156936 12514.2334423922 13429.8487678477 24102.069928543 15343.6196490289 14846.0653851672 23124.9116095454 7561.18748501614
3047.11441117941 2569.40891658509 1435.81521379325 1827.242161726 4939.75967542378 0 0 2908.31593619252 0
32662.1394846916 35136.8496959327 29123.2389069801 26128.6300077196 46784.4602289804 38682.2129949873 34548.8351870547 41805.6738223901 14341.0022414535
45023.6615226019 51146.054945448 47293.627946012 30904.652905366 63600.2165273146 58817.5720719579 46486.410389389 53449.7841862966 19483.7567586089
30905.4504422001 32857.6189798904 25667.2468593092 17821.0458158665 48186.9305990545 24782.9637067726 15918.0108262009 40300.2863262319 11684.3215326624
10799.8069732803 10805.0122385989 8445.95652666096 16333.2737505699 11180.1925722062 9940.66315408258 6968.67385212926 8696.73660287283 8611.79346120354
3401.3389006677 1386.21547194883 2627.26837573856 2357.87761369835 2951.9093736368 2832.87976766497 824.500323584492 1261.79563046896 3049.30883299789
1659.00264046781 1485.60282959453 1841.54166191785 2001.12190418826 1890.23621337271 3009.81040303496 1248.69500407772 1419.22530406896 1109.04229785181
443.989440723249 220.342065274885 178.186386660404 425.134323778824 358.401830930548 499.191594626514 280.595886139858 264.088443857897 233.655082616271
5533.09984689983 4122.57392766531 4671.06831730447 6824.67780325058 6394.65408255223 6465.26239748785 4770.68338923766 4296.27121313023 4826.471591367
6776.68934082859 10497.2257252131 10498.6088551891 12104.173028806 9927.36450549502 15002.3356565915 7477.59019658243 9041.43290209836 7906.71149560777
5615.84481977628 2654.00925934432 2681.94330626254 5523.13593332117 5784.56130367758 5533.55797969525 3185.93796399565 3165.40708036712 4372.79447015057
23042.845940956 3305.30434680058 5026.27116897362 14566.4990520194 0 21780.7094011374 13602.5478090575 14499.254985585 0
2967.6719421199 1822.73082648051 1956.6316774976 3234.34274929161 3140.04494919929 2905.54273877468 2407.09484224812 1811.25367426951 2304.74444018224
2150.85079647521 0 0 1981.51962747736 1231.78189665413 1458.73136245844 884.173267046189 2153.49854663333 0
438.545909484902 214.46186960021 150.006126817319 404.71213571083 356.133307595781 446.787777356154 265.891901356773 285.556957989498 224.542542346641
16650.0003210802 8326.23977766671 9314.75917860085 11639.1743387253 14433.6322969745 18620.7926543829 6891.00744334003 7303.89679122576 14028.737720663
38238.3263513043 41712.5051079792 43606.8911968534 50944.0429920398 45812.8462365155 59862.2305833577 31690.1409071528 44267.0696447337 31371.7947758852
2250.40623785574 2718.43970877079 724.67026192029 263793.289040043 20040.0610560612 2247.80885370717 26291.1615118702 945.497620376729 1109.33927274219
0 0 142.710800177713 0 0 0 0 0 0
23243.2013583922 18167.7888284294 20380.340130327 29337.3823510614 23054.8726816558 28862.7407656547 24529.906336542 19635.4459790242 17914.6128450134
0 0 0 105.964526562967 0 0 0 439.581738077712 0
0 1218.03857952186 0 1504.64025715708 1153.58125879742 0 0 0 0
1002.66985890026 1039.4244506278 1153.50134373497 814.783893745281 1061.67248366934 1340.93915434598 906.049352487398 746.712178564932 604.793814978675
52727.6069968211 49760.4218808871 42359.8161962695 44455.303907781 36488.127595895 56440.7741051926 28977.8618262611 40988.0835710466 30644.2392703353
6535.17018597572 1248.68769847857 1115.4620946801 5073.53564715699 3829.67825424579 6738.99786750318 2561.63544207596 2227.13536841782 2823.78429272023
26653.8220110725 23533.6770112757 30170.5662608963 22831.2710750625 20851.2882230657 33365.3173271062 24646.7855766461 17657.5253736567 19085.6291350646
33535.0184566593 36609.4436079174 29543.9043715873 36973.7987897108 31247.0879302499 40966.2144856383 27312.5371634588 35279.9984072535 24650.5644391396
3600.87417102053 3735.01302480198 3173.44207321125 2772.78542718835 3603.12776028403 4175.04586718885 2633.99216868336 3575.24977659932 1943.14124998734
317.331695129273 284.498768902163 251.364777047435 260.552794022014 367.254249450447 266.906132705278 171.69300038579 301.181764468681 188.34558196994
0 7055.36580942973 6453.74938053743 0 0 12108.9841086948 10739.4407244864 1972.23156245704 1027.61734849114
772.20554769481 753.430745022896 882.575037981639 753.032730237601 566.086298454537 927.241251943632 533.856743235595 574.83987002535 629.885533295491
270.727702635841 388.45835707043 532.246032644606 508.915840370167 458.655310953521 781.239062191 272.289153095072 285.885967751395 149.947126026967
2188.26950269603 2358.45879394092 2699.00997687161 2698.54174832954 2752.52723042324 3839.09810723761 1933.93807644035 1920.0583181285 1491.16957650733
3141.70844259567 3907.19248524305 4503.16821482827 4082.56475951338 5773.73464072118 6016.94296060848 2954.56404226758 1309957.27026455 6146.53657309324
501.416152269349 810.25851544809 1120.42811507133 911.383586931794 886.343683886298 1574.99489590967 565.423508729151 605.322018118902 403.921593436229
353.84862530535 320.439505506318 335.140891303747 421.406167838734 384.218859939517 330.120245114867 225.492430525778 348.99150718808 309.851426132486
26563.2570622914 31752.2447503396 29104.2458866734 24045.6275500518 23152.7608778194 33161.2461872783 23324.475071339 33327.4337012968 20725.9108154113
1324.65778732993 1607.75325883481 1861.03966125659 1733.39416673622 1197.93744802182 2088.73143651141 869.793448672377 1727.05957569512 1061.93139986179
490.946139833799 495.452239787315 539.782084385398 528.283251200414 444.98585201616 649.808111797466 354.597743445627 530.633581912734 342.250658466503
0 8783.80367290107 10543.886756651 9162.05410225641 7071.27792352436 12508.3908207045 4940.44059239049 8291.83241236061 4988.71083914635
5234.81628808998 10960.5353819002 12552.7864333892 10965.6984546378 7380.6083343641 13735.381783121 6228.27461382538 9799.16783926963 7004.78523786636
10921.0171213777 10347.0171089468 11088.1211559756 9598.04629083967 9392.32807774766 11258.9922804891 9516.49439605223 11665.5322726322 9386.0102539428
12227.1772218994 12127.1958580061 14470.7613478994 12706.1994472746 9542.90485127939 16336.4828812999 7534.94222877762 14512.4867439755 9203.90478591967
568.155558374911 562.741208786705 488.9482354319 550.514976152348 586.931907350906 581.157548434234 433.495330654264 494.905479613849 598.565265760323
16672.5687241829 8736.25291244202 14897.9869657362 13339.7741101666 11032.6225910739 11842.679151927 5850.24589079102 6631.12443809394 0
4361.69979719195 3122.99161546695 3322.95026950778 3757.37565003526 3282.25006644399 4166.85475825698 3059.69616595931 3505.00934705983 3351.42840616203
8064.47848338272 5462.3835310262 6168.08096044781 7306.42243113343 10166.8717382262 6879.13159194827 3856.30474735893 9596.97427586728 5283.19930366582
38984.68344902 15083.6450547735 14952.2149469952 0 27797.5396760353 30428.4099261297 0 735.054903576143 33097.4383554554
21657.5759725657 23570.9254532122 19440.563544743 27171.1887473219 21506.920761213 24674.8996780136 20774.2083562618 23083.3763415752 16257.7281327709
35099.2457932968 34727.7945556074 700993.876025239 34363.9869141623 70399.8245478836 47475.2965721789 29010.5003505014 37890.5823781948 21758.7535050151
3910.68656652794 4835.89520746025 3475.97180848535 4275.19683262059 2749.97900779038 5169.2361251218 2619.16431489078 3648.4361722145 2534.51187229954
464.917158803638 543.439871486614 546.919953187705 563.241865842406 610.042341975319 652.773288476788 487.11705071665 510.360554944873 436.421723036528
2905.4620964148 2653.72807876324 1210.03244186111 4391.81682075286 3594.52639812182 3449.82805488431 0 2129.30843882668 1203.34975577324
2063.6030320138 1534.01976941801 1896.664772875 1200.26584138655 1231.00082850122 1471.18751616985 1334.55962716238 965.137843613606 1912.33998043783
765.083178764469 691.27567927913 732.927673531326 849.24448235578 906.054790648685 751.339050898431 430.90758602738 738.928498391501 641.062153112323
3063.32208902253 8122.05243226088 4686.68434999187 7278.78272609333 6644.57262450713 8663.51625129277 7260.71966984548 0 8119.83148517968
4453.518298008 4398.2569511574 3389.79806650894 2762.46619535612 0 0 2948.51587540414 4567.43238235834 2681.41907651979
474.957806114187 31.2595029340758 604.751848578548 0 0 0 0 287.936192593615 509.509896006129
1490.23762220201 1377.10547800234 1043.75306414902 1640.86328899564 1576.9946053087 1980.98893971937 1604.93789584963 1333.43998962937 1032.96407487484
4483.0591506445 4473.11147059044 3032.28309861511 2382.96217281991 7101.21744992865 2174.17690768262 1062.64849626046 6173.15404288186 1725.70673974492
1458.48477532739 1278.62644660953 1274.4544263395 1659.17161031894 1623.62817074614 1473.91395141622 831.745397301127 1350.45492777137 1136.56891195547
14281.1273031717 14990.937728514 9796.51945255519 15829.1295488322 16155.9804574431 18633.3309601432 13665.5287651125 10924.879175484 10997.6346674616
20482.9882716601 20912.1331683256 14039.7687768826 25509.0258458351 20512.8454369737 21510.1220212209 16809.7113633058 14704.8345050382 17638.1318539931
3943.70119533193 1994.98341448993 2420.81062407089 3912.13986274557 3689.82808742364 6321.71743638998 2395.58551451211 1912.2957061412 1712.91808131669
59781.9082836308 63572.5412226906 56331.8338859309 66006.8256266732 66066.7696195334 88953.066831219 52040.5493719886 58322.2379217502 36036.6385687201
3018.38469315838 2416.85004261061 2708.69426213635 3618.74986461412 2937.22412707231 2643.56914503867 2609.8998153542 2257.8084040561 2402.28320933323
18138.5485774643 22396.364625224 21322.6435391873 75331.2027238751 15909.8694968676 26800.7333096583 18936.8999835072 18085.1584932537 19722.2539130706
4685.99710548439 6094.25771075041 4719.21199693773 4383.13017984255 3971.69111750597 5630.12979455925 3957.79148466501 5360.80697422187 3468.29718767887
362.035436926257 1363.2009257383 755880.641040749 9172.09749729856 1104.92108165062 495.787347283792 2445.24017639632 739.432230633086 292.051875468844
889.483950576692 935.233198602261 412.63832748897 1665.47739893384 1384.35096217956 1560.27001178442 748.428273689451 805.77733134053 604.444131316307
6426.03082437634 5834.18640639521 5318.02846391358 6099.36779619261 7765.2117554419 5461.18240728735 3602.01527074406 6611.12451211457 3888.88310487034
0 124.52294093766 0 0 917.511923815393 1215.66552625498 0 1100.88442801223 792.023198844947
298.552064539927 138.360924495352 233.545583580953 216.177764205486 260.796131139433 250.514733945033 80.7699281408975 128.766650660786 266.344059321721
10505.6971543245 11698.5320895727 8859.84688861497 11538.2538828031 10158.4840434848 12157.0134047378 9060.57377545834 11389.3063433703 7813.13401292699
262.030007166561 287.896572948714 226.643293290969 334.445158434307 215.085199488613 352.412281578251 175.007669763397 208.538087829929 207.804253926578
285.312016958343 266.7053536758 214.309839102714 300.002680295617 223.247411408621 354.669356808921 181.513820269922 250.16325402807 153.439844797407
5611.43367720728 3368.51049373977 4213.59904810651 6587.73895600039 6088.09694372537 5514.21354931589 4951.21262867256 3786.52115191425 4174.42589224824
1352.21480598141 902.810219809081 1752.26854360932 2607.0291673174 1648.8493644139 1025.14022092636 583.301387956727 1665.69779351497 1146.87159371752
623.2732777243 612.271790569491 446.017686810811 420.152496306933 930.538177799831 381.054544174968 224.981377903432 794.155796399916 279.239923630726
227.849467184883 252.301454466275 270.983567891705 279.091996192158 305.099064194534 302.949217714086 187.407019882386 250.164377521386 211.007926000023
720.439906764508 915.970319737719 469.889957024391 1087.26514457023 966.221465622269 960.809345783308 829.947461582378 743.28199451395 644.351988322784
1932.8785837752 1689.71773719992 1559.92233827531 2063.66973622615 2041.84255671735 2361.91462809692 1918.48150944975 1641.33669373803 1463.61371543388
2059.3088920585 2849.18403073578 834.932934590013 6098.74817600291 4609.99148194741 5193.36297295943 2411.82327486273 2620.28077956405 1062.25600160025
982.03144243706 841.022869074064 883.753234041374 920.052970495568 1014.88069306629 1270.46230851891 1028.81900647367 813.504662450942 517.868298424559
21569.5634293809 28458.0106387887 11953.3499583 33681.6837189854 15678.4866016815 15562.0100153085 12355.7509890354 4418.72526607471 19585.6794404168
6431.70033502218 5916.86593079491 4334.0468104564 8804.60855671127 7591.71205319037 8679.70712910982 4376.83393047137 4659.19065381022 4699.55120728012
44872.6723209163 32941.3668334414 47387.9921560238 70486.0156064435 48494.1292989215 39639.6096367397 17928.6330495815 49687.4312101483 34330.8427928216
28366.5176522591 31248.0242690869 20243.9011322068 40647.0614018868 32428.7618660758 33598.6456517345 26319.4909830597 22347.604120658 24662.4511101357
561.491069314437 510.303244831931 440.52584145646 493.176091891183 655.464664924547 477.407945690351 327.124562191553 561.778734368036 372.809052595919
13720.2062958053 17594.3710624543 18935.7930691998 12976.1252719557 18050.3075051623 29796.4754390011 26472.7678279798 14159.4518220599 6373.92022695097
5015.89803559801 3326.01679063947 5700.6580437984 7477.29969936223 5907.76139980207 3997.63690232657 6190.58045256173 3588.26587408827 3849.48171078803
3240.62995631124 0 2875.93342502216 0 3528.54116446716 3112.12180545791 1530.92371502563 0 2425.82667555514
20616.6713474101 28344.7158001749 23014.9470951469 17027.2941503763 12124.4269077191 12058.6696225302 14804.320465296 23380.4886152424 21727.3172719304
4632.66490974046 2485.37642232541 3755.70479535506 3838.05112201405 3567.73994649932 3922.28609029599 1709.98649389644 1901.12647106 3688.93440560598
3314.20858160287 5026.37552971694 3203.94832576359 4668.48193724592 23405.9345729827 5056.91655209557 2565.37213854866 10686.3772960098 2562.97295835777
13716.3238302038 9165.41100003609 9524.37544120677 16056.0354813906 14506.7707886908 13231.018316193 12052.2354487399 9312.21683651674 10466.0934885678
6849.51497665853 11871.0245646412 5447.08393251226 5499.3266880705 18787.8208552733 0 0 15201.5479575764 0
611.147912172726 865.517368854153 725.21249230731 849.905645980862 638.192370119359 1026.85715798927 550.588216380373 693.067792289911 417.158627031487
59331.9349372368 642607.715126924 38041.7322239431 69578.5787000676 169473.675256106 685736.608003256 39656.1983574721 58497.6298026091 51013.280980605
4856.23858668857 5135.22695548185 6090.58998422683 4887.74708499605 5175.66107308404 7602.32267422164 3705.86678225366 5083.01778541177 3757.99372362415
2536.27334953564 6169.14382148754 1640.75988448631 4163.90415596151 5331.83401553747 45450.7372775509 3876.39179400035 3899.86251404415 2195.46206163342
2236.26291830342 2351.24005199105 2331.10919618544 2626.22876737035 2516.83403816906 3209.01491371481 3055.31990486057 2482.02420622257 1793.9153523113
16402.6193157452 19433.884643523 25116.9830579686 19750.1112942625 16281.0970931836 28571.6967510766 12622.8114929621 21096.7046063487 14827.9000529243
1539.87851424799 1552.95605316717 1066.30303129831 1605.81313330577 1388.34718940172 1379.7849964839 1209.83869519396 1216.02065989528 1293.9678611768
1100.12130372868 1229.05312281366 1091.87062028935 1120.72358961574 1361.22495437583 1588.95172860463 1227.80242504649 1089.8274719056 771.849056887713
559.865000030426 731.201032803694 719.017572119412 661.554613963988 404.414125236457 558.369567495895 323.72690168307 643.081331837222 510.782974177345
4600.91487138806 3988.27278591329 4205.47710101349 3402.78765322835 3166.81879799953 4142.67992133992 3163.67651862668 2823.4091548988 3859.75148301865
310.531957350384 193.923302006834 291.730047162377 389.830686217928 343.008856831157 272.737521675195 297.827011617046 262.264212174047 276.460277546536
291.449002860426 247.19948679213 250.661614797616 339.54707928696 334.974972347491 275.955564789636 170.545721733828 274.245145258795 234.368849887653
6369.4299718525 7053.56759654392 6547.78933538711 6224.55166258678 8019.93406104814 8492.9021504674 5782.93357133345 6610.66987610479 4264.02912872467
8128.16254888992 9154.75115459229 7225.34017439004 10328.4934067329 7034.22648056128 7251.01840668429 4888.44463563322 7403.56191114502 6670.73882205383
9470.03004025097 5467.83989795926 4778.37514340603 37474.8859868544 8560.56469218011 8544.12221665882 10389.3621193903 20845.7275906828 8180.63267538377
250.139257008966 227.619999696994 223.770617689309 302.701603294943 298.173965376598 246.939368616602 133.54969963148 266.011732352355 243.104297207518
1202.68282078496 396.392173649998 769.241407072048 1382.22107297702 1327.52394001537 1050.34612831853 831.767608222732 835.624093728279 818.522915393521
1271.88743655321 737.177865866791 700.435705566575 1232.06098311491 1096.3136503171 1393.98859585234 852.176451620893 748.374825211326 737.796592390255
1794.65622004364 1344.30424869924 617.457942746878 1644.04107077525 1905.67796942883 2067.94683072265 1253.57617321147 634.747137035931 1665.21895119676
5953.55828834052 4571.22475299428 5120.30908831643 7938.04588540742 6581.71650998043 5575.83399383743 6107.93682746668 4259.37704985332 4848.93113520624
12949.6380057587 15418.5395809322 14145.7400562438 12615.205748874 15997.4462929354 21352.9616630613 18879.2003524599 14577.751071423 7102.14854761999
4468.53366996111 3817.84377969741 2705.81745237699 4330.712340551 4749.65287681623 5146.28914545334 3173.90650603129 3233.62027616722 3322.83895596194
6368.61046495065 8070.61705974262 5213.67660016014 8108.7705658579 7042.12806960107 25587.5405005743 53302.3758396771 7007.89197898377 165787.467705246
13096.5308926507 10279.0256101258 6671.58167060613 13946.2772799967 13581.0457271589 14339.8511629042 11810.2007665936 6609.33197374764 12023.2655399548
1222.03672880264 899.320416141171 492.479793246191 979.511793274577 1142.89571598944 1161.42298626588 874.71241961941 486.106190019045 1149.60437116939
1673.71195700739 1659.57366976934 1010.81904978145 1830.89600563225 1784.78472529543 1763.62950426354 1570.92951643614 1200.64131584632 1622.76886798597
6567.65984013777 82271.9756574436 763.921462057874 2175.15625356129 4866.93471284807 1110.47023892404 47587.860972872 1156.46349615406 4078.25507564024
0 11712.8602074855 6754.18758541542 6191.73962152005 0 9910.56617306147 11619.8720960922 0 0
649.803456913242 605.234757234299 504.224179715206 589.57980788287 765.719899673413 628.985910741374 433.436934616691 610.789374917229 455.164872950506
5536.05110124029 0 7910.83443978066 9175.83711864513 10756.7583583284 8907.39918964476 7654.27365469681 0 3275.15439825913
0 0 181.601300561218 219.173327979134 0 0 176.587975266362 0 0
3503.30417564705 3744.07027838298 2242.55961754598 4262.50089088827 3842.25822156076 3920.61309950054 3765.92725710432 3849.74164190721 2376.0361850703
1642.93741979729 974.519595815939 1441.70352502796 1228.88920950095 1229.21027897972 1308.43657073872 467.714087029084 802.329294226992 1439.78986344891
0 0 0 0 0 0 0 0 86.0723000060433
2693.80028566983 2558.2925016736 1895.79768654259 2509.2274674957 2969.80141992539 2441.77200986504 1295.20435941593 2493.82557314738 1845.98067083977
1493.98840544683 1430.22861503469 682.676908575111 2752.93144765948 2332.26237259878 2489.99901410628 1406.26055966732 1193.71223056809 1040.5021344759
19875.5197126075 20488.3270724578 17155.4530789319 19947.9160641673 17064.5805139522 21499.8436861161 14348.0939197261 20316.6921509238 13404.8588733221
525.519523884971 462.176819790264 403.525144572642 622.748498012204 561.813381012547 540.988736018168 467.974279574411 337.782677811714 495.837446738382
3087.88094463412 1586.34494380943 3125.54654279058 1882.57762791939 1592.46297644727 2889.20854161464 1549.4546904483 796.06027749934 2257.16454130622
17478.5827638376 12550.5787879255 14903.882214009 21819.2490729575 15436.7321913765 12646.8870184913 7891.82529328695 10298.3650137545 14275.7181806848
1376.61550661414 1333.59380094966 1250.58593100907 1864.53947658624 1720.21477571515 1549.53912338748 863.567850690801 1466.30359054994 1212.9902660662
3976.31435418695 4101.57684723668 3889.64471149389 4568.32615480316 3932.70637584998 5046.63016519188 3060.45694266362 4482.73795843043 2941.01653014805
3859.62577857844 4072.12666990585 3236.54950863091 4485.42262199931 4065.47819219985 5139.45289391055 3448.1597667616 0 3512.87696145407
6074.87022981717 4468.15063441474 5482.8378927986 9003.94919172578 9065.87064161748 4982.08597706911 1718.86480554336 7261.35787196644 6341.40279590349
6463.46036361217 6588.39759376074 6326.10476290953 52912.1381793564 15730.311256408 8523.62146414373 8678.62721149653 37796.1316736147 2779.15810949812
3819.21345167988 2308.18095013541 3896.75179667248 6208.67098110982 4693.10899801502 3617.43555944189 1896.88591765207 4203.28108227348 3169.67375161599
490.25828414697 454.577721999497 313.397192735955 566.134631745081 390.802688807374 437.338381075941 352.776182323171 268.418621340418 347.484095236153
25012.2579857133 36417.3146740366 43836.7288463295 37073.5966112505 30569.2727807132 52800.93722051 23136.1776640304 34968.6240287296 24030.7720360357
25027.2099819539 11157.1983282972 24241.4318572094 35411.9137596162 29212.2954374664 18985.2391442981 26447.8484700419 17277.8085419542 18099.4929717743
2430.11906693994 2655.44180041622 2937.29354535539 2954.57209246079 2717.92306506916 3681.1390723814 2237.67455029062 2368.14730319539 2151.40791793783
2662.9554559469 2989.26040545648 2835.02139024601 3004.13940748393 3203.44972420233 4011.52348200135 3225.35801031701 2864.87482651915 1823.34877570153
5234.8536457619 8247.07056037685 6687.30515637756 703859.444748923 4416.67496183988 178745.186590421 1676.51525948003 3121.11343230455 1412.54934954234
15469.5836437173 15348.446451318 15914.5253247787 17706.1442032606 17698.3111789033 20003.0053784897 22492.7281412061 54373.3824359354 11394.1815034036
5018.74658030619 3534.43324830524 4986.33647019703 4148.38219255531 3832.57646209843 4046.32354372011 2053.63897131823 3282.03998324001 4461.77034008262
20820.2204153133 21447.9756623869 18268.1599073253 20309.9253552565 20923.6014811074 27587.771145893 19192.1796059768 21756.0225175723 11120.4676259924
334.305185774527 350.564820569538 345.073874031479 442.156916027023 472.61503171898 445.573687021007 304.935218258732 396.589022259986 283.663100290682
14216.0313711499 21212.9427813488 97501.3391601827 16651.6088713824 15741.7359909923 21310.8113177859 12306.6909096376 16909.3552082975 48849.9617349298
6766.57884346427 7226.59086256401 5262.13088916425 9568.59890252284 8170.37542461796 6222.63655332809 4148.6098772311 6864.53338431694 4721.66656839319
1136.21023966423 746.160977729082 1292.52303620018 1685.64573863898 1337.57381120496 958.928854518279 1290.42008494843 864.394773560072 871.828791084445
1482.80043339571 1745.40572310753 1807.53391974733 1598.40794904585 1826.31202605018 2762.94440651735 2462.9138423075 1577.85964521205 852.207270087112
988.569536017569 1029.59317623893 867.414905703626 817.202826933076 744.222060979215 1032.11631217317 649.763158532879 957.88645953069 571.550180720104
13116.8764152217 13722.5673269001 13542.4798502453 12604.0406742806 0 20477.5445337877 12644.5171476348 11565.1422565948 3113.71671970375
5588.92240698618 5244.8745987519 4821.84479553526 4671.5280024986 5926.40119805399 4176.27256584303 2281.86012924654 5142.01305337545 3611.81823958485
6519.76826866199 3900.10881751428 5965.5539624881 4718.83274019146 4287.23257794694 5270.5152188689 2629.15230567177 2523.75802294862 5417.6421963233
1427.69738004153 1212.24455531812 1044.50504378853 1128.74648654073 1213.21816480723 1467.18491876386 851.618374569758 1143.78915023734 795.923063024457
684.306769622468 666.150207765558 587.515523865489 678.559533187858 820.373423011013 637.411596324336 461.623273761497 702.903794805635 435.693057946433
2661.01104448177 2627.88525978116 2858.46252407353 2486.88781217276 1753.40944139523 2129.98214345957 1357.31093686561 2375.11148036813 2227.21801953882
1409.29677850725 1506.55547475286 685.361038661485 2280.86027270629 1974.20702671571 2132.37542145742 1264.11570239656 1126.73638679672 1098.76732332445
16090.5459343187 10406.8634360587 8353.37824561687 12966.4979073568 15439.7149020806 15214.2687499291 9190.13798617366 8629.76163797702 12524.2510539473
5949.63231515949 2973.45670025226 4401.38472024474 7134.3666749996 6719.80430103215 5018.75123879185 5366.40130324848 3594.11863493961 4604.89416170894
13210.3667733398 10794.1885550139 8401.41279152837 11383.5091626265 12114.3526956864 11299.2588865026 11181.6398388994 7342.94895293808 12720.1589243693
17438.8149510776 21725.5213297677 247322.173535283 19056.3107775821 14250.7388930285 12953.5387293486 14541.5625692802 12950.2634016087 13599.1259466914
2135.06229940154 1890.97320224023 1675.65522629109 1765.96997016898 1840.64385207653 2135.1999037571 1459.30117749405 1846.85464151405 1256.73602782415
10308.0849246492 12371.6905280404 8816.3213189108 10805.2187569242 9409.81200506652 12609.461110514 8240.09189715913 10305.7076192178 6605.9252477377
2105.62965751375 1494.81184504649 894.666704793917 1800.76876303056 2176.96262877594 2005.54840148811 1290.71407715836 1244.05985067766 1570.6663785075
1314.10945350932 791.751127563707 937.672466631487 1312.85153831793 1030.16807117194 1425.11321818447 786.703758427098 842.417706343649 822.447091104304
16924.5934596665 8152.79548930494 36463.5226991529 15796.3311272741 17841.4864900721 19111.4401236063 70485.089809629 21418.1126336397 13909.5976937303
2116.37448874294 1751.77510920699 1717.42606378325 2538.0192010862 2456.42780075761 2037.8532474379 1222.17049912432 2099.86082666691 1763.08679401012
19874.158561136 22451.4698222964 11262.0278308999 14047.9730391646 13619.8897941934 11883.874034411 33322.1034128228 18889.6090012701 21348.8982124403
272.904383847711 452.412501541932 475.493806446273 595.283008191677 337.912794337166 634.163226632353 213.001185972305 384.216903897401 151.481187979312
40466.67695752 27930.5390552663 30185.379672396 37626.7342349525 36861.7647477113 38427.7982713078 25807.0422181156 21046.8846828845 33617.4435252701
569.392594520158 595.130442157726 411.665046153427 667.587263209206 426.097853419304 492.359154582441 427.781504321831 311.429181879165 436.079843990694
30447.7669846191 7685.58944472228 146862.760856012 8757.44780694188 3627.9723185512 3163.38250521835 5077.57787363914 2849.82123963537 9350.23009141205
43425.6246076673 54091.661004673 41843.1692469302 52322.6702777575 44963.3254470961 61835.4428280834 47002.587528772 48485.7498339256 36825.8308220234
469.749935572646 446.498728426576 439.255603574629 550.97747032262 542.424084907447 477.384387107541 288.217404231531 476.705149021652 458.796577463725
1119.06298578726 735.919914244684 962.843769369796 1283.21782107072 1019.96181636215 1070.57160607504 974.798222479227 753.646671547848 733.506509632859
598.681669540019 760.295780936518 661.746174310036 804.279711003309 503.012772454405 753.835705375435 532.045541188345 593.231934095692 478.344477997092
7905.46990195456 7868.62145843692 6195.79708234035 8706.6062158436 7697.39541677136 9176.06401436209 6384.5083324638 8639.3201318777 5722.85288362847
10708.7785685212 7712.06665058372 11332.6045275463 7590.92973817951 6218.16748981212 9105.77845323545 4596.87716619707 5943.62901633833 8636.74521882162
17020.9139300133 17783.4649156241 13382.5685454988 15170.2957800777 20918.2048801413 20111.5973716424 16808.2091830441 18045.89634028 9655.73326709485
6731.56086169837 6866.75676064668 4942.05461014289 7313.53273367473 6757.08692982621 6995.97121677916 5449.0609305876 7550.68570719544 4753.63889569782
9579.3671132452 9646.68165730983 8238.294543169 10015.3157151721 10062.651881592 10557.0011332079 7006.89951245741 9939.88018249951 7113.59462395977
462.512592369215 197.400267832615 195.602792794635 446.743984670715 348.39901351429 507.636313507965 259.823973323597 255.267326202447 255.558177290752
14377.0607571235 15373.1021043951 13802.7126407122 17063.2534740091 15382.6212749539 16950.3464168981 11336.3167538601 16357.4525094979 12054.1756723491
12650.2618451064 8870.56137666346 10853.7707755977 9824.04578650624 9120.47965052444 12677.7359366953 7753.68080308477 8021.9544622202 8445.78226143597
5754.39533994624 5835.6307706909 4767.34958395789 7551.28888226731 4520.01718132781 4676.03586655643 3418.86354070718 3908.0416412497 4230.75032321687
745.728076391143 5707.92275715557 2624.2188270197 212201.86383934 157.339686820386 1368.93623450536 18989.3738512316 311.688056947153 452.407724589655
1143.79382452052 605.803456628755 1041.12179526353 1622.43270220739 1331.52119404413 935.673975887726 869.182891509718 899.378223304518 861.254484959488
17237.9556554589 14409.3384402595 16186.9728340623 17342.7647478225 31905.5366608353 14037.1057008868 7173.79675619747 11521.291388912 16871.8937535636
8786.66393778923 5249.98882475177 8915.45063420824 6026.67739167886 5246.24012805432 7686.58252932269 4734.85113103084 3191.28436179262 6819.91616075332
911.285884519073 963.500137836017 613.002929781119 1050.47895704046 1020.26992202751 1007.45884961203 967.714328109974 980.109549664427 545.179588665318
1435.19870454018 0 660.771551540114 0 0 402.369791423438 912.084283744718 0 0
2693.06894702771 2494.34933634174 1400.50684765785 2581.19251348939 2892.14744173103 3077.48943144576 2118.04490759681 1741.66045395803 2241.2658818453
197.893135314397 155.748464650177 86.2788127552469 170.153493767747 193.741324064592 206.962357965951 140.096312245489 84.6417822385891 183.99088672239
4808.05460250187 3064.29173311058 4453.27509357705 3963.89685769396 3466.38009588447 5368.58803482125 2477.95792384578 2633.19639793446 3140.01876215686
5163.78247114133 5580.45978964226 5092.89185430201 4348.42838011944 6046.0161367929 6989.32537337899 4397.14219933074 4604.8019805439 3169.86686073578
2706.43918205503 2556.80280907533 1846.64104504226 1681.81091277351 3933.59255607235 1623.64342229164 875.978316471926 3411.83471029893 1238.07435913798
4976.33632881596 5924.0061298437 6911.5009542372 4024.52232972045 5771.42389254478 9529.21881487526 7359.7539543217 3958.46072787147 2299.36021379738
15024.5956639878 14468.4359103694 11995.3323506411 15006.2012198513 14394.3051945389 16557.7412982682 11637.3062627425 15417.3787710947 10036.8484467105
255.234134230063 254.873632158546 243.223704406199 326.913436137682 283.000091449532 250.963772819493 174.333985514457 250.892365007626 283.510290733929
7409.84677327401 3031.47474896801 3028.09743226429 4875.60131028468 6736.24273990062 4094.01526060038 26260.439907032 2306.05983573936 5980.27725771385
4626.925081661 4419.10493353328 3929.79158464656 4465.5535608404 5300.97346027972 4246.84065601377 2635.72759222403 4787.25301445799 3012.88145379442
2857.88926547055 5607.64012149825 121920.833073463 15254.6593055268 3108.83734069232 3316.30561926598 3589.95081771427 21621.799060393 14664.4165602583
7421.05022912468 6242.23284172051 7978.07016792309 9655.72154311649 8784.23576773204 9090.05567962147 9732.0463370842 6350.60311813853 5204.88994235263
40378.5201231021 795.249560617919 311.907665476119 1076.02990070511 1132.1299287877 951.006900847307 1776.08355676407 598.712201031562 99429.8771639912
489.554986031383 330.017162926004 501.971678401648 653.398217508889 542.3077213544 411.769606480737 517.514842123397 364.175402364428 357.493076885775
355.755968398776 374.926315173071 314.587457614999 412.743250340143 360.386779289928 460.691199548197 322.501799272624 314.583463536945 313.149133482165
103766.317043592 8745.53242966956 9653.42126601899 2500129.41256915 17844.4414385398 11319.5592977294 6368.11403307858 85546.4082245266 6087.08873991217
11741.646959517 14140.1513162133 9397.58698499381 12223.3390484533 9403.23867151877 14239.6361482362 9895.67812365325 12162.6735924515 7410.00623800379
5163.27373756556 4217.07280388629 3850.05027927605 8772.37408214173 4675.3383949286 9677.53302052392 13310.8594793415 7265.3194218531 3872.57802425138
452.714209144722 262.988780798138 305.900226704128 431.952053222327 417.023424819992 434.951891989227 259.088207450995 298.944813540924 335.878967131812
462.129106852135 479.635423077407 466.714427201831 441.984599609648 338.077050957214 536.945599602379 281.146945726532 408.194463547585 244.273236909174
1349.51027367152 1226.75897628908 1086.49242481151 1193.21726383038 1588.54549400474 1143.04684548316 777.487703473891 1323.99679636051 911.213951794885
13381.5014519512 12967.5932916102 12008.4401697217 14079.25645801 11073.4215353604 12801.9820945593 10222.3765248411 10237.1279799165 11023.1763819355
17540.9717496669 4061.73363828886 32983.7583327244 1222.95127395624 1100.77540917104 2373.08441838824 1321.36694507458 1789.57665637679 1761.53793778657
4852.06497196244 0 0 4941.9043848151 3814.88514661639 3157.30177803895 2948.72527323942 0 3132.76718978199
2231.68651376889 2133.25039760816 1773.18516567185 2000.23173966917 2523.71304944791 2680.88969293034 1903.7253206482 2155.8426833241 1376.27698881347
2350.84524386308 1747.56000014144 1666.96138487666 2290.5873038366 1838.45347630688 1820.66713786126 992.795084502314 949.7118275046 1899.77584898071
27617.199404797 13161.6449861765 25223.2663774983 20169.7650849589 18793.4085259831 26833.9600737858 11960.5093807136 9068.99120376269 20532.4826479238
1737.28807250327 2303.39674698197 717.439829046519 4657.00979018808 3592.71674131843 4026.13892223878 1893.16403150164 2155.54973650981 883.207505617605
2030.18700203097 1519.8217729969 1745.48809511945 2168.5255673453 2078.02050467673 1681.43801906061 669.469393899486 1591.05455145677 1898.17532215098
3667.408574578 4059.81309590206 3794.53562982816 3356.81988213125 4481.26920466347 4503.80289421421 2855.06320047812 3503.73585568229 2461.28014806706
4672.09416121625 4712.83164484383 3264.4664600777 2415.63056898823 7442.29888051941 2401.70280230288 1136.03991146896 6375.6640157197 1759.78669342226
8676.71903002577 5132.41391788145 6110.64412481131 8155.68916172788 8075.04749851885 8410.5638991445 4018.515967174 5840.67067606227 6167.48932149562
2161.46983265995 1810.91100307388 2281.29056470359 3464.52835687335 3130.04079437913 4083.41848494432 1517.92844348038 1865.35608755429 1188.46766990564
1991.34606895751 1117.50377684839 1622.78298219859 1671.17165817867 1257.41885165953 2004.23850291654 1203.74860303583 972.129402923828 1242.46283729951
38052.2412074542 18693.983729056 36574.0199427265 53704.9655782812 44467.1131416087 30520.3359903505 40867.1820590072 26737.277684269 27656.3894266968
66198.5989020799 62046.6395554917 45292.7184054838 66271.1598733591 59811.1010264232 70180.2298697945 46533.2938759863 65105.8109273309 40311.8035162686
1163.35414639144 1003.54025358611 1016.18657292422 1109.35830676896 1267.26264235037 1482.86273171934 1055.40111274626 869.760510127353 647.662250255991
6669.72607909583 7374.85165154219 5169.87864576861 6070.2352306498 5194.65341753599 8015.75997213372 5546.916973039 6332.06862723 4682.81418467992
0 0 245.39117428583 0 0 0 0 0 0
2576.13716707359 2454.10443096266 1695.54472954924 2262.57212949189 2091.92641193703 2879.00314478566 2061.69754184327 2281.35186858359 1256.28398471253
1970.11303835894 1884.00570511715 1388.04032938245 1738.39345818354 1659.12240045126 2170.7968682968 1437.70691184131 1734.49639336791 1032.35736246137
3953.1805316042 3446.68477260647 3079.32931213492 4481.6607670553 4471.39375202657 3828.27930106274 2254.10753963583 4031.23227889761 2943.8551556289
1722.62482083909 1607.91286491463 1229.29413759011 1846.56860954183 1704.07911173555 1815.3076899659 1180.22498925957 1687.14900378053 1097.23247442854
3590.37072345736 3312.97077746132 2666.01865390638 3933.16067815349 3858.11962819279 3816.1883814545 2346.54096162139 3553.13878522109 2494.49140260595
50099.442059648 52090.5714223815 42145.9074825677 57896.0149309305 35944.5290164062 57251.4032428006 37059.2186074606 55489.6679708289 36564.275690323
10382.8066529216 21069.7244974227 25068.4761612373 15616.0565883375 13402.2480211582 22131.5667608278 14854.93967403 21189.7957451655 21031.5020662116
5680.56175872268 6760.28511864553 3568.55498986137 11599.1946954452 9349.33158943582 9857.74240876151 5986.53607164192 6494.17809924844 4192.20693644802
9003.12496564625 10353.6967263146 6653.90647938558 11383.191366789 6169.11201617368 6257.05121820233 4697.1041150534 5766.98214965262 6634.86195377442
1223.28410034452 1249.61167713283 637.862663453762 2060.21497285523 1765.69540297334 1996.37903369613 1129.61179766041 985.083208199456 893.130688690107
12471.9133694149 14068.2029241232 10791.6267827768 15478.6290460585 13120.17244148 15712.8415574546 14393.5700416014 13437.1031387708 7899.84330360141
0 0 26.2948105338758 0 0 281.566519129389 0 372.3799614796 361.357280361868
880.26532469726 736.972311851736 429.606504373849 905.828483789614 948.887454854106 1030.99285158102 667.935277531698 516.296295925691 735.82685237161
367.964521678947 397.454406356346 245.919713587856 421.27593772685 430.360833859197 379.928639463044 367.90664382151 407.923101448791 230.957384033101
2813.34180340012 3431.92183913133 3840.50122487125 4355.27748664524 2724.1794569292 4132.69564058807 2205.90941316531 3098.22560104288 2212.52352335847
3399.70531593033 4468.94964745031 4362.17542961934 4824.45026203248 3556.19460265749 6214.23283780151 2847.39436132907 3429.80205123289 2342.04751425582
1690.30122808892 1542.9499890727 1713.54618581861 2391.76771585462 2330.77868160055 1616.68466808203 949.675581584399 2023.3925935221 1767.56230053491
3696.90407870441 43594.7430958064 3539.05947753091 4653.60813846744 4487.38277920174 4679.2374540947 6228.25646964316 16897.281372535 4121.33557130102
1673.21558444048 1868.60883169141 1740.47811522656 2065.07395001208 2009.66752915752 2283.8678000137 1858.97494800656 1897.81294409674 1509.41593796274
265.58833029397 260.278832289942 199.560600701448 189.88630102275 370.269537961612 187.356976070977 125.47299318099 325.730664735206 139.137832691922
315.691106289325 306.468450036448 244.521299945027 204.787303870774 242.148108167897 208.877144611862 282.758595185276 228.603526487802 314.521026401934
1098.61273267749 2244.38208181631 1888.51355070082 0 0 1452.48896083179 0 1675.14380413271 0
0 0 0 2192.39048543055 671.737974490724 0 1087.32132128401 1675.82240870516 1639.43516982084
7537.76466424167 11855.1810696736 4382.35730095685 21029.3751108635 15740.0724469643 17509.7219865933 9540.71022609887 11152.8893750217 5138.48758978363
1046.45468279101 1434.42343197783 570.727272031904 2742.59084966127 2097.51642215079 2374.10068622173 1149.08470813167 1357.89739519058 583.803282345687
3614.6071797597 3920.09250272736 4065.74549266534 3842.47012150917 4241.00113843784 6252.9917546323 5729.60645802663 3790.34218733935 2094.59305854516
1706986.06732901 31476.062044057 4247.72440251961 6600.62929487126 844.008519944567 434.338024362423 243.024619020772 2506.59205354388 2221.70657258715
572.881024358291 627.212052572676 476.304699567213 607.443220738557 474.478885995686 656.322492510035 429.07058998395 491.499870453598 436.493025671218
14863.3791353164 18300.3845219981 12986.8766019786 20837.7354423058 15729.7042496166 19971.9065803366 14378.8176056084 2244820.68999627 9814.21047802789
1680.63284700639 18410.6485017099 2301.99213554179 1562.13361447667 4695.02691918465 1646.75905233379 6243.36284890961 2182.70773734224 793.161187264314
2719.27100251265 2210.77995930771 1965.27560624969 2687.26049889915 2668.08015132001 2730.41746708739 2143.49073412493 2226.04989477275 2104.81224058492
726.231801193765 497.294629712407 616.472193147169 560.2745545721 616.296785586595 818.830546613174 400.76059933123 374.861068761617 481.539490128838
12175.8974549402 10228.0660899918 8454.29447430428 9239.81701025634 10266.9271113349 11115.1644356953 7833.76051845599 10746.8817501211 6385.59859132115
1311.61789264248 44716.4629673851 18442.8529209774 2030.87294723538 401.541103037253 8729.41213506101 177463.60525723 367.669897351383 475.030509765144
79686.0214750608 22932.543357982 12148.302982585 5097.69991626467 5367.81206914794 5799.64055817777 3724.75383880642 1390.42813182099 47135.8181882815
802.209612101597 986.150923241814 809.239065721084 899.965610964531 669.032516114937 1019.41259630773 643.843938131545 769.233216338369 676.231750492959
1110.29856565974 950.439638562601 832.042370477807 1269.18916043054 1073.97818973785 1111.75906822538 894.141951397142 793.084879760617 859.288876900185
1649.76563849264 1441.73601524304 1457.04437713562 1950.46629517288 1809.77835565601 2365.68037962077 1684.57308685392 1619.55626780287 1120.72712940738
596.26026285178 854.590790540822 656.660495013788 869.38147544734 558.691119078267 825.965000752929 521.034041530208 660.510901814601 548.557222369811
0 0 503.485400254109 0 0 0 319.188876005777 0 416.642892010967
