413.007024693077 403.176299802463 303.681467048307 614.220805476042 302.110033899567 566.315656239522 707.766723133598 460.083070773572 316.286318477431
12564.6448372131 967.878680136122 796.149444499358 23178.1029977832 2596.27617989773 685.33109491241 48612.5979680252 2089.37155451591 497.439850850136
12930.4082737786 7392.75853913103 7211.22121578952 70951.6638068512 6776.54514449782 9132.07561490005 6454.83881944971 25279.5503438421 8068.45260318138
1466.30624121434 849.566335076455 1528.52156060159 932.417877321089 745.98045532404 1426.83130464017 790.538260694689 458.652050892497 1051.33975304253
29195.232122024 30032.5180471518 24397.6870638335 37745.9069400821 24884.9801501881 23681.0273464143 15066.4160295891 20826.0493051752 21766.6363513937
2525.06729303297 2601.24406978475 2566.94421942403 2718.73935984626 2712.44707381585 3810.63247043148 3341.62345206385 2369.32393359827 1707.35513550652
15027.4055473849 10628.2231731252 17316.1707297309 14199.3353552221 10170.0911161712 12997.913780494 7074.2423555043 10715.9185302697 11668.5739272305
1226.99555794767 993.564102663074 1249.61621218122 1664.93241659936 1395.99701940774 1217.32954963422 1341.86904904942 971.612512357113 933.48525206553
10676.9156818805 9728.99526820143 12117.1026219517 13253.4125863967 11668.902030992 11903.5236926187 11418.4743090889 8906.77483731852 9553.78645024246
20518.7931055375 25635.0876946454 20814.7324925715 22237.6409690289 15391.7011988401 15258.4270347832 15475.0117985427 21283.6909929589 19388.2415454305
11383.4891627626 8795.30547025068 9719.24023717619 7930.72370217508 10602.5629191968 13602.4901012799 7348.50572400502 6722.31326553902 6114.9144016896
2773.14129916041 3579.2273532535 891.653029209483 3438.61549053477 1690.23570743676 2134.02677817909 1989.56759612806 603.88904526295 1807.09808499288
6224.48173846035 7183.99206780793 5297.10501998333 7096.79206344248 7712.21587383798 8994.90298078097 4845.55540041422 0 5282.36414535997
2727.25602580132 2719.22244798686 2037.39176001622 2000.01939042489 3790.54170613821 2070.49317752296 1339.54960787525 3259.34620456203 1404.20859305167
550.787474924198 459.215912623292 372.891632471477 510.868051360918 595.704551964489 513.457809020619 362.415631444049 528.668343780578 310.02643496329
3684.41185436304 4850.92270498021 3069.31688338659 4888.06569481396 3691.5621813212 5245.23585448637 3601.65373988445 3267.66322247069 3160.79912743008
10701.3444539585 8445.67675680098 8617.9008186107 11028.7284728901 10086.0028667616 12172.8174439065 7199.51992873888 6078.4144985887 9169.261620004
15606.086081755 17177.7379439651 19703.4525018946 16354.4136202544 17197.8251915483 23651.6576947604 13087.0778495787 16226.4195419961 12851.6477819589
16625.2110149196 12231.8980476771 16878.4047968261 11580.4161763048 10093.1331342341 16995.0228413425 10280.3889619409 8791.39357615728 11396.4705515039
1125.34679152506 640.212453817823 1248.52108188168 783.04076480195 713.49239949157 1358.4825073049 642.052921363059 329.078515771194 739.623581335257
13755.0894597954 12004.3970849893 10483.2333364723 24485.2985510149 18215.0548709939 19684.2977485684 10205.40941249 11778.6205635474 9154.18870144301
4029.65238588674 1783.81013841459 3080.12664534808 2891.53731257749 3397.31237012439 3035.58395922967 726.930741010466 1483.70384142866 3698.237426811
0 1060.62238492513 1158.98851309111 0 0 0 1048.13798210991 1061.95982338568 993.492346587087
1146.06554512177 1349.13725900439 1135.06832018726 698.375073550248 807.147588826175 571.05194029099 1183.58658923956 1030.08906131199 1482.23879478054
1959.9155811223 17286.8858800924 10793.9833676236 1145.58670027425 181881.599176555 6007.47371375589 1842.42149114022 2449.12906947274 2138.00139441451
8950.9901150343 10264.4256719888 15314.25249136 146144.161894537 6082.15107674913 12031.7888096038 5975.79441904087 6979.70862979182 4966.38135681547
11868.78497754 29503.1109325647 9629.04127075525 33418.9464473786 8141.44849561384 17122.0536102676 7021.47223356682 128942.904272796 3625.63578955149
227.105242058233 222.826710506515 195.480330586342 210.601264626327 270.310952287854 207.928592172428 149.853615509685 234.691306977464 157.240993953243
1117.67073189138 0 0 2268.54424097035 1909.61175362561 1841.74126196313 1124.80931503145 1383.35512426835 1386.96976506837
4723.72992597404 5229.27851298054 4810.30999970519 6278.99705688885 4380.99166012284 7959.25601365702 6972.80371991955 5348.3494654652 3558.43769201832
542.724519737279 8369.11894426441 9235.85749465485 0 0 8415.00810530603 9903.77337028877 0 2996.99764875751
543.154264581652 516.89388207918 536.201865137718 722.242417772919 694.968748112498 536.004865883715 359.055503116294 593.241828170907 599.976879574078
15628.1832309868 18928.318730635 14172.353226857 16226.3190454481 12717.1561687134 18991.8761872551 11938.9020194694 16548.4273463398 11399.0484267863
35276.5445214456 22967.0756492345 21907.6637521818 36514.4031067515 34935.9154521857 38009.4165180009 21167.9729947402 18007.5254291434 28543.131928139
1978.79579681358 1805.18368009072 1709.80986856094 2245.39064787097 1932.97263674866 2420.347786154 2128.00115924235 1723.07879979336 1371.94909058456
1170.68606267748 1173.01387885279 1054.97752281991 1308.83604064593 1143.39013900867 1532.59137416679 1210.73309461193 1111.6480527427 792.661651143941
0 378.177686773015 0 392.318309747578 273.108201626178 344.5571532063 231.297627377163 0 203.312507521883
4522.94453477694 3079.71438850094 5158.87919243634 7282.08464389503 5702.57191705442 3745.29868553424 1899.28998895576 4914.91799709236 3335.37319857025
23021.8783953392 10758.4517774654 15827.101831652 17975.9203281486 20759.1251121018 21649.8266323671 8663.37388754243 10969.6858855382 18433.2721965663
2081.04397546464 2950.64616407897 3220.48973147047 1417.62302517009 2922.2111201315 4511.28520006631 3321.39232742395 1863.89854690285 709.750075461607
7007.827383222 5037.94458324494 6382.83714741521 8492.60585198846 7038.87191574905 6146.24258911743 6085.24267568619 4847.81152392162 5532.58655048365
1965.66516007703 1639.84429094193 2008.87505940788 2756.33940401123 2141.35175875077 2026.88124377303 1977.17900377381 1493.74690664666 1577.52521369913
4912.13444286595 4411.84078486524 4105.26669779067 5710.5009259463 5294.79942681002 6460.64867607522 5333.98965017022 4414.50869521036 3869.93639486212
550.99442276144 7983.83592649948 577040.033759805 271.500355156977 581.281561275129 455.898775701787 439.173372582267 11425.6614377959 284.263660730258
2914.70850924927 3193.18528402331 2526.39179035011 3877.17161848965 3240.04963241775 3023.86920809447 2949.77870791386 2792.23529826791 2745.49552877695
519.298986681412 671.445194166134 241.567802118776 1344.82975487587 1039.29238117331 1180.48564903292 535.682760631254 644.082666121499 293.343183376616
2898.65346156883 2754.64035940482 2297.33228632034 2357.24932130113 3633.77785303384 2638.62140684711 1900.2438442792 3133.35832464118 1622.92196488083
8910.94584176205 9119.86601147186 6237.63322702366 9745.22714813084 6036.11645485065 6928.37401539768 5093.95634064754 4530.28784217144 6520.53467181101
22625.686542648 16832.859069307 16928.7571006112 22259.9348973596 20327.3039423346 20770.7689044118 17267.7678427516 12360.5910844488 19408.3287434791
13978.7108417787 14836.7095830088 9872.85685725963 23927.2876719417 18636.1719924903 18118.6869453203 11445.2272829969 13521.9691272537 11436.3695736144
614.305983119542 623.369657175883 354.798655935744 887.940086023289 768.518794900937 863.147570657053 466.471716887568 475.041408334477 510.333393573413
479.375276284404 412.02001489776 375.002630854143 571.778189594212 527.283467565327 493.987993948041 456.036733546046 470.452054642528 379.428613547574
1886.36622257763 2717.14607996318 0 0 0 0 1907.5921648139 2341.51103258243 1393.2747695924
973.780174828164 790.582881207823 839.466692700126 1161.34476202582 960.494711437559 1227.5384870189 689.717528468067 649.987794145047 673.86167925755
302.50012892826 293.76667772975 244.329308944618 468.158324762116 289.866153403249 258.847080392221 216.183971677192 208.521615593532 221.444896989745
1475.56018973606 305.908409741418 732.370822852913 1315.88379491734 1507.44929621649 1292.79851840423 510.332578124985 863.988360733201 1068.96775554326
12950.6225577767 11443.8648192037 10886.6934937378 11359.7392014609 9220.26892936539 9054.76093494818 3761.10297460254 8731.42505068672 11170.6499602199
3515.24578761404 3769.24783184419 4069.21452931589 3201.86090726379 2235.92609440793 2934.45529578629 1687.2288871214 3469.37886490995 2874.21156253259
5058.95032662368 4263.48436748534 0 0 0 0 2050.99760107853 2171.75174413406 8307.60294494213
12361.488853423 14144.40416885 15230.5034299209 12973.0336224094 7941.94813758248 8214.05055364251 3785.49800118802 14540.2345205872 10918.2190130358
29139.955164716 15145.765434113 31290.1734229107 16526.3493976335 12274.1227015141 28287.0425225344 15437.211598507 6247.46773613094 19605.2489854459
8120.04335138529 1581.09154716321 3629.64433972927 6823.69822417975 7291.77171636412 7280.29872041087 2972.83705756154 4147.29868427219 5325.81026000779
143472.318350394 13204.1080931351 25656.8907561151 174677.121666274 32020.6843255157 25476.2252115294 3734.59261834954 14051.2693524797 34153.260652662
5304.38778967094 6310.47966363724 6622.04080975509 5248.5560409323 3425.58349766906 3675.32122706532 2265.80120902756 6273.39866491108 4771.40787116742
78569.5012322628 45753.3655770974 66215.2365126656 79634.5592030473 80422.863169629 106529.713611349 48268.0684223581 50480.5026962649 55304.8815600863
42642.2738539149 37426.7560847948 52851.7073454546 35449.3252567409 30504.3341248381 50994.0027574235 26806.5028881279 36599.7007027709 40478.8221149535
1781.42712781273 897.532705576546 1404.5200889191 2144.84297358229 1858.2031508834 1682.36108806102 1026.95239989291 1433.76128790003 1298.07931400302
8149.44090690694 5437.82140233353 8365.63551206237 5959.48513516924 4970.20888927325 7001.53355834798 3454.37729526342 5059.40301317953 6333.62122352396
9295.6610710334 11392.3715781641 9277.52356588889 10534.568669971 20418.3173051718 41746.614313984 10665.7133903471 8167.00570477911 372698.109548774
0 22.5158043045756 0 1187.54963772518 0 0 814.745205577372 940.696274431177 0
5508.70695180733 5836.9298975112 4659.03076200742 3019.81251988629 4880.0062413643 3678.35474453007 4910.59176448787 5213.68055902208 5238.25252529328
7512.62975770773 10577.5996824689 376942.799932063 15657.417404539 7743.42462485589 11820.6949031586 5248.97958616167 2888.26598345865 6827.1607987025
7834.79643337218 7400.72067829577 8102.55091346793 8288.81892547885 6553.59846684901 7624.41451395212 5418.77067983425 6807.1828937103 7280.82572290134
1404.98467403877 1415.66472708302 1252.78019912621 1094.9237249118 1319.92537894777 1777.63293437346 1378.92685806081 1321.84881477624 841.548472959755
47579.1907018506 31042.1495045257 42029.483965768 39208.5796052423 34565.061375418 48549.6537803928 22386.9631273541 25374.8158145082 36408.5611161282
3281.78055347186 4788.80422537661 5135.44530159067 4214.0795195272 3215.14615158125 4608.94378503778 3463.21272429459 5213.28378975123 4757.03067465876
11940.0317554476 107361.46242538 5932.74819139296 21128.0138479606 4529.54084977327 6574.15425656858 3864.39304645024 5800.2506015803 34395.3149164263
6616.8265034194 7497.29933335892 7445.18589581479 6735.52410402993 8346.74190571767 11615.433327173 10732.171895268 7203.01023379636 3547.50918317846
16950.2317051047 22285.2451426011 29459.4585667165 18372.1815240716 12084.6805085158 12790.925844781 11712.5908794543 12144.6722879962 9635.43922781303
15576.9647126896 17984.6138037584 5083.78366406796 19055.3301521304 10273.7529116425 12364.995672033 11426.3659493719 2688.01520146493 10008.6526798661
10221.7643532693 12916.6103124947 5119.24552994829 11399.5211356064 7645.81136808886 9982.9481423535 8684.61991161206 2381.10962844488 5941.58957842315
2949.46078033234 3266.09282852517 2721.48202274811 1253.22920447186 1982.92349938218 1612.45397942385 3170.35241054244 2099.54902150476 3309.50531709786
8362.69176668751 9601.40700222635 2541.63364030566 10021.8236370491 5270.65959180643 6185.75129026217 5433.75855592462 966.070470985775 5387.97103631296
45716.3967413416 45292.3887135225 34881.9970625405 48748.923054005 42386.5226967415 52501.2394150886 34691.0551806001 47232.6018492122 30526.1017069497
140054.320255921 5513.44247912387 185165.077466352 4969.9272977113 2815.4441094533 3139.01984951133 2439.49294141896 5897.72451305792 3506.99457922913
2598.92253843365 2816.60179261558 3012.48313189479 3302.40900636047 2919.52459606345 4628.73447667786 4786.21795318254 2811.04518225065 1622.47031655148
4700.04500977176 5019.52402149709 4254.74687178725 4662.56167052089 4606.387253349 6114.42144714762 3971.4835952795 3546.60969722897 4807.01472758554
30316.3670888085 39948.1846517902 38827.1433850382 42116.0800326942 34322.9062921359 49591.6347496921 24820.7962068836 37738.2284021516 26127.9209641124
25961.7280019026 26321.8788141054 21112.0155941398 22517.2531890467 27947.1983047641 25974.4900809321 16611.0170264052 27989.9905199941 15724.7140475815
6307.38839044468 4710.71557860154 3726.08270794688 6095.91540468838 5632.27617516209 6527.18501891995 4138.19105846924 5373.92139205202 3976.74813296959
8987.18868898067 12670.9611396695 2677.55536288721 15301.5563690535 0 15896.1022501628 0 397.771347034468 9335.23902370244
3350.14105631019 3159.04690433489 2960.78266307459 3251.13958046997 2565.67872242457 1939.89020562617 3021.8139773102 2344.96958511924 3112.24113004102
33023.5674698471 35660.3447721647 31864.4474545289 33268.4911094042 33944.2536327692 43908.5055102265 35947.8464415769 33352.9808091928 21761.5538047861
24859.2002244836 17768.2887418911 22465.8713933578 17542.5323272817 23228.2160151243 21600.0967189807 11769.5331928035 17651.3063180381 15409.3515805174
56491.5568857019 58208.4600600871 43052.2691207048 56227.0281330914 48294.4561198964 59882.9850469799 43649.8954882561 60655.8430625329 42599.3751934043
22829.9470450104 19722.5156503272 15945.7871215988 19665.7314867721 19514.9471142241 23258.5153886616 14785.9825163612 21202.5962083471 13049.9508774234
10362.2628786891 10017.0980254119 7389.73864360767 9032.25888132948 7860.38472402504 10992.9195376634 7181.82096183586 9961.5098074934 5996.90368589135
23232.5101272121 26254.3246886342 21638.7066754301 22458.4832955806 9940.77493471856 19959.2835917229 15124.9064767551 24445.3450857669 18453.4080847215
19885.0772988107 11878.1161605466 19021.3786094166 14220.3383710763 12917.9126327775 18909.1543387341 10357.3442358678 7491.7502748181 14475.1997467358
2464.18729832535 2519.47798045023 1693.99868831319 2203.29067337477 2049.23619204679 2894.09159031181 2234.07396790348 2333.72796220769 1539.94444964661
8926.69261413885 8056.20925810065 6807.49830697886 9339.15436135925 8936.03060573404 9094.71738178019 6049.03931746735 8531.72764429204 6312.14935859619
10880.0282428858 8303.18745718677 6381.78730929243 9053.64046445084 9149.19370465412 11131.3174390878 6858.01577552241 8946.8653308429 5443.1173569955
5661.45397615542 5365.81826743203 5489.03896453547 6421.35037105643 3527.63996850956 3756.23959447027 10927.4966232219 4547.61602723069 30622.0066378071
27983.4930832899 30098.1550216907 23955.6303636611 27724.8226902348 27871.7618890468 40268.6392546103 31090.7999075685 26058.9427283175 20066.925419237
12345.5787166511 11212.9625044071 10578.2067254897 15129.5512658709 13595.0879192295 14057.6615062237 6765.71265842499 13019.7569290812 8970.05006768095
4817.85295282347 3863.99094390208 4162.74957867021 4927.98144109146 5388.88137614155 4848.23505901259 2719.17054505815 4072.3726587887 3826.63993344109
695.327310495943 687.625822260005 665.169570768264 1143.59413845456 614.290890638406 1311.88939579607 1619.51824734807 983.151315357451 518.727883680443
11611.9622870256 13371.1166144378 13165.8420160553 10943.0991712264 15122.8290153175 20143.6662750418 18059.0146908329 12833.9910457446 5630.60564798535
9298.03676319486 11401.7797418562 9512.11895886082 6805.63460664116 24401.686078891 11137.0844269389 31456.4172545666 22004.0280420037 3629.92561219323
9471.31863046902 4826.75692732691 8154.04414953127 6724.99659951463 7296.84728743147 8136.91730278671 3275.72953571234 3545.82854893813 7793.65648899317
10770.6776130242 8303.05113774105 9526.54782962807 8368.3018735928 8175.65690394773 7960.06853319171 4387.9624537612 6379.59958767775 9640.85915344005
11294.5828431226 4747.95795626307 6295.63643676844 6072.64847745334 5682.42751144046 7847.63648507712 3435.01554213761 9164.16201555432 4555.35152159203
4715.50427983173 6623.32085695455 641612.317513934 1452.53967419125 23455.5333170387 2433.56885638647 120283.726546826 2763.50662645579 154842.20801721
7611.50355679381 8721.23568246681 8654.75639302853 16441.6049592098 8056.58874339529 10059.9689193656 22943.5581942038 10925.5044376754 7322.19298480628
2423.71208278372 3105.5795940035 1296.94208297939 4929.17048447806 3825.33105720707 3957.37991034944 2586.09930867331 2500.81426591252 1873.19061235227
474.927944459878 267.37158047793 297.921828180068 472.418636730841 436.308127679117 579.933501639982 292.003479332735 288.760081521433 280.395745261789
0 0 320.838083750617 0 0 0 191.819579870203 0 0
256.432888458496 423.082930826886 393.787101639213 432.748176824181 258.019940377358 425.318391895938 252.142426875878 365.161235719228 294.745797783344
604.602240528325 516.869917399129 527.70345657699 587.441245863481 616.901533188336 776.659149635879 434.490525896205 396.232685726424 372.444099785206
1921.70810727994 2106.74159555905 1392.6442025562 3594.43975254924 2875.54417270618 3075.86743957035 1685.77494794177 1980.86549227625 1314.1568994911
3197.6566636707 2221.07651562397 3558.97573732756 4994.59634077745 3793.56547100475 3117.71839093178 3580.72360577943 2490.53192123299 2259.54872738786
402.515482176722 451.938627265801 435.242393106992 531.384964025357 491.024829662842 472.831833401328 330.885691010293 485.343746168718 467.240530817132
5021.04421698322 6263.96558595872 4883.10260502664 4387.89402315154 3968.41009687255 3712.18756226458 4246.52209748333 5100.65712793419 5665.76709601108
9292.14067015043 7013.5695461713 10984.4026807617 16378.3468007695 10561.7718390476 10300.7086832406 4641.61765774116 9621.08814536523 6621.44544268859
7648.19459415728 24694.1010841405 5833.40574995146 25030.446572874 12991.857026844 9012.48067243932 18911.9977294756 7760.11060504272 13352.0312676808
0 5759.80905707659 6789.1137322325 7152.89588184712 10206.2097487218 8417.62390287883 0 162.477865536666 6894.06343412002
6704.46162300408 3080.91509165858 4021.19263611526 36951.0423263078 5902.97433674996 6745.73768788601 2151.70415892323 3832.61899067653 4771.04938251426
31034.6235759202 22855.0022561779 12212.5774273939 31056.5844774868 33048.35148897 33974.6563423348 24523.6285403743 11861.5361751272 28091.6075598976
432393.032544011 10853.0768793167 131.806715022963 1812.97568014479 145.859524578017 6686.51791079003 84476.9088735874 24685.9924240243 611.320135212246
7833.5487973173 11039.0754484027 6490.50351783002 8779.76418661026 4351.85081452482 5267.78755768652 4402.33480559192 6431.4417636738 6106.50441985314
12207.6389109722 9151.80216067216 9336.30621899054 11315.7770214033 10525.711448744 12903.269534098 7163.93747642744 9424.5247493838 8170.38529507425
11087.7621219925 14343.9659597981 9722.71967518155 13103.1156325101 8307.98515571623 8582.96410059465 7300.66999561557 10436.4145699498 9629.08720113709
16106.0123755709 17769.5391112249 11823.4666881727 19977.6303155734 14597.8620215603 13350.0717617731 12829.4532254575 12670.1497301666 13849.8154063807
9381.63105838731 6170.36444459864 7406.24592062379 7400.98808937715 6832.44162621041 6683.83847439205 2324.06549178528 4087.101746432 8141.43927677156
2483.9445514198 1374.10193938833 2248.98562336928 3209.12727342497 2771.40879732649 2114.83402275328 2397.38370678112 1755.28118511366 1856.99468489482
1568.90713978386 1348.98768175081 1607.33607507997 2324.50733978785 1699.7001837087 1491.75522304223 1043.47494524352 1578.29433882734 1310.36416812028
934.402269129154 1176.43697721207 1260.15954036442 1118.53905469854 947.227407787656 1290.58300347994 789.124645394824 1139.17472992295 929.792472824129
31604.6022150045 17322.192710851 34384.1443217934 47593.3724527143 37978.2967592757 24343.9414478824 38147.2797366836 22243.7193316774 23621.8322538028
10101.2816247011 1592.59504497509 1636.27657249482 3583.76637914541 1784.45021168439 3112.8489878855 5368.84469541309 3116.57156167724 885.400165982406
176980.107800775 6132.85340577997 637.89177534791 42696.3989266713 2538.24882518837 4226.31029164772 2677.08163888512 1944.42237831067 15150.5318895022
454.893498269458 0 0 0 0 0 352.838009846982 0 0
3378.25122132004 2275.94601994806 2741.83231395231 2984.19439116454 2469.17816053008 3222.7284228965 1662.85613058402 2912.76260267822 2465.06670945412
8416.38828821033 3049.01196799757 82001.4076213417 3895.13460717722 1724.38039302595 947.724113747775 136.212621919138 962988.177531384 278.319364583751
1047.35999517695 629.253211710618 828.256617021404 1412.54824330307 1065.92546425459 960.203172401492 492.965752575592 819.975895707392 774.4598728996
2962.40227832783 783.450739309329 1299.04032558977 2760.88914034965 2757.89296622863 3404.83665750642 1389.39404475467 1603.25945528768 1608.17313828755
5533.32893900249 7267.29037968517 3747.24922951444 11385.5874116001 8764.40339160451 9736.14916342975 5896.4136460436 6453.70370339722 4113.42104905371
21918.3608871386 24122.6952197151 28890.1754078273 27606.7684748667 22343.4952175277 31153.8499078447 0 24502.2595874746 21282.8190790704
6443.94522655278 4835.80322184075 3848.66033663578 7640.45119582227 7179.55917534093 6428.15879159627 3983.41466509394 6221.49538563341 4570.57813623611
7077.74901346012 4099.38573502715 5633.52364014043 7678.54092039944 0 2825.37353541774 0 2231.54863646018 2031.6253490494
9499.81160066066 11122.2979243511 14461.3375220643 11161.9949282402 10185.9108550768 18236.8300765313 7118.3114632937 11159.1648425668 6768.80472076388
38519.0561625613 18586.2630374805 38192.6662694295 23323.9196289485 21828.496867757 36478.6325239529 17330.764403477 10249.3185310583 28882.5417041972
11290.5536993038 5013.69921642177 11036.0806527028 6564.03833906713 6358.89111210174 10262.1162714076 4496.71537116077 2679.44261099285 8582.58272136581
7228.61078333668 8389.41932953961 3504.29223391008 9371.04301585898 8240.25717468809 8215.64765736737 9809.85247158607 9214.55134950916 4074.533037126
7793.29271594039 1756.35831618669 4086.81314435877 8409.86883067496 8335.39912543659 6866.45664475669 3422.54971097319 5699.64109406017 5231.00540660819
3329.05566450536 1569.27266253627 3881.37614429889 6213.88386609333 4285.97285733866 2816.81923695928 1169.2440452011 3701.38848981363 2628.88178514174
33834.3416898613 18507.316170658 37456.2951839409 10374.7119046035 4975.92873032363 34635.8905300965 19500.7208855545 8266.21544498291 23353.2240505174
0 4401.11243209645 2435.79896449942 7726.66881703642 5739.19489449597 0 0 3533.21012172984 0
5308.63033240063 8748.55760882777 2075.75865729308 19497.4462916901 14133.6249906923 16482.0190257921 6685.62847222026 8561.69812253128 1990.95706238611
3263.06703339139 2897.73732861001 1693.09949652577 3123.05795731644 37936.1074584541 3157.50839218429 3429.6551866577 4018.132351585 1469.89589463644
0 1647.15506071917 1387.44386763704 1404.73033923021 2240.76460641694 0 0 0 0
578.580961811612 699.503807806654 602.687698423265 601.443895528317 454.209042476394 780.713896078441 501.330559784791 582.965254001581 615.196712833248
7887.59797794948 4306.35337291116 8309.34352286504 12527.1700701512 8966.3521991911 5779.60883039826 3278.20530365884 6868.51771027373 6710.11190363914
7958.96126458396 4398.30177661799 8523.09430090385 1743.58397029331 0 9683.54490808361 394.225731354045 4316.88091282537 5390.01163716438
162.195319866019 0 0 0 0 0 0 189.000793147598 0
2451.80760583728 1919.19494509187 10196.3436512372 2137.90353601373 6140.85049294104 2352.13247074301 1764.48061543992 1034.71328653474 1712.40705092199
4254.16744351739 4799.62266715514 4027.27667302984 7433.79558874568 3689.32738796808 3213.01687794473 9842.57560822458 2850.40861600114 2797.48849415216
3555.22947501183 4012.22515923717 3507.81828099942 4978.97582774151 3616.61273102285 5141.36787796713 2797.67409534338 3535.80885310824 2420.28306765234
5113.46197624084 395.686051774368 359.408995663779 456.129788463449 8881.65470655911 3053.59561710355 1622.373504906 3984.45244969782 1276.84095310773
0 0 1091.99186773824 0 1248.65328184339 1538.51378410039 0 0 513.065559732608
12342.0745428234 12838.9694944942 9387.54170299376 13021.5606606993 11491.4007221299 13842.5327239505 9584.40274731328 12331.1175630406 7993.46806530644
1941.79330813482 1948.85540409745 1197.51191313483 2293.45064163695 1508.54736478561 1691.71305422151 1156.21550021917 985.382580448073 1341.50301426508
10605.1907728517 5134.56021200255 30173.7480077406 16093.3775554852 2573.24995663531 13261.0133884338 868289.936390391 4125.05606430829 14822.8766398617
9940.01020483612 47760.9334867153 49843.3181295221 12779.3026333069 12856.6103299732 12429.3626305229 129800.409422091 273255.380664688 35650.1137850774
3602.36954196227 2853.19318546649 2738.60146158521 3012.84666408979 2873.30433313922 3912.11319787921 2011.97465583331 2844.14089021906 2241.63249959508
844.725432744185 1136.04361222358 884.061351325102 1113.03210982693 545.638525276805 1166.99409603698 546.634808403179 793.856858409972 730.293159319438
13328.8520147859 10262.9187111476 9394.55200759921 9667.04765213167 9713.88276092005 11720.9290989899 9119.7415356217 12079.7986739064 10745.7662412004
8191.30248716966 7821.8091227097 6894.13541032471 6955.15223103328 9869.83603325067 8502.0839411882 7125.4494624245 8324.76135335395 5010.33240295655
22733.1767665418 10351.6954468553 22821.0152896114 12946.8170109467 11584.8728289115 20644.677650484 9489.36932260532 5150.15850681109 16816.2763842473
560.306286131327 608.002887448796 574.108297309456 729.300225866164 607.601155882591 614.455609053674 415.126878880086 544.205387365406 558.401716948507
13411.9999751907 11288.632222192 8287.05863225672 48.4526733871826 11910.3446983786 12544.9311248215 0 2365.84983016583 9533.24734463627
5873.17931782223 3170.01541275654 6175.42135533368 8693.32764054541 6825.4563327584 4826.27240623643 6289.96790155349 4336.6740461393 4279.11714710334
22138.2065691356 16886.659062658 10605.628990053 17624.4440475832 19553.8626464473 22811.6565640595 16035.8507191111 8106.43594110782 20205.7653890256
10045.8946817449 8184.78786194344 5949.89680590423 12177.649525228 10685.6679634992 11302.663260577 7769.19234257936 5851.87847564301 8101.07646749366
6323.70715796708 5414.13947786424 2232.0071768892 7521.07668206486 7619.7457642798 8161.23368995069 5049.17189805953 3376.09030864757 5405.24768352806
0 0 514.633149316475 763.313877775962 0 1151.28907068179 564.182445382051 0 0
1326.27890552519 1616.87228823038 1292.82255131055 1487.17336769147 992.589689541797 1724.3887683248 888.529750732158 1195.986985259 909.487033480089
1071.8190119957 915.494498161628 591.578208214832 963.318058848291 1046.32641653794 1134.18504229577 800.289374458134 623.140086088246 870.055850006754
6591.20026137711 5668.18405566805 4845.76643874496 5957.05687932213 6311.87693530961 8042.09029865562 5206.00000018069 5590.75262040948 3178.20399496476
2923.07893111148 1309.1317347917 2094.28642271337 1754.30308364832 2595.64227743681 2320.39992961051 691.478553812305 1217.33335466635 2406.49539747884
28630.485241569 34236.4074923684 27416.8031883236 32777.1099179753 27923.6890051978 41819.1296788336 31627.4943299404 31512.04271188 17879.4270123094
539.781761199823 461.765704216752 637.15424917848 796.848322308934 606.023136577855 442.293636466461 702.048913804218 379.953316852807 440.289304196857
1458.55587630223 0 1461.62301379732 1574.30284923698 1717.70878261406 644.519455455654 1541.05696209923 290.761118474966 0
1407.0264050701 1584.23362162431 1190.13839060027 1531.5918062895 1006.00693473125 862.633126642385 983.411848874518 1050.67876248529 1269.54165243379
733.451875797142 693.201312873992 451.887696153997 1124.14773813943 1033.24818816646 1017.37561373283 608.282177086492 706.158839277165 491.530097385707
18345.9220365975 22769.810137497 16743.554889011 22655.8542808454 20491.3938472954 28850.9565243442 19295.1723185308 18261.3974727836 13046.0305691328
2702.10900742268 3154.03183407438 3588.36610771815 3790.95261975079 3401.70050461518 5210.52056671101 2492.13858537949 2766.25887323915 1951.44107921636
882.722541572555 791.607676060794 705.162749410485 626.117342212506 644.444106962075 830.381806769834 563.670205107984 680.758393334065 510.742951311135
10469.6289736281 8012.22864560746 7790.2288579351 12602.6959080289 10200.4307617069 8403.73038871261 9735.36004198938 5808.72761624111 8413.6698007601
1645.09235225775 0 113.10910773974 2185.30790126033 0 1696.36878314935 1007.4350936383 1070.0068174482 0
9663.87183898665 10367.9568191086 9363.26171324073 10225.8908356148 11633.5368220281 12317.1284175133 9165.89572449865 8969.93325926113 5541.77578025731
8119.40551232385 13069.8751234073 2968.35666390322 30059.5059210666 22047.8560954821 25409.9037764876 10460.1486322592 13387.9000923564 2689.18340924735
24516.9288768952 0 22094.929330285 11846.4592855779 15024.3755482214 0 28613.6041280807 20887.6521443964 27290.0535392589
3449.85418411484 4169.13318114241 4279.90269327094 3460.27012643166 4456.63657052365 6748.20324020022 6269.72418762244 3836.55620791096 1693.8872170539
2074.28187059988 2615.40077214447 1904.82808092964 2190.38261647147 1734.64758924835 1870.26455337443 1648.59595716011 1901.30903732819 1977.61920456881
2535.04050663456 2805.50408636768 1098.47881977364 5359.88991357483 4281.35414627864 4996.21728404781 2377.76481214946 2299.24290949186 1565.55450842309
613.756554722867 710.319931970529 577.26762635563 707.763749086562 491.337431512231 839.324623181986 518.153616967646 577.335550351239 417.356046058838
0 3534.40782019365 0 0 3093.55817773514 5424.50081263935 2755.31864899072 0 0
6502.59168409495 5755.22994527482 1520.95238601027 5728.55426184016 956.545026891626 0 3949.18118807285 0 0
15723.2299361658 14836.1178355695 7249.81022017902 13019.7014094416 16118.9151668887 14022.868864819 14172.4975234223 11697.2843904108 13131.5215258041
2739.54396628013 2097.89310649306 2132.00580167369 3303.71556188893 3134.50618212975 2717.44415468825 1467.27931530589 2535.56467092738 2281.36237074373
20224.411946659 27577.1776833291 11270.748675672 73852.0700835452 30474.0814522901 37313.5250081603 21525.6170587424 21391.7414024252 18796.3475860131
2824.14896864895 3309.733249142 1916.46072665585 5378.04137227637 4375.88283719039 4711.00566348083 3022.62011091384 3085.57580143823 2005.44457963009
12583.1255810153 10786.4212341188 8983.64472699222 13911.8401910229 9960.12039060348 9663.35276700421 5570.14779589538 6372.13657408687 9969.62776258855
231.486264241284 265.699887680795 248.859896000323 249.598179202025 290.410955781725 353.826294107091 280.024179265599 259.200462251186 167.525724156048
1599.47211392581 1843.16283600781 1688.4502666108 1592.48893447451 1105.68107726651 1347.95547173707 927.782394184948 1681.68004746671 1229.65682789308
2675.07169496636 2202.94618138727 2141.16436354946 2931.06926150731 2756.73576896443 2702.23568251639 1662.37275538294 2183.61236953712 2116.95566152732
2234.45918981743 2327.72439545689 1922.75198374336 2102.19475803833 1401.2613897261 1517.16436238891 1481.11960102462 1394.96745157596 1896.98291268162
1127.80041478884 1210.9534554002 889.143565209475 1258.10950688894 1164.14222832611 1239.55646026935 1015.16132391602 1197.02707628739 741.593880919511
1971.56651291724 2289.08799492871 1722.58169344718 2402.30772766082 1663.50337000415 2378.18360680885 1502.89401764507 1658.21796671566 1526.48914983434
84.7212459708171 105.627788506326 86.7019296968284 106.10677867843 80.8318117181834 103.624140906833 67.5567319092786 80.8564792630884 87.1094463969285
3129.23418896331 2334.78548125394 2808.21867887072 4016.60743090808 3300.59539580787 3211.06579212541 2788.42000200794 2751.14511306706 2257.31650129073
679.399443055809 668.069215728036 738.910289025626 568.338410636031 408.954896920172 601.434475911904 343.053345176987 572.872259673496 551.218815996722
281.345436940716 265.407908923957 227.227956630885 284.78709005661 270.220636937541 295.396667353099 229.308187704403 218.597860473764 293.507809678171
3474.6785504113 3836.54161942831 3291.03039857654 2947.38101368782 4675.77539623747 3995.62157354205 2640.37845793118 3643.57130296994 1746.92513244094
14660.9256400465 50621.5275011755 30337.6413550709 25587.3785842427 20554.276817177 39289.7781515868 26818.022783929 24104.2466680699 12261.6461457518
1399.25146276072 23935.8102039916 2291.49827685588 2228.21055980027 2615.51325286924 1385.74187712575 5303.92131161461 2358.82829258668 1235.26066504351
0 0 0 115.305813695231 0 111.510748086221 0 64.1062101967805 92.2749837364133
11257.026067099 9891.81576069842 10496.8790178038 12281.5586459632 12104.1128154239 11446.5624779945 6800.89598749776 11866.9007993686 13028.7129214114
6058.09785697609 7293.71726249965 6603.16437318686 7295.49433927598 6375.2677929181 10541.9963964613 7789.88484975951 6659.74107895996 3926.93594588903
18281.3170845875 14814.8041484099 12794.1720862295 13599.2713248605 15543.0359946114 19029.8503764299 11214.2758953722 11071.0055621027 12651.5907762933
415.96449413474 0 632.952859799935 1433.57917470899 0 0 877.653270731011 1062.51221699368 0
402.671143796257 382.002397400312 316.165916654682 288.631109640721 420.71295058513 385.601015071517 268.145121480773 368.25736071809 191.371487467879
17989.7939836735 16380.873396514 12831.5153779556 18523.9372848713 17942.759037068 20491.0079362293 14605.2154784388 12533.3153598997 15693.7828396852
22271.2377079464 21608.2844958653 10883.7624841201 7806.44237357047 7552.61330026645 8695.42797280953 5207.6458917779 10768.6401077787 6323.66929103553
1342.51531402938 1341.83157030148 1318.00735363329 1533.30173463156 1267.32938915461 1656.35621175881 1101.58863886968 1278.59682232888 903.369392017827
38857.662378128 1557.91552869966 1382.37291194323 18275.0068755372 1357.1095196079 1878.81577926309 198476.839827401 6558.74810284414 4491.91435669057
25190.4596338155 28122.183020512 22826.4708927985 15990.165894656 38347.6253706419 24849.8289089204 17062.8694477588 32105.2931230631 9700.08420220798
38.8149158634962 215.914674043571 0 0 198.510512924085 231.537486724646 0 0 0
19505.8362368468 27247.004322709 33174.8196138803 23204.2971050028 22905.9570532483 39389.3909119468 19099.5355433003 25883.7527893369 19392.757929903
35872.1104657538 22113.0874768669 29866.0799926733 41098.847016922 34457.3783370115 58413.2006864083 21678.1605221915 24514.9453331787 20803.874284226
13976.6622075518 16652.7390367888 20062.1104697012 15477.5694230458 11655.2997895938 20225.1833660096 10173.670030851 19386.0009843836 14460.8284790925
14176.0270216593 17168.0855354262 17875.3084120599 8558.1024879845 8900.90782080173 12046.618077355 12541.4845894062 20785.9996488022 19705.8776866131
5142.76218124842 6506.53901155696 1824.62905319607 7234.70371915731 0 6814.9389141667 0 0 0
2781.39655713445 3449.06257751745 1859.50812986935 4895.70091664442 4138.16809115227 4530.91292642645 3278.78734312363 3159.22976743868 1951.29914949139
72357.9211938735 26162.8096955338 28944.6733745872 32365.4089285674 28141.2397069815 300322.603168191 37629.192672873 25012.5301969747 24625.710401612
13252.0347885471 6812.7957612828 12518.3566524242 18130.4672686826 15299.8102800865 10499.1995045294 13810.6685677649 8933.92597956822 9828.79959059659
3005.94563362935 1378.9381967644 2937.39500053913 1768.90304390564 1694.67071560789 2645.40514829726 1136.63389884307 789.711333063254 2322.69445804302
7536.98145004882 8073.17123904638 7263.44345571674 8594.12137199887 7673.51697709894 9599.36764567865 10556.043133228 6359.72765235556 5854.13365464445
164.834815006359 149.4729843457 161.419662748951 207.046185443297 191.170531279618 193.99229111962 97.5588356740802 148.887320660383 145.862236082157
506.371433928293 263.042785811722 0 480.906882131894 0 0 0 0 0
1253.54144627939 1223.00409455802 936.446414265838 1067.20537116815 1451.12496752331 1118.88961973134 719.180754796311 1274.12579135028 770.410214199676
6467.21916566001 5919.24477735569 4898.4203384494 7755.63375622482 6166.81286546506 4909.87105604823 4835.8830353226 4762.41627834671 6116.42789452541
10171.5856380261 8988.57572183958 10166.9316649795 8082.55739434996 11717.807866804 13351.3372193512 10398.78087799 9089.9573773927 5872.92026676337
20586.3066329419 18021.4661766382 16625.7016975698 18789.5154984425 14461.276079055 16869.1429784504 9526.53355756171 10106.721454881 16129.234069478
710.412402343922 611.922369082149 634.582434276116 818.978313521533 800.927957883605 718.214593581464 428.386545437136 653.638880308738 635.693978030245
2509.89050112832 2588.04410088365 2396.12637051248 2514.17205551429 1804.18541571924 1569.10797652184 1575.2821792725 2053.26795011316 2307.59047312011
759.848751264885 490.259917423366 912.040833341227 1208.71565981429 914.606483940233 567.645557938667 990.763396406918 559.73436122813 587.34728026224
23694.668382609 12402.3947490365 25900.3882681849 36171.5980682884 28547.3987762626 17611.9434421122 28373.7602620588 16654.9169863832 17668.8543594364
3494.15417016479 3514.70362978754 3137.34082626488 3213.85139319211 2697.37072043883 3212.99050607295 2799.13747540727 3017.62543354787 3016.10613929102
2668.07772878924 3137.80541950721 3018.0868074618 2730.72808427356 1990.89808700057 2261.51852850213 1398.09813612954 3241.42702311318 2234.08366156884
2956.02466585385 3449.88517690029 1814.97714185098 5273.05936246273 4461.30347323575 4929.10080389409 2812.11049460235 2985.97060571556 2133.65405965874
660.576856458791 476.73128287862 665.800550553516 526.603499011241 556.218888271415 482.794241682664 201.288501309596 482.148632295429 671.000282396728
3794.43925681522 3984.88935623166 2577.93404577328 4539.67565497879 4097.27927348 4150.24893942177 3971.24480209018 4022.58880236382 2526.94635155691
8431.95107119048 8819.87212647141 4128.21347722397 10206.1304014327 8718.34173301742 9756.04362196929 9195.91653071802 9362.89841145143 4741.18985785741
44317.9057934135 19088.8075747278 40107.6693300929 27079.0635815874 29135.7561701328 38985.658778238 15081.3093453005 11785.3635052313 35750.6064054874
12264.1223624595 7431.10955515774 13568.9403735195 9611.62361443824 11597.787704207 11020.8729906087 4653.30002448929 6764.29106348569 254067.223951592
335.887380520098 347.990093149971 369.659019410728 368.034407114952 433.976609706043 424.109697694635 279.176040522742 313.145088218773 232.54055794223
8155.75865278051 3264.04986660737 3992.6066044404 7306.68187810483 6657.01422881971 11069.6068846819 4326.91938300684 3715.14893539031 3754.42212811707
16753.0386881135 16587.7268337592 12519.6692940106 13431.7625002858 24102.866291557 15346.4591555836 14849.7348449849 23126.720501093 7562.19859878872
3223.58249048384 43818.5991663225 18970.9556862231 2556.6195826141 14850.1171455321 2310.39628765271 1069.84339460192 5828.81144531317 1518.59394445645
32663.4390244746 35137.6503410156 29123.881424775 26128.8358855134 46783.0536878035 38683.0928118185 34549.3434705513 41808.33797782 14339.0532975783
51150.9080720555 51295.6668554076 95520.2460454236 93869.6537456708 66464.185408505 59587.8469626183 46491.8145082362 55198.1121710575 19503.7517524279
30905.9741399865 32859.909583429 25666.1961017172 17820.3646105037 48187.869648313 24782.9463892432 15917.3120780909 40298.1180333147 11684.8515929337
10797.7284821315 10798.9450346228 8444.61807952622 16332.1151647973 11173.0184075786 9938.0185513444 6967.0261589749 8693.03258169342 8610.95648476313
3413.39659568705 1385.86740103154 2627.32168220009 2358.61522019474 2950.216756255 2822.58625781984 822.850577892806 1260.7361424475 3050.11144123501
1659.97410950268 1486.09830371473 1841.49809982377 2000.77892458552 1895.16124205859 3004.25550007794 1248.04721462829 1421.39941899409 1113.40800892255
441.213384491112 218.599926865421 176.382710874199 422.811540351389 357.252847005392 497.132971239594 275.650272473975 261.904080515122 228.014960398921
5532.05250075941 4121.8750132151 4664.39169237358 6821.77657106385 6392.97855256718 6464.42308249181 4768.67234040544 4290.19417224556 4825.07727061585
6776.00032922233 10492.4379919346 10497.5875335858 12102.9826938616 9921.91551646919 14993.5314330719 7477.69848411057 9035.71988027623 7907.23426168319
5600.95125267082 2526.61359340574 2640.92423928101 5424.54133397864 5488.85033547067 0 2474.84129725414 0 4353.8051597334
20224.7034448071 8963.18634506547 3299.33140796772 25780.485776442 25377.2901381071 18642.2305368729 13315.283621691 9811.03603185102 3174.14289271621
2966.44467648607 1820.10134971959 1950.14020533316 3231.72155091513 3138.68581587502 2904.75764830538 2406.86006421565 1809.23601425484 2303.50445898191
2263.10279254669 2271.53662612167 1414.97659214736 2633.05399402167 2481.27804993487 2694.08842171175 2559.50064453563 2349.0490876303 1354.64278504754
434.548119633788 214.652085022878 149.275132178127 404.459151613737 355.911160488407 453.684696827431 265.793461502919 285.92735583952 226.517973616145
13755.5562178849 5985.34236973013 9214.05156606282 11551.1726274849 10910.3448726617 13286.4802450459 5497.90034976433 6734.69193800141 9360.9935659788
37995.9342459624 0 43594.9955291833 22936.5736372932 45535.0423038076 57711.8502589274 31520.8272821723 42794.1329168726 31360.9880740735
2141.47389337859 454.431070107099 472.875863344526 1762.37201664406 1486.48832859113 2172.7621071579 881.045144276204 853.001380892536 1059.18544306343
487.73616722654 320.25538724742 226.559293919206 468.86109148959 441.015252174669 527.904167335716 339.368894700438 344.543743258532 297.092754359002
23238.8213135613 18167.6251823318 20384.5678097894 29336.4920553435 23054.7491615404 28861.3578312259 24530.7954561428 19635.6565555771 17916.7874396279
660.869880316759 288.133512835039 351.642449504912 616.748985904046 607.590672287166 633.763159571498 335.230700769332 440.505241812825 439.240947249667
1475.18160290207 1263.91751409154 925.08582400183 1535.46656043255 1643.11714318896 1632.27464383801 1188.99543138432 980.777281696002 1230.75912746025
1000.98366930443 1035.76787266567 1146.33122171638 808.396912904282 1059.13185152445 1336.45967317032 902.549788155414 742.906858456608 598.246180806591
52728.522860598 49760.5406092779 42362.17446205 44457.6819343464 36484.0292589825 56439.6822215137 28984.468520884 40988.2938942377 30644.8827803705
6533.59161065057 1247.69462411862 1112.57262606016 5073.98525788559 3828.97220225903 6736.90383712574 2561.54867097315 2227.736390234 2823.48327153863
26656.1736553349 23540.645114404 30169.6452389413 22831.0345277397 20851.6182769409 33366.3286193197 24646.2756174341 17648.3925437263 19080.8039514843
33532.1752362843 36608.5438583675 29541.7916609629 36969.2865515837 31245.3068378329 40964.0117935726 27309.6900429819 35273.1125652416 24647.9057710313
3596.55438054311 3729.60232392063 3170.75614019801 2770.13784732877 3601.22862410609 4170.89298981436 2630.23652974949 3573.93119429865 1939.62983316964
321.07449215906 284.327635384836 251.3207938793 259.348922362342 366.568191959461 267.959858771739 171.818681923723 302.275379371201 188.839908877136
5949.58708507608 7429.92382678335 7046.83891583627 7794.27181440472 7823.64897439081 12371.956249475 10816.8228271737 6758.98320798471 3196.55964882773
770.965173278852 753.351374426971 881.748583084594 753.291029285472 564.662882678078 927.367148988892 529.115563759267 573.485891115495 627.770869360396
268.461404169553 385.919644990932 528.263208143859 506.858684868843 457.020769288213 780.530784272935 267.784439368911 285.072277551831 145.384820050548
2187.15985949254 2357.4549926415 2700.41889219871 2696.02300108082 2752.18203785098 3840.45490249284 1934.54621288628 1915.09757122032 1492.3299845124
1999.31598302861 1311.14596530102 2014.4896570743 0 4108.10220797108 4551.40883361038 2798.58004081338 1089.4567368182 1176.4852753311
496.202265059086 810.205364762725 1113.77834745185 913.328975922557 886.243113648501 1578.24809848016 566.539806771839 604.156897873899 403.254878202124
351.968494055826 319.26723200375 324.190284192374 419.026661051001 382.940747390619 329.045562230603 224.72944135224 345.546710837189 307.506962626827
26563.6908463682 31753.5671808065 29112.614543013 24049.5026254415 23156.0484220413 33161.9628519022 23341.5170653359 33340.5262864814 20727.5026634427
1326.36500576476 1607.07246313331 1862.72399874335 1733.48266711205 1198.11816695619 2090.57695599206 870.002006739759 1728.55875738109 1062.66914376074
490.946101198238 497.091839029706 540.951461202744 527.895831851055 443.092182672219 648.891725122735 354.897364933381 528.127817578377 341.897110440541
5565.65270852352 8885.68138686613 10547.2128797352 9169.27333675743 7106.19374899137 12552.1686946841 5447.37402985646 8309.68368568055 5520.11175329814
5231.66288826242 10954.6328006744 12550.6962207409 10945.1254365633 7378.13807342667 13733.4656000289 6225.29912324897 9798.21540792912 7002.51110400092
10667.9086730854 6486.26293904952 9879.4202712258 9338.42592324204 8368.66429514772 0 6377.14331491511 10920.8811202535 5141.0091788833
12225.7440189378 12123.1103452613 14470.8279019377 12704.944478622 9542.75688270008 16336.9630027864 7535.87953242785 14508.4963142555 9204.43678493144
564.239105662166 559.654803747885 484.622860272604 536.747613612136 585.452775382327 578.807980306264 431.460636979694 489.698776176165 592.373471303607
16788.2173644278 9269.12915848528 14961.7469047979 13339.1327553844 12417.5143042587 13594.8762849959 6093.29575566786 6718.41089182604 13885.3043884867
4362.8597848178 3121.75092717801 3319.74979664327 3756.7493190515 3282.26903893079 4166.98803106709 3060.56892473989 3502.56360993944 3350.56985135578
6308.93941115125 7082.87238086333 8155.09833088302 23684.9000644482 6916.51986707868 7362.7065810214 163752.601623803 7540.20891109176 8652.45184104925
39081.8011969696 15092.3245796774 32841.6890633028 24155.9125760343 27892.9017679575 32159.5582078557 9908.90081429282 10160.5424588405 33135.9888153343
21656.7463126402 23568.6731103363 19439.4214274248 27171.6870903465 21505.513861596 24673.9431810429 20774.7440626947 23083.0586869569 16258.1003373212
33391.2546586768 34610.089310651 26682.9126839399 34363.3683822076 28851.3930578421 39004.7473079395 24790.7300434249 34618.0526334588 21756.1111913383
3910.02519430755 4835.74032125636 3475.61174783048 4276.67410805944 2749.21837210695 5173.31835065575 2619.10828620125 3647.28414950311 2534.74520799319
469.545257972759 547.190556677863 553.482226358041 563.336569461847 610.039990177205 652.461635633706 486.623702660237 512.484799508587 433.118899423996
3096.87807474157 3401.35836416029 2435.47654805945 4422.59595986207 3595.54635776365 3462.94270867083 2929.82073141269 2870.96101739051 2805.89914953705
2136.81969629627 2325.72942182487 2890.59799721555 1551.38530490421 1515.15642280756 2194.68706838297 3664.08404722458 5299.13194290574 11063.7466330154
0 295.444492239366 0 590.315726818483 392.630621307882 0 0 342.483698333815 0
9391.33656900654 8308.44762975487 8585.74791602912 8318.12969824166 6908.00431670037 8796.70749735018 7267.66334408416 5701.68396660219 8134.17252126259
4641.52653830862 6892.58897917036 3785.35938479634 3682.25784447601 4491.88473404558 4770.96970514552 6922.9467031444 32984.3262295769 2859.55088691939
0 554.809044241296 610.623138255656 0 0 0 0 0 0
1491.97360655124 1375.57405100322 1044.31498544195 1637.36876538559 1577.27527929196 1977.27815985915 1605.51841615317 1334.78123539142 1034.64525485988
0 4442.55660676636 0 0 3993.84559111906 0 1002.73599022097 3390.41198459683 0
1461.25596946516 1289.41438210006 1275.1980663327 1663.65253473275 1625.90873333703 1477.05926603959 832.817910655083 1354.24291143334 1139.72831171212
14281.4342575806 14993.1237746156 9800.62745030604 15833.1946649583 16160.4424598126 18635.5589585116 13667.7390828232 10926.6387485737 10999.0178042662
20484.6685415053 20912.6899725956 14042.0452257233 25510.9497581129 20516.2388338117 21512.4401254271 16813.2725113556 14707.0304092355 17640.7319458167
3943.36664055775 1998.54515100705 2423.2919075119 3913.46626098195 3690.31416760871 6322.22481352904 2396.21022529362 1911.11743629174 1714.61545450737
59725.3367143259 59567.9004703942 44424.1805514525 58308.7335322668 66057.7360734051 87130.1829842664 0 58326.0665549156 35938.7632894621
3021.46222915187 2419.23740270798 2709.83650795869 3621.37408334392 2938.38702651311 2645.29671576923 2613.70360933704 2261.56426880911 2404.44913875937
18079.8053022869 26031.4010653742 21121.619299502 16416.213521871 51358.6828315159 20241.6295976084 19461.2863090499 19066.3739520437 15302.0519063207
4687.34122298673 6100.17775284824 4719.7879671692 4388.61899436223 3973.11841436941 5633.31635711612 3964.61302836524 5363.58154359588 3469.93109486011
310.718867633747 293.307794749398 257.026562861625 298.265667373643 330.738943878453 332.516036780448 233.649871051362 293.874683945141 276.760345871383
893.334391818502 936.644814310933 413.740033739745 1671.5928737528 1387.30898167763 1561.95116478352 752.326532713626 807.693684218033 607.95843229201
6424.34394963657 5831.04886495655 5316.5347870237 6098.60155147575 7762.38188908912 5457.55599856491 3600.5570300986 6608.11948528258 3887.04828410516
1423.51479949485 1106.73086835685 1012.11778988657 1220.39047542633 1428.27951241134 1217.77997543014 687.681456670177 1185.39834704997 820.603674162841
299.217552099404 139.814039414786 233.68339689301 215.492977501609 260.96350789511 243.293321992296 79.085637648591 126.382811820345 269.812783335455
10502.4817206319 11699.3563496936 8859.70884314457 11537.9084268061 10157.8375577996 12156.7442125714 9065.68309307125 11387.2625207204 7813.72063248045
3030.09329041209 1778.83790220482 510.572763956463 377.510380871328 860.795691028234 422.935323318031 1995.85992615764 5109.73609539775 231.897909562542
283.297260374936 266.568471187973 214.445641272407 300.213011336571 227.329692324411 356.637661974681 183.014435592801 250.411716961315 149.730527400484
5612.68768757604 3371.32573905136 4216.93607957707 6589.98856345133 6091.56168673757 5516.83110807096 4952.5018224522 3789.69626104798 4183.32825942705
1306.18099768054 0 0 2604.58899389094 0 0 0 0 1044.44173961558
0 410.212185268306 442.835425478889 365.345941172194 739.388580873684 123.100298489052 0 0 0
232.872515134742 252.706064899131 270.318904178697 278.756036863921 304.055537225263 303.118603490757 187.726639016753 249.23590151838 212.92048358278
719.80523360589 917.118677559123 470.167043400783 1093.73442446429 967.160852645446 961.398318511532 831.915753774973 744.011512604458 634.89922559127
40278.2906844852 2092.7056086093 19426.1273899981 13564.2143250214 2122.73961981033 5624.09155813797 6332.59416035618 1714.74870536869 17695.4796744411
2059.92427879184 2850.19828033843 836.846996187696 6103.44835071888 4612.0540761453 5194.51602944902 2414.7136730386 2621.05758307065 1066.24110303679
1184.03490658495 3232.05277813926 1159.3519575646 955.399436428186 17473.4056358002 3928.20966663073 1097.5443991778 4238.23575770534 572.549475335773
19586.0468214712 18767.2827485911 7409.81406020788 22220.1092257383 14182.1928035967 15517.9180512836 12012.9331428401 4409.07944482026 13150.01007607
6439.40466887286 5924.19206759487 4336.27875481772 8809.02004052336 7592.63926237411 8683.13512986859 4379.77895116413 4663.38806956984 4703.78378168935
44875.950788825 32943.3089346655 47381.5876319622 70487.8070672852 48489.9059874123 39639.8051797138 17931.5274439729 49689.7890466212 34330.6441806873
28368.4288637706 31248.2619520088 20247.3101181144 40637.3119452614 32429.0790507915 33592.7549774958 26318.2685053786 22347.1443612412 24663.5143764704
561.067740172778 513.061907685898 441.050030340408 489.312709874806 655.98705188475 482.338755887686 336.817916308641 562.888444980591 372.187017613182
13695.4033765797 15203.0559700985 0 0 0 28909.8542283547 26090.4534382575 10889.9426313571 6261.18725038633
5019.08189378473 3324.78649080673 5700.30953173823 7478.5866632751 5906.33627119204 3997.30758287694 6190.27999904634 3585.5255303343 3850.94894329398
54462.5186833024 6182.5963863316 3074.24400446372 78228.3716240775 3764.92564981838 3883.30378495539 3660.42950762302 2739.39235154059 3996.87011542667
20552.935840162 27785.6705395647 20716.0369104707 14382.8812553237 11742.6964731189 11515.4685194582 14644.1361127412 23253.2180586407 20889.1783776288
4637.34937753023 2486.46974739231 3763.7921498209 3840.81586810341 3569.78481057079 3927.26775611488 1711.45986552328 1904.64730803738 3691.42589259748
3095.78921406795 3078.58605329046 1516.58759717603 4614.45550555918 4063.52855967458 4652.94560632629 2496.81123566033 2249.76447813681 2475.42724370447
13714.9543566527 9161.50168862831 9524.43066236148 16059.4944149626 14507.7286306829 13231.4332417479 12049.6836495224 9312.71139462144 10466.0904720205
11866.2487726079 11897.867909111 8070.21042076116 6262.88697525169 18915.04249306 5733.84072132582 2741.85328362774 16436.6216696031 4566.94290257839
613.083369057139 867.508535841384 730.577270628982 851.84357897055 639.052863338326 1029.32057509082 554.071091025496 694.373805514378 419.394980940954
56901.3180815714 56551.1618317927 37399.6786507931 69401.1962023264 55963.3297807771 53964.5698888829 39528.0314831692 40097.3304020593 50949.0279443334
4857.90978366455 5137.60858195292 6093.58065018717 4891.08532206665 5177.27297871938 7607.14693186935 3707.72989465065 5084.14770337548 3759.47609942601
2517.10075379609 3044.54643732717 1636.8219682086 4069.38562015315 3435.67462229079 3446.7570408472 2739.84875377276 2535.58278443576 2111.1803865314
2232.38396577112 2349.54030202681 2329.07148659666 2625.70261356256 2515.80625883272 3207.18241748407 3053.93982039843 2480.60670618637 1792.21872699585
16404.3891329175 19433.8375206604 25117.6332714214 19750.5397673973 16280.7822579982 28572.9188624185 12622.8513395608 21097.7011083127 14828.6861686203
1487.0940465182 0 1055.86340318709 0 1368.14853316853 1244.92304511486 0 0 0
1101.90063736776 1232.7156623215 1101.36278473245 1122.88221789885 1363.89226573651 1590.3151677131 1230.85051678294 1101.44652439846 773.038435202914
561.084350669785 735.348653016466 720.591819594555 664.941316253531 405.586217752502 559.839826266559 326.779765710177 644.477612122569 511.544072561809
4600.84018307589 3987.86865420751 4200.00642454402 3404.45603843164 3167.10584189684 4143.27739118462 3160.83073964394 2824.40371021469 3859.11633077116
311.974282579781 197.92962014489 294.963622845177 391.681556226194 345.278655368955 277.176926597873 298.731466360334 267.808115046723 278.456819579968
290.87155081894 247.354156426237 251.89803872857 339.823922538211 335.013584602418 274.905960689127 170.881489897961 279.049903570093 235.318738030438
6366.72295880455 7052.38665154768 6546.250023034 6223.03792598256 8019.03067854803 8490.84114465482 5776.95093414397 6607.65065399974 4261.58647201558
80838.4972281279 9170.83268467372 7293.85572839276 10395.611362431 19474.2236224246 19212.7011507302 5079.74002128992 7465.73595427954 7363.05005834817
8960.77866707061 5228.47184673403 4532.36473538688 7563.77167508086 8513.82697549076 8489.98379188263 4545.11789660401 3669.48472880999 7819.54109970461
243.744646996445 228.915385837568 232.00188477897 302.334016121265 298.45971166398 247.426551974292 132.65364804386 264.904069246813 243.644889007756
174386.367044026 363470.841301529 8434.95172597762 19280.6956654611 1815.08789695649 1120.6817101563 9648.262031738 1669.78023767944 909.989257583285
1268.94086634723 733.403961205673 698.2585892174 1228.78725017075 1093.01513852176 1392.19736446093 850.54397523784 740.937260163842 735.749472266212
1799.11162271122 1346.79158921048 620.210718506281 1645.41106701431 1906.30833525019 2071.3519859289 1257.145879776 636.293130243805 1666.6629376681
5955.42698583707 4570.94359941621 5119.32072211813 7936.19380995537 6583.88713699679 5576.16187394994 6111.84274902086 4260.29527825102 4851.76493527214
12951.0027547411 15419.6380027262 14146.628434095 12617.9081798753 16009.7432112336 21361.920716456 18881.5352356809 14584.2748616645 7103.70704162078
4469.73934539751 3819.11909578285 2707.85491520034 4333.10689809532 4752.27480783458 5153.58126699973 3182.66520663589 3236.7767154181 3327.94383515035
6365.87810959779 7998.40961930542 5161.21327086348 8105.04702381706 6689.73334689374 7113.20347552064 5244.11929061027 6688.69653536705 5934.84862073008
12804.4946325262 0 2504.89307723715 0 0 14142.2778650719 0 0 12003.2910043595
1222.08806607745 897.993398103622 494.140037641847 979.890264431975 1142.13690647987 1161.78797554905 869.977303420964 484.968331136189 1152.99890936191
1671.60549441321 1658.84518966856 1005.03609085944 1831.4315233265 1784.4250816152 1762.27891014996 1570.33211626462 1201.02240479555 1622.95329916458
326.273028354717 276.084453746986 719.171303331919 832.19963001797 787.928671353632 499.653048688434 0 428.569844489393 0
13076.0127633888 12873.5081082468 11954.6073367417 14925.8215764318 15717.4514332438 13904.0012807483 83191.8646211602 23535.2113715704 14941.9574978021
653.22282038352 614.918787054319 506.277786823392 590.92526769462 767.938552390884 631.557604023189 436.094329080319 618.273010471209 455.63836816225
11251.3525160544 10954.6950125719 8703.42989382855 10467.6111443099 11438.7011564438 12024.7272343425 7844.05504000184 10626.1607671931 6990.09295809893
271.651538703426 249.040152803224 271.570238463868 275.762174415301 250.722504255268 274.185383444601 180.083307691944 230.288946308666 233.65596148346
2947.69323277465 0 68.8738118398046 3971.46980595971 1394.6699508187 1345.80475528166 3278.55485034827 1864.63453328412 1427.59642509066
1640.77814618871 971.567495080266 1439.37760472537 1225.85891066572 1225.75355138902 1306.55097721859 461.789179667299 799.609116957522 1437.6575302304
92.2530232840287 95.0006721358639 68.4902977782088 96.1575558193296 85.7914486743489 107.593763618393 71.3751731799832 57.3768970407961 87.7039506282726
2691.66408242693 2555.17484974344 1891.39077135329 2506.46762572471 2966.48615707896 2440.15356505449 1293.74326487536 2493.37708217414 1838.97483489764
1498.02441237433 1450.06388146013 683.268331891329 2756.23339947185 2335.49222742316 2490.80909731264 1408.3870465321 1196.89228375862 1041.63778211524
19876.9405426867 20490.0395585461 17158.5212670176 19949.2404185719 17068.2578702754 21500.9348332703 14348.7394927588 20319.9280051888 13406.6418230083
525.445831450954 462.326224254929 403.821332980775 623.027336960609 562.66148033704 539.877431635897 468.359993450522 337.440836979549 492.88076000484
0 0 0 0 1272.46483991242 2172.48383196805 0 771.326849634795 0
17479.540941221 12568.3498326832 14918.4178642583 21818.5471543064 15425.6469004186 12647.8918877441 7888.84759444268 10297.8767788185 14274.7635654473
1213.99768477715 1329.09214889919 846.748196142475 0 0 0 605.568632590893 0 942.595239308269
3976.49147647909 4101.1961434433 3890.65722976805 4568.20761932423 3930.06755148413 5047.89351042741 3059.58686157298 4482.26019650802 2940.2447285239
3937.15290824054 4205.87215338936 3245.68243474361 4613.79778004963 4102.13963495496 5159.53252964232 3460.82505431888 3281.98448159561 3509.18421260323
6074.32410724818 4477.65197242959 5482.42509153262 9004.05337755162 9069.45038983867 4980.49761071631 1720.3091416091 7262.17268649204 6341.53849427174
5505.69345261376 6451.14029828548 6173.41925196895 4555.09577773905 7588.77932122974 8433.76569160488 7008.57701087911 6172.42602904399 2641.69733222742
3828.1134989288 2309.28753857368 3901.67193841264 6213.43161954851 4698.94818955177 3621.06925510412 1899.20885801174 4205.77825618457 3173.30261111339
484.669473461555 456.365546760855 315.485436653687 565.83376038848 397.942996035672 437.961701043268 354.905468020516 269.931589465321 348.671241485104
22532.3159297361 36319.8282083715 40642.9642721352 0 28463.4229757528 51932.780332888 0 34798.5702319732 0
25023.6586764306 11151.0216680559 24240.7513363183 35410.560777789 29208.926177355 18983.5557306264 26442.4834828306 17276.3279016312 18095.7892104975
2430.47683971122 2652.31238191919 2940.70956008571 2952.99017888309 2718.63655871975 3679.94901011002 2238.84471297181 2368.22774441798 2151.94107584513
2662.4307140758 2989.81064454053 2836.8696201007 3003.51228565698 3204.64652399501 4010.04655471243 3225.6575740734 2866.42068720582 1811.43190117769
2604.81091980114 2299.07337082295 3109.30506215428 3618.84270654448 2540.6102298134 4003.44049033073 1528.53155644983 5284.34132021857 2098.02975584962
15100.0691096141 14653.7543617196 15437.0585036417 13636.6308918587 14362.0784539995 18107.562763826 10257.8291683025 14240.025834871 10952.1231817014
4890.37331540146 3178.63928717347 4758.03589474227 2891.55292010071 3832.14715972727 2288.55264038731 269.037760106896 2122.24617017673 4461.99889117309
20819.1749355606 21443.6248842447 18266.2394743427 20307.5739318855 20920.3653289299 27583.2662885455 19190.223204663 21753.5848594454 11119.9750068878
335.681263394571 354.518198119297 343.743976356772 441.834603116204 473.348551830171 445.599955755102 301.345928825059 394.917767308938 282.935098303714
13967.0992524214 16189.7414500753 0 0 0 0 3691.9203102293 12684.7269606685 10864.8560454435
6769.97916651027 7225.8682761535 5262.96195327218 9568.36234215025 8169.08838604048 6223.46996242744 4149.00551133885 6864.62621191495 4715.63875193056
1131.38094466228 748.1524546319 1292.64268698643 1683.93474621716 1337.40348392512 954.716179380353 1289.8887058059 864.637821434073 871.180662524943
1484.05696011787 1746.35527672206 1810.02237519922 1602.51718777719 1830.57565091675 2763.56448706192 2471.08205618569 1580.71301067139 854.780323069499
990.295516946721 1031.16072606871 872.292916922784 821.180276370604 750.017479179349 1035.53530684544 655.890322472543 958.784648635163 572.869332180237
11702.8265795967 16003.976727347 13628.1602023767 9545.11577623177 12402.8099131566 12434.8522704949 1405.17812092139 12224.3806801515 0
4863.31289708253 2488.59537485489 4818.93555522976 0 5896.13079644729 0 1926.96050664223 5142.53070068384 0
6521.37575152575 3897.84375484586 5967.1238718558 4719.33844101381 4287.23643174622 5274.26327163111 2632.34907703662 2523.11302349006 5418.28277495934
23666.2965603938 2338.858608755 1099.88783884853 16959.5539632043 10203.3133252612 2411.93925328561 1394.18271487442 1178.2659238099 61675.8237454604
685.272128913191 668.550409866089 588.646343487956 680.655058003288 822.830166309796 638.418758454885 463.522295864685 704.005481916059 437.61250344153
2662.14321148827 2629.39267565604 2861.06843448641 2489.30433788917 1755.45168384965 2133.54724965154 1364.17966495624 2377.9350889088 2228.87552410965
1414.60464782764 1507.17766573023 686.948278030448 2281.9564160132 1975.29509454429 2134.65639690297 1273.36462811893 1129.5058348448 1100.68002518067
16091.4540876223 10406.7328546964 8353.23423549147 12964.1531240093 15440.4003512407 15210.923248518 9193.1704040749 8631.22653029549 12524.3844793859
5940.23931895459 2973.54553119716 4401.33080938451 7135.0713747211 6719.84155991695 5018.40274750159 5367.48247461139 3594.86240235448 4604.70707561903
13209.398570431 10793.9304249337 8401.75763459801 11383.1107174483 12113.8801078839 11299.3757697061 11162.5984499319 7344.29557656477 12717.9001384592
17026.4943575581 20647.8471570081 13112.7731054399 19011.6085168626 13674.6334133175 12948.7826556715 13138.0933146132 12943.6632902863 13589.0565594677
2137.4562693051 1895.58848025992 1677.99867064956 1768.71815632036 1842.62264551452 2138.52017703362 1460.35724465998 1848.99074605644 1260.31562586678
10307.8011618845 12374.1945342167 8817.8698073819 10804.9856840985 9409.84991413285 12609.5425849947 8242.16141946309 10306.1977416711 6605.65369699926
2108.06275574322 1498.02151107115 895.442529626196 1802.97308944715 2178.11261409353 2007.67899297747 1292.13340587924 1247.98701796971 1572.57873364331
1316.29450775602 794.158685530345 940.118468449543 1317.26101878321 1032.6760430576 1425.76809758551 789.661705262403 843.359454840217 825.928071363715
0 0 11703.6874536207 0 12713.3773017857 13364.1896082857 0 1139.03440732803 0
2115.64414152631 1757.87824358777 1717.28937011752 2537.9438750696 2455.13118721471 2039.93658922613 1221.68869822203 2099.91999334926 1762.87848966859
0 12594.6202538951 10070.253451168 0 13049.6180537067 5672.03550252697 14830.112483092 10045.3485151886 14312.2064159523
278.938894615553 453.922581491017 477.555161400236 598.083773314825 341.121777951014 643.305898979489 216.338676445088 385.427744576348 153.283084019472
40473.8822151674 27973.3220453373 30395.4097148212 43567.8391276822 42097.7326330127 38876.0562180517 26229.0720985577 44821.0387626121 34412.2978224815
568.683796338714 597.831542534572 413.399655423808 667.386829335256 425.837474812209 491.947469783023 427.612788204823 313.231622736812 437.254704843572
2395.46599835188 0 2053.54846139139 0 1613.47707337877 130.928924877477 0 1986.09585195429 0
43420.9647972185 54088.2055119662 41841.7855196078 52312.3503410988 44959.3233088062 61832.1111800722 47001.3573478812 48481.4828049753 36821.6299654803
508.974854205183 616.959806795046 89721.5013966837 2807.76593326846 1589.05626684407 72346.532202742 1403.68232647059 2792.79124412381 8315.00681993856
1120.63854103842 736.096169675502 961.262694250229 1283.92013421372 1019.44011554928 1070.62921123173 978.587119176465 754.082566298289 734.723331586112
603.657729942422 761.590935366868 665.8306416235 806.66992942264 508.315217545702 757.413794234208 538.960300514005 597.748841903622 479.22418635507
7898.92992431448 7868.93798175882 6196.42920343718 8705.99038657336 7697.30734798196 9174.8956251262 6385.67917081536 8640.7491945153 5721.5831147065
10705.806723674 7710.04779074567 11330.17513313 7586.67261473046 6213.54629800947 9103.5442228822 4593.2515050017 5942.15764800183 8635.04528891808
17024.1236853007 17782.4764654717 13378.5451113875 15170.4958651684 20918.9671647026 20111.0216695203 16809.4688061024 18045.9191311536 9658.15814907206
6732.62989674021 6861.15305266268 4942.6637796592 7313.36500976152 6760.15243737284 6992.54571745721 5448.94904071606 7550.65154638982 4752.99187591806
9582.08184445598 9657.04486586243 8240.32766714416 10023.826969793 10068.2361853509 10561.6070603226 7008.11658070691 9940.77519519666 7115.80345989379
470.223122692335 200.899815333281 196.131949055209 447.583606854075 350.983461739492 510.398814258173 262.964933189491 256.83784025024 259.641140044266
14378.356947184 15373.372059965 13807.1071212365 17056.7220307759 15382.5929739255 16955.4183025206 11336.4934684507 16357.7410237549 12052.9454226426
12678.9705855165 9396.38828738497 11073.9870593675 10771.2295011321 55788.9561518625 12699.9874803192 7902.63674655283 10199.9353034865 43015.5626377008
5753.86181221489 5835.95722339294 4766.78644747547 7552.52395642606 4519.82508747561 4676.07480308224 3417.62630703062 3908.21311826961 4232.48500794574
179.680220417501 32847.612045054 1759.94664453028 918.090717846403 10064.0545034725 34321.8871125829 3344.36318011089 25447.9919781016 140.987051164005
1142.44614288827 604.681805625578 1040.67136679619 1623.25489498696 1331.11732537492 935.086360172673 870.046868154445 898.675522593825 859.013682249389
17017.8280767394 14384.8650708408 16073.7415489086 17290.483082084 12666.1032842514 12980.8481230801 7146.93983175765 11495.0024276216 14216.497302658
8817.00530319861 6517.01694757976 9405.98485991727 6595.02823922637 5290.43059398101 8240.45240861837 5183.222201659 191473.79765671 16916.8631601866
909.544894682762 962.420713786225 611.58844653659 1044.73901420312 1018.14161091221 1003.72775186725 966.178302548767 978.249477276776 542.009004490485
2322.59319610065 1238.76096208634 2065.99869243216 1692.37705514461 1827.36541619324 2184.24317394693 914.331899206804 967.914315251629 1862.50939721412
3032.7597680601 958329.560514002 87792.2685317775 2585.54542963399 3306.8403379263 3086.00801081495 2124.69191072624 8455.31695866539 44968.688777787
471.28906434405 8361.42976679757 51836.7106117883 546312.621108119 983.094584360759 1257.33333881662 1566.43281511466 599.767326095353 316.685826097048
4807.24406731859 3065.65151087478 4454.0545051468 3960.65370618559 3466.5175195065 5368.97733770775 2478.00360105993 2631.8556955951 3138.86763492563
5160.78521900028 5573.76325967161 5091.5018915332 4346.93728092976 6038.41246733946 6987.80629754461 4395.963198104 4601.20122929227 3167.15940283279
0 2198.22074811157 0 0 3759.83678911813 0 0 2321.84385427808 1093.93588975615
4976.12956098326 5921.94972935834 6906.57130671304 4024.79925464215 5770.41956409597 9528.33738649938 7359.67142851745 3958.04224075748 2300.72816894274
15024.9863628191 14470.1869108915 11996.5083858247 15006.148968511 14392.7868840345 16554.5679508176 11640.0090887473 15414.9912250053 10040.6613787541
250.957150658973 249.335248372735 240.632614149059 321.416791795231 280.413371885657 247.223046364549 172.023109854462 247.871686441094 280.14835662602
4996.21050124392 2994.96320572125 3195.72087919831 7821.30770055511 4684.59936797956 8063.5063932562 2984.80393944759 2275.54162411359 4142.79218228892
4629.9728626728 4422.13484318046 3930.83957448549 4467.69690102433 5302.90876298838 4251.68703602314 2636.64107417355 4788.53059277186 3016.15307150239
2516.77016099039 0 1506.50429465748 2202.11622725971 2883.64297175924 2758.28579434381 0 0 0
7418.08683581738 6240.60877621978 7977.44526520237 9654.87978591798 8782.31487289904 9089.1793744874 9728.11104888761 6349.62084824295 5201.4784968104
127.928617906561 0 0 833.259420620494 0 0 0 499.791014849244 276.679970081387
490.461872108339 331.072346298991 503.516962758698 655.695630936711 548.351626796725 413.82455330972 530.300912835399 366.904375210856 359.744579586757
348.369932110499 369.724261719795 311.035023062688 411.204459320111 358.862934175628 459.528092912977 321.299819568625 314.100422731743 310.495039205629
7423.72178672044 7716.53399964405 8332.21564555535 8872.74606611569 7484.66203521461 11306.567464335 5665.74932123151 7501.712202663 5156.24101243812
0 0 9379.16422803847 6652.19341214394 7771.99949016609 13642.3428820997 7412.77542789198 0 0
5501.68460848648 4224.40511364871 4198.24247324527 8887.95637063705 159997.139507229 35786.0252574814 17641.6167544869 8760.8994842356 58844.2860203382
452.999477055382 262.5538726789 305.053752467968 429.405134194852 419.620911928134 433.138895062923 263.444495770381 299.814093057191 339.669675233125
462.415080637445 479.57952474408 465.880573543173 443.246770865307 338.956136794045 535.94342930755 279.22611808003 410.415456539538 245.294405124333
1309.76626432576 781.827629007523 985.000181252648 0 0 0 0 0 894.984743922721
13369.4515057939 12963.4371171806 12007.1047769882 14077.3888679426 11066.9220233334 12797.6849704961 10220.9334983334 10227.5577518326 11018.3330335985
1870.33388478602 1769.45983088302 2004.62989436351 1221.74636850234 1058.82681314346 1497.12349019403 1301.60054673987 1238.46574307198 1687.30289788584
5182.75886756026 4670.96847025897 4826.17390473995 5015.5567755716 3843.97816737608 4729.99506149054 3361.94612777437 3369.80837864296 4296.65820229524
2233.52990889318 2137.72123162855 1773.82563781902 2001.971288171 2528.58027299617 2681.83216275585 1905.04697994445 2158.08039994881 1380.48976179393
2349.23185108299 1743.47584881112 1661.49587480078 2288.97432499658 1837.96995446658 1817.84285080496 990.367764819 939.849713293287 1897.56107030368
27619.8899109091 13170.9245505906 25223.9243370604 20171.4196148523 18803.873437971 26837.0169394365 11965.7784400604 9069.86189848934 20535.3687309784
1737.62715018779 2303.81958974116 717.212791331543 4656.65423287441 3592.48102515065 4028.00151367264 1893.51405568091 2152.74650215598 885.995103198247
2030.05763286598 1520.84288348366 1749.40149788154 2168.39118693121 2078.2040655037 1681.37244118026 668.956263957538 1592.55473790157 1898.47188425689
3652.63376356718 4059.57144142623 3792.42480718489 3356.84290322771 4487.91288256994 4503.57029761123 2857.34426372159 3503.80171113941 2457.86516634111
4574.8201730805 4688.06667591354 1331.2611313651 2020.40567691026 5742.56794274921 940.056024813669 0 3201.7079796882 0
8676.83856696412 5130.94622236556 6113.30618759956 8152.94715093248 8073.84461609355 8411.90177272131 4020.25425928398 5839.95293259318 6167.42550742954
2163.67935373307 1812.13336675158 2283.00319949353 3464.7229111944 3128.86542858435 4084.05589837536 1517.00700031727 1864.59810899049 1187.18037191434
1987.4825999274 1116.24558648343 1620.66001262093 1669.93088423617 1253.07192520412 1999.26684846031 1202.82459046365 969.448429874439 1240.48856561784
38055.7352985499 18696.4497173438 36573.0852765472 53704.1020026837 44466.5262053132 30520.7022387159 40863.8347351324 26726.67500928 27659.1103216548
66201.5546315763 62043.1066095264 45292.0027001924 66271.3530354393 59808.70874834 70179.5791188821 46532.5563205776 65107.3276954592 40310.9358491445
0 793.735122493537 923.380078486325 1052.29738210306 0 0 658.657810210586 767.47662544397 0
6666.75875226373 7371.54389791709 5166.62299999676 6069.20382511665 5194.33788445082 8014.18032491433 5546.10180687554 6327.8932362161 4680.83409781904
0 0 0 0 0 196.981977902007 280.418563751271 298.379211021472 0
2575.728778355 2454.13534269338 1692.01210004192 2262.42979303209 2089.8150473154 2879.31098045643 2061.50685909234 2285.39068662757 1255.24694960622
1967.43858233394 1881.07688666943 1387.2741979281 1735.58116085017 1651.78309458321 2166.93586989099 1433.40076300488 1727.71279246953 1030.81846506447
3953.01091156588 3447.0376978154 3079.76477462751 4481.61155042078 4473.25995172542 3829.79432240157 2254.48884104644 4030.24054714126 2945.35039177089
7306.18363071311 3445.39965772525 2664192.27065216 4363.30444380458 1850.8914991545 2107.96163960582 1952.28730544651 42744.6080867991 1629.07936401626
3589.08667021457 3316.98221273385 2663.73818573395 3932.08005436288 3857.65063148826 3816.70644483266 2347.10947016792 3556.84663845475 2497.2293971988
25907.7240609075 0 42065.5669450557 56450.2842374746 0 57426.8873659459 37840.6971747938 55870.303774272 0
10804.1288611899 21125.3622570411 27239.1800427617 15709.6136157374 13771.8297695367 23786.8374177838 25975.0739242915 22197.9014711509 57183.3710976524
5677.79060336358 6756.60111858908 3564.85203238881 11597.4183148436 9345.92397186338 9854.77024972866 5982.90815767843 6493.49582182215 4190.66475804776
9001.49446681637 10352.4037932193 6651.67637298753 11379.5312387438 6164.10254082017 6254.27407537528 4694.95008041169 5764.61281637236 6631.81352946406
1223.19388220376 1250.752943061 637.875665385763 2063.48012788397 1766.555123851 1994.19499444872 1128.75547409335 986.543733472297 898.751217983437
12472.3070853135 14067.9349834024 10797.3632360253 15477.6018321959 13120.3604002356 15716.2338699818 14401.5599118686 13436.1816241928 7900.71860220166
509.439478908048 476.274190063958 548.421289026341 404.182711372094 320.855533353334 428.159017618857 253.702532641862 403.920304522575 387.485118063165
879.043094918455 735.522628973525 431.106434653592 904.768705923906 948.774399284099 1035.65205061709 667.709328465138 516.237284497643 736.671185746241
365.01412647378 393.404382751358 249.471057875305 419.855011594339 429.788653662398 381.988162851556 366.96289206837 410.736495763684 234.331073909092
2903.52121632546 3584.76703735332 5016.56076493205 4606.52234792089 7907.34931972994 14603.7976044031 5492.14307989721 3178.2603057009 2210.8686266118
3399.88635912661 4469.25377675679 4361.77138921707 4824.57730363743 3554.07586799913 6214.39979465999 2847.44469899784 3429.81386580521 2341.10860534583
13137.655448967 25626.2872326752 2114.74701569978 2453.48300977832 12192.5184113737 1681.04572058827 1714.27979212944 6158.09614874521 5258.13900473852
115309.75054879 5811.35506292514 6265.93235329616 8126.00626970466 208875.921425933 4656.71350549685 28659.3008499928 4040.40352523815 4295.13501858673
1992.80840004058 1871.65755490824 1891.14895177522 2161.58281038202 120410.607132592 2661.846994427 98135.4516684785 2312.0647431167 2116.59694901371
1698.27193753392 375.025061957585 87669.0582933913 6045.46875330788 97416.9111198388 1264.16604583592 3519.85089181944 28717.3474230052 1748.65383253961
311.131355021883 306.988950278877 244.064264631637 204.868737327057 240.408391882636 204.429953473756 284.428366103366 229.264351518693 314.956425534308
7439.52514307289 10933.5489518626 23730.552855726 5021.47929457423 1562.88084062721 2571.90740719244 3764.34562141357 9083.18269878626 1831.69413459982
1703.48345651775 1846.90922172771 1530.42069203491 2423.30146327221 1891.96012525546 1559.00073897756 1515.59008705637 1692.81513631366 1659.51430467207
7542.89432996414 11856.2640148987 4383.86865227703 21032.4200796891 15743.8887325949 17515.0231846117 9538.82867351768 11153.8609049226 5138.74010647064
6386.1760573593 14109.7403013357 592.583165526205 6973.55675762086 2121.45031562459 26040.9949250783 1939.91308710408 94970.0368450865 1753.33797108211
3614.41232467734 3920.25509803441 4065.49386087719 3842.76036122259 4240.18428514986 6255.85883403731 5730.204965954 3790.95640898254 2099.11014763566
615.032680361933 713.819418480805 671.399538786338 569.477319491463 432.395417871016 425.011817636882 221.947912229809 671.715797245125 536.650011230182
576.376024378554 622.66282078123 472.504534865923 606.652852458942 475.292886591559 656.801588033368 431.271968772486 493.669767317705 440.458575981797
21869.9469700918 213144.827133566 112679.796485704 18975.6070112382 13958.7708310828 19966.5251856468 13241.2339454072 27329.8570548275 11743.6076591925
1196.97950239465 1430.57364042986 1120.14115304047 1491.56928458332 1471.69839549546 1603.61739955887 797.516568195549 1366.18596208441 767.557090177379
2717.64191815715 2207.30893975136 1964.15611272073 2685.32089966724 2668.28315148531 2731.80104081299 2140.98723941675 2227.24929234933 2104.65524380132
726.374418184694 498.307873101162 612.796918765704 559.424023139363 615.645391030387 817.021871009199 399.670763374985 378.889499055173 481.776381576209
11572.1128571041 9282.94981678714 6539.73522482025 0 10235.4689894886 6477.67946179065 4760.30138466661 6124.6192232875 5338.28969491991
355.777654522773 431.575812271454 373.677372395272 481.453105550668 331.430099049029 528.681952491992 346.838000550512 361.696577275132 298.008065254511
16944.9921489237 426099.179916114 2058.22093881289 4239.24419354628 5250.40200874935 5689.49725469963 1008319.46613376 10213.0891799807 26932.0131196749
803.70533493805 987.149240180036 810.633099899918 903.471270878326 670.138967397084 1021.19101691582 646.732201094397 772.064251839671 679.002105673612
1109.61924079186 950.23470102149 830.642057781129 1272.59195321353 1075.80385040409 1112.97210416958 893.595126988958 794.131140525553 858.540235924748
2541.33231063257 2635.34683345855 1709.4107494073 4007.64828094036 51977.7789654968 2379.00202763995 1857.90890634568 2774.57344214378 34234.7227251654
598.133481196301 857.126475796663 658.326114043939 869.988716596785 563.50218579747 828.486349061162 522.599528025919 661.202616147179 551.957584121305
418.933022580627 429.257932328042 494.047964497136 0 0 0 0 95.1791619374032 500.084115610955
