413.444772691416 403.687369361065 303.845233365989 615.906585315203 300.961300940601 566.066116333614 703.4026635358 459.887546133498 314.804716370895
789.421166118168 781.10709481536 576.755680372336 694.180009620552 965.985835813737 584.674785784886 386.879881754194 805.005568048097 439.960789431836
5973.12966493008 6438.14540080276 4928.26518509697 7198.82700274179 6089.65640551398 7430.33370467624 4366.16978213392 5843.18299658459 4394.45684615799
1468.49950960771 853.563563017005 1529.78437389544 933.843247603031 748.014952207328 1428.05861238898 792.118717659505 461.909253013841 1053.67924182742
29194.1916452942 30030.7038599792 24394.4230432698 37745.1527898955 24880.1541462036 23676.8008999667 15064.317420915 20822.4752084404 21765.6211533627
2529.64924128265 2599.79065153211 2566.77475903703 2718.53242163509 2710.22957534178 3810.59915987623 3343.45560316346 2368.44249843059 1707.78496054183
15026.4079929906 10628.5283961784 17316.7851381357 14197.7438251385 10171.1623692419 12998.7498025548 7072.00071823288 10715.2466742736 11669.5427692255
1224.6205455604 992.24223660597 1249.76752430191 1664.38537151487 1392.5308943805 1221.85947450601 1342.30520730948 973.697456392045 938.560083477872
10676.0523010701 9726.68750957078 12118.1814448502 13257.4511371667 11668.0553399946 11904.1614358297 11418.3851782455 8905.36856519229 9553.16163210817
20517.4900620163 25633.8688463822 20811.7733076506 22234.7531676737 15390.3863223743 15255.6088529014 15463.2881192327 21281.5874311644 19381.0976564431
11384.3036816457 8796.03213681051 9718.1010585294 7931.54691977849 10602.3876317017 13602.7458408057 7350.34001794107 6721.91529768354 6115.52353634294
2774.51376539748 3578.42797240215 890.634725839734 3440.14982079526 1688.17447352506 2134.75856687555 1989.82747067243 604.831100419988 1806.30948146769
6421.32760429009 7239.4305336047 5664.81289186766 0 6733.70087073605 8840.45751951678 7261.41832720391 0 0
2725.32032065098 2715.91626895921 2034.31306861186 1987.09208292142 3789.56678970204 2056.09745450593 1337.75425356843 3249.31559216457 1402.2344180713
549.661302784902 457.452947583757 364.740149293492 508.974103341869 592.13416811681 511.534829598895 360.407013429379 524.946864391351 307.381814347468
3688.66182087288 4852.61739749145 3070.84053051935 4892.06107716004 3695.71401394934 5246.15597787982 3604.8967830793 3270.40909233134 3163.43064917941
10699.8085300087 8447.97836047632 8618.35375647275 11029.7137228888 10086.1969832613 12171.0839429604 7199.40883696169 6077.17804044085 9170.50974998729
15607.6655060698 17178.0161377002 19705.5899105573 16353.6478455006 17197.5795789206 23653.2007030105 13083.2800617498 16225.2286948101 12852.2325662651
16624.6729839327 12231.7488932659 16877.8508774925 11581.3698772282 10094.2168002788 16995.7829805495 10280.6986131072 8793.33624915796 11396.444844308
1120.00610338811 641.207173816425 1254.19954694341 782.234914036169 712.767654524756 1363.00579796168 642.075030781306 328.330186829371 733.670069565529
13752.1945952724 12003.1497713436 10481.3200641316 24479.3992358914 18210.3231426719 19683.5896496277 10201.5298451829 11774.6968784096 9151.69955008268
4027.6941261088 1781.03286916288 3077.60418815246 2890.58547986508 3394.7060409889 3032.16825566658 724.618981342831 1477.67831440604 3697.33817563975
1634.60662285471 1385.19407337707 1832.57931329681 1286.76956492734 975.057425141054 1382.6945622668 1060.58773057548 1067.13118064412 1325.58145611735
2530.18766525084 6920.09722387294 1192.43485835015 16938.387635437 811.449698361439 13561.5929737159 1389.42621695134 12474.0529167364 2280.66012140901
1837.5271091851 2236.52143208682 1838.92568735857 1009.57022768631 1096.53006922939 838.47776863365 1563.25256114085 1783.49502651046 2131.72466232941
6013.59901839081 10000.5098798083 6573.44834836926 9568.9175919152 6055.90085351224 10291.9561673579 5654.44557997402 6935.13017040413 4817.71633814957
4756.25575443974 4024.63231990728 4787.33691089947 6136.95902315671 4916.3638665202 4764.14004577795 4058.97517541103 3770.83862016055 3578.80802365473
230.408771855546 223.977246005485 195.056305189245 197.231892302151 268.744792463954 207.129974543464 152.340390125004 235.170925703532 158.963302708072
1940.8959843482 1356.65183125428 1808.2212638831 2349.6997995611 1943.20149128287 1855.40640259165 1462.48253371801 1562.13620096663 1397.93467974807
4708.51784593567 0 3981.79742465723 6036.67510286783 3553.01432671577 0 6936.04831154087 5239.28838372534 3389.728531986
6817.09345450065 8889.80520864994 9357.86717924372 5755.75719662891 9191.39960032532 14616.5685918615 12211.8170686322 6139.46909938617 3113.3541811565
0 0 0 0 692.113524353563 0 0 0 394.290639080034
15627.666243876 18927.5640532052 14174.9254788378 16225.306847809 12712.3586413939 18991.3742488157 11942.2971003445 16548.2567468078 11399.0860593224
33327.4570717849 17903.5323936324 21670.6604929585 36373.7147919828 34933.0585921908 35986.6867034175 21067.4469793582 15103.0999666901 28529.3127203328
1976.58974795761 1803.19915790469 1710.39362408037 2246.43250667351 1933.15832535288 2422.25238137391 2128.60718144451 1724.20036247626 1371.85674638089
1169.73889562516 1171.20787232396 1053.60015779015 1305.28279188546 1141.79761514376 1529.51774765794 1207.3394691643 1109.90915679402 791.982237662981
303.392075151823 410.363180307672 367.061163061747 410.42321161322 279.604896603318 386.617098838217 292.406565790967 338.245296100171 349.739597307948
4526.10061644179 3082.93399093599 5161.46627754043 7283.29165704804 5703.94119340648 3750.04249614497 1900.50653179314 4916.98647123288 3336.84146931894
44194.3974255445 34328.8463581598 19693.8105072112 18063.6623318685 24737.0966904697 21649.0607678825 9125.32990739577 22036.7229875577 19788.0054136483
2080.67225704286 2949.69182957478 3218.58411422497 1417.67553067788 2920.64759940388 4510.55014552969 3321.02952202393 1864.19611474764 709.688388030871
7007.48579627032 5037.80530060424 6385.2780641434 8493.76409267511 7040.71761812376 6151.12060262339 6085.63424341665 4846.90800680269 5533.13528846627
3893.3341895017 1794.25577012194 66428.8173041399 11450.8828375219 51713.4887428623 2149.86479109284 2244.60878021215 1754.92075999628 2026.21884714781
6523.54083272465 235926.763355941 26477.7761275529 6194.77443810278 6757.15438864263 6788.5368600762 5437.02124278011 6472.9477169936 4779.94066510063
380.580095161138 126535.905437727 1208.99042971288 11687.5475136935 1692.77628225703 9315.35754714636 2835.49047110253 4102.47029641105 8656.2315331008
2915.22617537483 3192.6691326534 2525.80468019302 3877.44147858848 3239.76352572221 3023.98073467608 2950.96072192627 2792.41091866108 2748.49834324445
514.531207585066 668.841117176211 240.047446409639 1342.79194346716 1037.00949116007 1175.25739941417 531.805763799501 638.087867734139 291.029546423454
2898.35986880096 2754.69431654153 2298.84774363481 2356.94857246469 3636.58401170118 2638.17711769239 1899.60787972097 3135.02247236316 1622.61411319577
8905.00741134306 9118.12842767483 6231.46414667891 9742.70183427263 6034.44019186822 6926.50898075606 5092.21315930275 4529.17747689701 6517.58477640303
22625.3537383157 16832.6215723567 16928.3627337862 22259.9602879911 20327.4753679029 20770.621132476 17266.9512070298 12365.6855304663 19410.4992383346
13977.9241637624 14838.2174729906 9873.52478460428 23927.6481590396 18635.8161099887 18119.6652891555 11444.0367375711 13520.2395699732 11436.4588309756
617.034256412171 626.24142502404 355.615332981079 889.375913272888 775.757450736473 865.448617979749 468.260674907595 476.441459461305 511.732456347906
478.790389610945 412.597116858431 374.819079572562 570.763936495475 527.966772283793 493.199498617969 455.512290464118 471.621038460263 379.066469818523
2157.95381986789 2791.05969212202 1989.83329887142 4266.97688609854 2931.23839494934 3783.79018502403 1915.56147571136 2340.15427543804 1442.85301856745
0 0 542.259996994733 1039.06175783382 0 1051.83862515108 0 0 0
302.679289295581 294.626831448322 245.452612149754 469.600673421787 290.796940262675 260.019575446993 214.566061862993 211.053943676405 219.829873152039
1472.93722659777 305.031238956775 733.515725030685 1313.86920809692 1506.53589306444 1294.44634181478 511.014772465546 859.492199002444 1071.14621254985
12953.3207335606 11444.2989334009 10886.1293728143 11360.062978921 9222.56509674999 9055.31388540847 3762.97097242622 8731.24790323105 11172.0187766758
3517.98418602924 3770.55565152061 4067.85676955809 3202.77589354871 2236.07452747901 2930.66456522655 1687.24484622063 3469.23821943398 2874.21346679985
9407.2520631446 5157.45793087751 5991.32128018145 7468.84990544374 7800.60747459022 6743.33930533222 2058.28722381541 3050.78118195271 8321.69551343969
12309.8327896942 14091.6361770292 13031.4449535177 11636.6427391509 7575.94241122505 8194.99467753794 0 13547.8440392744 0
29137.0854892136 15141.4349911686 31288.5732804812 16525.3670232859 12270.7260476024 28285.6095941334 15436.0655245136 6244.42435583149 19602.1965898497
8116.94395717 1574.77360794919 3624.60539303297 6820.52383054207 7289.41639671173 7275.74992860701 2970.94095958717 4145.58131097878 5324.34484076871
36137.9089051355 13154.1668398944 43600.0046303418 25987.5928682632 33109.3564263114 25567.3194521129 3710.84283546572 20211.4474638682 34335.7260660273
5307.9346607836 6308.84439118951 6620.86679974614 5248.03613414728 3426.36083872613 3674.85798783716 2264.8885795014 6272.76951853381 4765.16911558665
78573.2343959963 45754.2845200738 66215.7877193923 79638.2148863382 80423.8353487264 106534.849874803 48269.7712624174 50484.6782822381 55309.2762001307
42642.6404189832 37426.6445427653 52850.5747050223 35449.6215494852 30504.1596487791 50991.6999892726 26806.4056226556 36594.0969510872 40478.7841182573
1781.85300431547 899.51932959411 1404.80120495672 2143.98226393371 1858.4160716724 1684.19683041148 1026.83043863343 1435.4726411836 1299.51184702843
7145.94229306881 5437.67642954616 6315.36246293374 0 3908.12841667207 5302.85476827005 3389.04330835365 0 4715.91968600731
9316.82203821688 7780.87983146048 8084.76083865228 23059.6757726449 11007.2663194195 94977.8229897194 6329.43783582316 10910.5853187546 4665.93093849207
1558.85133219085 1445.32864728911 1136.32908624875 1212.34115943621 1708.97883403398 1411.2810811971 922.875263846324 1481.14329376347 853.194569885316
5452.27700165071 5627.74833524711 4479.67704215509 2244.55438126229 4857.5519477099 2890.78103258168 4834.08974459429 5038.57181458179 0
7243.37629796242 5586.95498732497 2257.5675058187 7005.71096604952 7697.68327285702 8334.26269865114 5213.27592826492 2759.615588554 6564.1248671942
7835.20653941068 7403.70604203252 8101.5957468687 8289.23371987506 6552.71592788902 7622.34398121704 5415.53709632572 6808.32856739703 7280.23847405454
1403.53779129552 1413.77192939339 1250.79657048709 1090.57635881164 1315.30174476773 1769.46831941581 1376.40855973726 1319.78545535236 839.866774652356
47585.9484064747 31044.4300244598 42031.0234794804 39213.7440319056 34566.5912165795 48553.1285027003 22388.5790166959 25376.6978078055 36410.7715479374
3286.87816516363 4789.84049109384 5138.64249839788 4215.5960855411 3217.56243530368 4610.12723792248 3472.11994151985 5217.35040793767 4759.65352662618
4551.20536752492 5957.42184927221 5824.12158572721 3635.05832598435 4497.49458757664 4972.38443173711 3725.9751418682 5578.25917707117 3250.60019386881
6616.54459485453 7498.28724969556 7445.00718286639 6737.78244862809 8350.0854485598 11616.7435378393 10734.1616166666 7202.69223649527 3544.28924031282
5889.43789935529 17170.1579602732 5324.5238455419 17658.4390523985 10247.8483512269 8916.58741891735 11187.508145466 3401.97068881346 0
15578.7676717105 17983.1347616478 5082.80980630669 19057.5572803423 10275.711607723 12364.7304762216 11426.501897127 2689.09813255833 10008.5977446628
10223.6691946139 12919.0488674173 5121.67367000206 11400.5629395112 7647.74516374817 9990.12029877712 8686.13703737709 2383.77513075708 5943.1016421542
2946.19983437528 3261.5325609573 2719.93430893152 1250.81253958751 1980.77704669925 1607.18610538696 3163.26385665531 2098.64548901277 3306.53800503037
8360.97726552929 9598.34829611226 2539.67764872124 10015.2106101697 5270.00282434668 6183.92559664444 5430.2244751309 963.689550452178 5386.80926620992
45719.10672823 45292.829048423 34881.0977797392 48747.4067717452 42387.4205350785 52500.3886020416 34692.5159813652 47231.6922592637 30519.0280241372
4225.5503865956 5508.86104251808 3568.96005724412 4940.65247432577 2624.67064039044 3089.42246915364 2243.03122894569 3399.19572142792 3353.62519426729
4259.82909026096 3422.36367137608 7892.31002401135 3833.70551208479 222475.24011205 4630.4225067409 4793.27202436042 6900.39605146218 178692.923373286
4697.58374406199 5018.24918511 4252.49035729294 4660.33320362336 4601.03580379874 6112.11261683502 3966.39811654045 3545.34272388646 4801.23629592195
30313.3507097406 39946.2617646086 38820.3830991878 42113.4705518413 34322.1773657807 49589.1001762136 24819.4772677534 37737.4856628206 26125.0767299825
26141.6891247537 26360.1871731353 21224.6206984563 24423.667807202 28913.054221836 52973.343155246 17260.9331319121 30342.8084005584 15824.930991121
6307.3213275848 4713.5735879457 3727.12093957556 6095.83986957572 5632.17607445103 6528.97778972176 4138.80700144093 5374.01069474751 3978.973338753
10530.6233963962 13239.8540671744 12153.276982897 15440.5791682892 12781.7240978019 16643.2588810895 9520.20121719612 11373.4155252472 9570.84932359192
3350.43196470381 3156.36246732134 2959.4747125639 3247.00446834546 2566.7289695828 1940.49322143598 3023.40755620419 2345.40667437939 3114.12461478169
29622.0788746363 35594.3086601888 31051.9574970981 32897.0886947138 0 43822.2776480604 18921.1000636881 32071.9009353429 21720.8368116531
24860.2561043242 17770.9212063846 22467.7518576417 17543.6023404409 23229.8114132881 21601.4489076769 11774.4163707244 17653.6533354421 15412.3744425237
56491.9161184955 58210.4337889904 43054.0244262805 56227.5580896356 48292.7748767585 59882.739182088 43648.9655986746 60654.4366412098 42599.2475982273
22828.4650498622 19721.9230964531 15939.7847999176 19659.3892199075 19512.0581082059 23256.9041690967 14784.3916027929 21198.8008279127 13048.8605714526
10360.8219977345 10016.9757949174 7391.60112787318 9035.05906991033 7868.20313911484 10992.2641757499 7182.40674515628 9959.31422734907 5997.41954625715
23281.6915770807 26607.136440263 21832.9095307433 22568.3913486907 18902.5991564559 20148.3684556269 15163.013800509 24988.5889891353 18645.9982944373
19884.5859160318 11878.6479605689 19019.2737648991 14216.75306559 12917.2906641593 18910.010956965 10358.3312928179 7491.28203374272 14478.9161736803
2465.46160750109 2522.00521857464 1697.23356060557 2203.59449174446 2047.92491894718 2895.14516844995 2234.70605647715 2336.05209857499 1539.64202184731
8926.13073113696 8058.26294804545 6804.45299907513 9338.56110081428 8935.84217833648 9095.84109053884 6048.97792698872 8542.03396717459 6313.30091541543
0 6452.79666755826 6360.3238891639 9029.47153118607 6858.83774895049 11120.6614747124 6374.2448444781 8757.73215190875 5197.54523602522
5121.55906150175 5191.97601214019 5360.10394082287 5386.0672291581 3514.78056370561 3410.51807818995 2409.72596536485 4539.01092743482 4488.11778907961
37047.8932427016 31449.9222059087 27206.7633349894 28291.2590804185 186895.257297007 47523.7039164459 42060.0858164926 26299.9298106393 20238.8506904665
32990.9954716831 80508.807472481 15440.6746023725 15488.3644190328 32632.0378415321 14192.3209612374 6775.68426301494 15567.1839089158 9403.34747066332
4817.07848895532 3863.71839244878 4162.92783932063 4929.68490241436 5389.49216973683 4850.98434359771 2718.25439372057 4072.53565623608 3826.49856797266
693.296507051309 685.446138293278 662.777149061162 1141.87227017774 610.973945554867 1308.18816711759 1614.97363347187 979.693867099414 516.06365304291
11613.2225459742 13370.2854893448 13166.1110550198 10941.558873948 15114.1827423477 20143.9140511771 18056.3831213184 12834.0042815339 5630.33192808947
6235.3913492551 7270.60052064659 7174.38873085725 6638.55555946567 7776.45917056877 11029.0195440628 9598.22654944094 6877.93025207334 3513.27827500399
9469.29905518148 4827.32560682245 8148.52731710586 6725.28380050051 7296.16208437224 8135.55016945309 3276.38190732699 3544.47291059761 7793.81203101949
10775.6048367995 8303.37275152908 9524.1161185678 8370.66967032743 8175.21488759275 7960.45632549677 4387.92482562245 6379.37659796387 9639.72788010655
11295.9282069443 4750.79570169634 6300.85363134333 6089.78099674619 5687.71724277151 7849.22672911412 3436.87761408339 9168.18889890069 4561.20790612802
3644.43521676865 1068.71421843711 1535.39340838019 1448.97593403462 1339.22759064874 1814.9040299856 585.677027398132 2752.48540761508 1140.38889996827
111670.906297393 9534.42773250514 11036.7850625333 8327.44663984707 7877.69276769912 9690.41634204843 6866.2146390905 34326.1326991395 7677.52176075794
2423.76987874404 3105.93924564766 1285.57741671108 4929.73142634372 3824.96666766454 3957.61687242211 2584.96211867194 2502.42271400404 1870.68702585605
471.498858079358 257.14972852293 295.352123870161 470.800024392554 433.930981033825 575.779348802337 290.759363844077 287.250185585052 279.50926949991
353.337076123486 383.366260488561 406.985830943677 449.208196880542 405.810257157664 344.04077414816 340.289371204763 377.537477551924 471.371814920544
258.27644788088 425.325433768601 397.454762037997 436.888084174554 267.531433379089 430.408340432676 254.373306236309 367.571349764858 295.747289771249
600.358610974713 518.778711084295 524.132068876716 587.419843374087 616.209695605952 778.454839137998 435.408389548255 396.68293460978 373.772048088945
1534.58606848094 0 1372.36041960439 0 0 2745.04945873546 1423.63985107388 0 0
3200.84704009701 2221.4099048737 3559.30560130804 4996.27210809465 3801.15171937909 3119.67302388811 3581.21776930126 2490.35737309785 2259.31719104559
404.934159932588 453.646079139614 433.009440458155 530.001279177289 483.685897081994 472.000459290647 331.899537810244 484.094562826039 467.0849375852
5023.25242550067 6264.2143599737 4882.38502714194 4385.26661445916 3968.54117914493 3712.84976412285 4245.47651818082 5101.13599939408 5666.14010680373
9292.11406176352 7013.48689406766 10987.6615353531 16379.1355449981 10562.5088420607 10300.9161399245 4639.10152055571 9622.48569426595 6621.29530310248
7552.14440021925 7741.40932662855 4955.66337596575 5197.90040121846 5347.52305579702 8263.42665510442 0 0 5021.96377050457
8342.30866649648 9149.40522756757 6778.83904248219 10580.3325814183 4208.01089443391 8452.13130927196 4816.22080307352 0 0
17089.9659150187 4767.81598946641 4456.3695166193 8251.66996523826 8879.49577206015 4825.42048209572 4357.98607770511 16622.0329575524 4573.18279703979
31034.0990816144 22853.9035109542 12216.9033226486 31056.6128249846 33045.8540488801 33976.0750212708 24523.7460220093 11862.899512821 28090.9709413903
83.3776285202761 98.6304500669459 91.2433844690421 88.8471023912377 94.5309550141149 103.092169385876 79.8761884621887 90.4341446484266 81.1239253697333
7832.83418589258 11036.8095257232 6490.74080312846 8778.89709676686 4352.93906743093 5269.12436747004 4398.78178340048 6430.67247022519 6104.52097161251
12197.0772718099 9149.5067677102 9333.55713604188 11312.9021949152 10523.1404639139 12901.177665105 7161.81525418041 9422.61795106127 8168.96431619424
11091.2262300909 14344.7895896718 9721.11702099343 13104.9667217991 8307.96945664781 8581.4048184476 7301.12808618864 10436.3567444612 9632.03108252416
16106.8566299912 17769.6719116414 11822.0630461037 19974.9312766278 14598.5088165609 13349.930822899 12828.9986850889 12674.521431128 13848.7450052138
9382.57605177122 6173.72259529982 7407.09897812646 7401.61739913418 6835.20758757374 6687.93310183907 2325.99038444376 4089.15919480937 8143.58494580805
2483.10898635519 1370.67117903405 2245.9867635328 3208.58313974444 2763.02808224965 2113.27301796519 2395.41851655509 1753.41015216805 1856.05837476516
1568.09397843128 1349.91155366716 1607.17909601745 2324.66293590392 1702.63071312732 1491.45507698724 1045.10244062204 1576.79076676141 1312.60497493432
936.557825719271 1178.95307526341 1261.57661917339 1121.08065854301 950.672021719161 1292.64344401714 792.853744007466 1140.81008485458 931.174732145833
31607.9554790892 17323.8129460058 34384.7358670453 47596.1905401807 37981.6543790717 24346.8014528307 38151.5652340318 22247.376134336 23625.1286806583
1392.31463041468 1411.71226760966 1337.08284439783 1596.11741047968 1305.95743763945 2245.6520467337 2078.97625246026 1441.9819804013 879.817089498091
1139.85171452083 1303.78354629491 634.737961673967 2007.22646375148 1619.60784124531 1689.70820126543 966.562529029324 992.537137526414 833.148597591651
675.201710137248 624.653550866123 717.008000022283 1047.32400308308 937.179651595953 687.730431982399 432.208079486601 737.400730990366 664.888282682315
3382.31259671765 2277.13283394015 2750.56971513814 2987.25023683008 2470.13494892783 3224.29526301272 1664.8124933869 2918.34059189877 2467.86565080795
78.8514759460908 0 0 0 0 0 119.013613634354 257.664401744794 0
1050.69383186392 630.940771164212 829.579711728717 1414.80739146345 1067.81445826868 961.882905233094 494.330208245293 823.288968607986 781.674124971832
2965.36740171375 785.391479370412 1301.25009598665 2765.43444943365 2760.77437747068 3406.10551394702 1390.91174123321 1604.52313774563 1613.67880439331
5547.34784199977 7465.46774008117 3747.33436321605 11401.1862867064 8781.16946683714 10732.4546783348 20365.4806553798 20915.4466933896 5388.63850747791
22224.635118307 24212.4073787636 28913.1445583724 27669.6105767936 23939.1770336836 31175.8241271662 17486.1290954409 24566.0138012328 23780.3985961237
6439.76709593945 4834.86606982146 3846.89386236208 7638.15805301039 7175.88781856081 6424.0949118208 3980.11111168036 6219.77408691925 4565.82780914441
7689.45825869516 4299.36465151311 7871.90594239853 11066.8279130091 9058.18564810195 6310.40351124593 8354.08456805934 5743.85342343609 5704.48081428507
9505.75310902992 11118.7802803498 14460.2665218858 11162.654748265 10185.856724066 18235.0242868074 7117.24211802421 11157.8304218088 6769.25602905845
38521.5627042905 18587.9371053849 38192.8499553169 23323.4962540285 21829.2634923444 36475.8126096219 17335.226957648 10247.3971542378 28882.7089063751
11287.0066027549 5014.80809747495 11039.4266625161 6565.98704135999 6355.91184987885 10262.9826516947 4497.05553340172 2660.56000357704 8584.94257593179
7236.98462907832 8390.08514346413 3507.33964903165 9373.73079273545 8242.76408741559 8219.92349235394 9815.14241367273 9224.27374139263 4075.94355814907
32518.0212449204 1767.87142062856 6594.58318054177 8419.76952859678 11286.5212385585 9780.61813358482 3454.86001098201 6977.43406290621 5745.42299466641
3325.29802833371 1562.20044996234 3877.87987007564 6210.36410496051 4284.73810610894 2813.68393467447 1168.02004239526 3688.41041542575 2628.34706189979
35084.6264497093 18961.0082164946 37976.6973355281 20606.4984537102 15218.5020491162 35024.1065294702 19761.6538092079 8313.50978324014 23462.1013539334
3171.04409151203 4480.62012567724 2447.40945973123 7933.27077654688 6113.01863391599 7240.83864139811 3600.16510348566 4390.47505326404 2059.38622481813
5309.34535551924 8757.87946019586 2075.23046653656 19499.0781280014 14134.2520669523 16485.6248190901 6686.33091599946 8562.02616103708 1991.22948832078
2596.77034176895 2831.59550878437 1521.75275417314 3023.52863473907 2807.17341713238 3158.18087182184 3350.58570505479 2954.64005786012 1425.10739731562
2953.37959021386 4084.21462963253 2321.03214333882 3041.51186732641 2789.86004941539 3123.57385768955 4284.85534818452 2824.35522845964 5365.47132256474
576.565185724443 698.62793206166 599.98658768798 599.439526110509 452.945520098224 771.886491362414 499.402479845081 578.106567873329 613.494565210777
7885.87436990229 4305.81245957605 8312.56264636361 12527.3211986963 8961.78824338039 5779.01737256659 3280.11660014227 6868.55239860266 6717.30447093214
10067.8846154054 5580.072493514 9793.23848407667 7759.62876136683 6937.0308873457 9713.25994765576 5229.38863080407 4401.61147441838 7400.54802899657
371.495139058844 348.576102913409 213.970672097162 397.642414775924 389.627441598532 422.872055674184 305.642229823255 211.484347822694 349.290572557311
1781.85211535572 1524.05947766446 1005.85481384005 2072.33817852739 1996.94954218654 2093.75570688237 1467.60528271373 1005.29344454714 1526.060936339
3559.97301336267 2537.51134472891 3265.28949609683 5314.85206862035 3683.14418883301 2869.83930927304 1587.63215937675 2823.68683173921 2784.96328643919
4351.2183743112 5105.57582091414 5193.63453850436 5520.41539200261 5636.22358299863 5156.32051547889 15100.5019445208 6609.94929862738 2979.87922641639
379.246732803855 384.726259316688 335.340184783999 295.440838873365 513.584122802452 332.331443728196 185.732962263656 436.823073789964 203.733664541289
2024.50901635226 2548.27521120666 1126.91404755933 8318.00545600883 1320.06182249046 1810.52373480199 14867.604155197 951.80459242298 82673.1539157795
12339.6490736245 12836.7375231976 9386.07615915861 13020.0678840805 11489.0304790404 13840.747605537 9583.2895532422 12329.2402671641 7991.50015625937
1934.29229112939 1946.40211014239 1192.92569923187 2288.53489016588 1505.7819623754 1688.01739606295 1153.1217104247 981.41701591622 1337.97689252529
3460.23398524422 1963.57888997678 3008.80976995518 2413.07136939889 2250.49097228531 2846.76140800237 46208.7761715223 2041.46372349125 4886.13532057348
9803.76401760611 11531.3040944142 6860.38234864529 12264.363833661 10253.0525082353 12331.527002376 8191.34370986907 8510.87585632802 8512.42916333458
3607.52917939832 2850.47375897733 2738.53255955317 3014.48215958183 2875.41491871112 3908.47532792973 2011.22772102061 2844.0333287562 2243.24721784943
890.245629212627 1177.89770584415 1230.29185942971 30985.5938811823 557.006755994738 5044.69042226295 8283.23946613034 2246.03289011644 752.770197858703
13330.662130642 10266.550479643 9395.91755654746 9668.13410621807 9714.20741139544 11722.3118215221 9124.77473147834 12081.4878912172 10750.1764471734
8193.89665617545 7822.61977058742 6897.55666092193 6957.02333130873 9872.06605506113 8504.39877049922 7131.10834286092 8327.58343280705 5012.65177446064
22214.7641731851 9998.21845239955 22026.9383784424 12946.2557979053 11290.9268915683 19775.4010468787 0 4782.5251616486 16580.14748469
560.871491586913 608.645132509274 572.943732858957 729.728956469889 610.206010518438 628.097732840809 415.142484859266 544.022927578091 558.326670243111
15171.1831781217 11336.859880157 9573.06639127888 16736.9953997039 12684.3033753991 31682.2225693256 8333.36049484313 10761.9337406256 9814.8964519751
5871.75247090017 3169.91581419868 6173.8760309407 8690.65456864955 6826.85407448199 4827.84939602216 6290.00247247967 4335.9703231601 4280.27354948129
22141.0291224282 16890.028245159 10605.5699539521 17623.9644809484 19553.7513679267 22812.6526166515 16042.4195435184 8106.43460991631 20207.1589285107
10045.8794770094 8181.46103918135 5946.67445584885 12177.5235940917 10686.6823529324 11306.4730540742 7769.43997464587 5853.83261020211 8101.2296252946
6340.02198151234 5413.66885433312 2232.14019464329 7520.29964232382 7619.03357893689 8161.50085212583 5047.28908676467 3375.89349432836 5399.61104478325
1207.31448216782 854.269334197147 728.317899972254 830.314119273225 955.365042513047 1246.70634440747 719.277857688573 839.277265573611 529.705159827341
1329.96046215808 1626.63842890831 1296.04799101036 1492.30450385713 993.462323649388 1727.30571670764 891.309098584523 1197.90707281474 913.191129374188
1071.33828291183 914.501395927661 593.186481114794 960.38597166437 1046.05593483322 1131.30564788661 798.926209117333 623.025764290172 872.871591376744
6594.64955637912 5670.33478837004 4845.64063313712 5958.58048901963 6313.96334114654 8042.51409744899 5205.73561285137 5588.89738955883 3179.28051372813
2924.56738413219 1311.13210236177 2097.2075626745 1755.38950070361 2597.93311830424 2323.52274181895 694.365329900064 1226.11482854732 2409.81749742487
498941.073050332 34340.6965225765 27440.0433678036 34831.2344400761 27955.400042108 42862.2611118075 32596.4761350071 32103.5263930667 21552.1045571221
541.578226839447 463.034594565424 638.395733736717 799.023594281957 612.998894093836 447.379468217695 704.775314971974 382.251559283114 441.901577363453
1558.20886054716 1342.01780337972 1638.6720185074 2134.06607537419 1720.4725837781 1481.7608453389 1703.92889897181 1324.49372894437 1163.72207343482
4366.63974829419 11695.560371849 21051.8653362467 3833.5371498418 6283.13585972325 2510.08050286798 999.334917696003 1481.5421339957 1357.40846074049
737.122862695643 698.713789933386 454.865089690734 1126.51587177837 1035.36606074602 1023.95578609004 609.415700238686 709.854218790207 498.91713517704
18345.9524684233 18589.4727518697 16741.167343909 42.3373097379554 0 28509.0935719597 18354.0837089863 18133.5890903765 0
2702.1804776445 3153.72798200514 3587.51750068351 3795.24629774981 3404.74164240908 5210.67293585546 2491.67617423172 2765.3566790838 1951.7671870992
883.480866613846 797.389875485893 706.188654396875 627.453169208054 645.920656935639 835.669063958934 564.761676962372 682.852859185749 515.387452452092
10464.639677766 8009.91520727528 7789.29010541443 12601.7102316889 10195.1632272274 8402.38978155247 9733.66171042163 5806.92764376277 8412.41070649028
1644.40789065416 1898.41740764144 1053.41548377768 2235.21859694678 1209.11274817983 1757.76116501138 1836.96925385515 1100.4711094835 1117.95876447507
9664.82844961257 10376.2590548194 9365.42750883121 10227.0796734767 11634.1324399802 12318.5794112621 9167.56469688918 8972.71587873791 5547.32924179047
8119.30676986998 13084.5287480425 2968.26113288552 30059.2502576355 22047.7542933851 25409.8885696533 10465.0218245251 13385.0319864211 2690.14863565633
24757.0218741079 29790.1906536813 22128.7025114421 12593.5264712706 16737.2289320809 10424.9420387511 28655.3201881907 20954.0109743532 33381.0419292047
3451.46069595343 4169.74201820084 4281.86609187154 3461.80336581465 4461.26029094113 6749.34794878416 6271.2462311448 3840.15288362724 1696.74323718708
2075.80772154599 2619.29118671331 1905.62326064759 2192.83270835197 1735.8275720573 1872.65379165794 1649.47362836515 1902.0994758922 1980.58294619046
2533.40083047666 2804.06924868053 1093.51895297801 5351.8350248945 4278.90186524025 4993.80771463634 2373.77689851678 2293.95212835392 1563.94532409899
5583.13354252758 16820.634106107 943.948244973571 7101.73087848772 64733.1546984114 1450.27677261493 10211.6984325692 1016.3242433238 604.374746742082
4350.0758898158 5199.7641364982 4015.45586284225 4440.90607954006 3289.67384948238 5605.75722231764 2839.37501707966 4047.9986185791 2813.6805670142
6787.06327196459 5859.28716804043 5476.91274435624 6790.69037553371 4725.37979283863 5545.99513980957 3972.83784187861 3454.9521478189 5118.71177860093
17612.638952501 14861.1947399422 7279.56542700044 13015.205543382 16153.6087758472 14380.1118753093 26204.4563623649 22812.4449596479 14576.2819735861
2741.19085052789 2097.72622994499 2131.91195461105 3307.42188144099 3136.02566182305 2716.77157159643 1473.69112302215 2536.65701017258 2279.8821816146
20024.4858000052 24316.2034731761 11103.654950151 35842.1040698313 30242.4072998849 31633.0846837265 21481.2905124753 20097.7007514693 15951.3384145307
2822.44668302432 3306.41806134225 1915.47685190497 5375.22378790358 4374.31248329501 4710.52956560016 3019.83695108245 3084.33866771006 2003.50184823127
12580.3109089976 10787.1865878213 8984.60182653466 13911.9274376377 9958.37479391086 9663.50296834089 5570.70413990943 6368.20576495123 9969.88075578303
232.821535385599 268.218522180171 251.813464160685 250.834064717768 292.68790153084 355.732256968554 282.08186178148 260.47764896237 170.463694283308
1598.04582251484 1843.33129744479 1689.35908276045 1592.29021609832 1108.36727491402 1347.27934842056 917.762319808697 1675.59514682075 1230.26933019125
2673.72747202837 2201.90082120284 2139.64874458843 2928.22796239302 2751.771352059 2696.65133142865 1659.94175607607 2180.65857802322 2113.87981847709
2232.78340301189 2332.42330584213 1925.03417639486 2100.061080665 1401.69765932274 1515.78419385723 1482.37942745376 1395.70885760581 1897.41953236322
2276.4383120035 15114.8611780051 31458.4995864255 1335.83223549832 1178.31516027173 1255.36405845629 1036.86292828762 12107.9055493517 8342.4707974165
1970.11066013899 2288.10768047629 1720.27315317091 2399.00453348155 1661.28472521229 2377.62558992789 1498.91347244322 1654.13930850321 1524.60015216107
86.1587976111499 106.569628709225 88.1052969745684 111.877831130103 83.4254798601165 112.215834827141 69.1026842677212 85.2417561401462 89.0176365346313
3126.88476488616 2333.64874721116 2807.03609283425 4009.39321336693 3295.38408195599 3209.75469759381 2787.62796991093 2745.87530430936 2254.19423049096
681.259159033645 669.190818176196 748.721219744782 570.952894607472 411.563489296733 603.894424534513 346.440440312981 576.211557929668 552.632284260004
0 0 0 198.487760448804 0 0 0 0 0
3475.84226622029 3837.44324002613 3287.47446881753 2947.32769148795 4675.44910561446 3994.86559225895 2640.97051186043 3641.87903486431 1747.63602692828
14160.4017443047 24151.9806035107 30315.4882977986 25544.2297345427 20435.4341984678 38958.4638434926 14291.7542526141 20913.4770067222 12230.5556603524
1394.24619410789 1165.42510497864 1480.40062191597 2107.57364521123 1513.60170778594 1357.12132443129 868.095948307778 1414.65463893442 1058.29684076307
101.264652928097 134.483963247227 133.154416035712 175.449122917316 125.606952600471 123.186223250751 104.65033598987 125.073602874254 111.52874479405
11588.524073164 10925.7547566815 10546.3350914266 12597.5074378626 18140.2319480763 11567.1525364758 7290.47537252298 47968.6865994598 14532.2153909809
6055.10505091877 7288.54723641053 6600.12056445096 7291.67300508434 6370.03570374641 10537.8371554379 7788.09660212307 6656.15332794668 3925.31151005123
18281.9084242577 14816.3859693428 12794.0353737999 13603.4282569005 15543.8109971224 19024.1190808331 11214.3250527378 11069.98508826 12652.6702049774
1342.40364753478 1029.84743162784 742.397279544184 1441.5277814738 1385.00297902905 1447.00571132918 910.981520888954 1084.31003293219 932.182453871391
400.791491003081 381.959482188757 314.959249685293 286.559959395236 418.669296150111 384.085863290346 268.325405400208 368.747104718418 193.856933473039
17989.8052186001 16382.1915841244 12834.8286204221 18521.2801949711 17942.6614008573 20489.828574807 14605.9215357836 12530.6775973245 15686.3210048307
6441.51047192567 5277.0512317433 2761.13646053365 7348.66319278126 7488.35182099617 8221.91548700327 4867.78660401362 3326.28444386607 5304.83870918808
1342.69351206391 1342.11201874894 1318.23768411903 1534.05909147139 1263.46963519373 1656.01105334118 1101.32314516739 1280.51211504749 904.89998200918
1500.9445186705 1530.25886335618 1214.03225283806 1843.40930270268 1192.29210189906 1166.73512700638 1103.74952099866 1041.35127765145 1102.0542534374
25191.5497840914 28124.5360888258 22829.2732258438 15991.2389269827 38352.0231690389 24854.6243946188 17065.3253009896 32107.5202378559 9700.79291192804
200.28316628449 221.040269697687 235.659942327641 213.826306001923 247.477744906508 240.59503437995 168.302455809477 233.147718147065 189.079566047741
19504.760000822 27217.0758915384 33176.3594741093 23204.4179118862 22908.9902147971 39389.7729026213 19099.7934420108 25887.138551791 19392.4522939421
35870.0016042297 22106.2663877021 29864.0622282412 41093.177192577 34455.2175145728 58411.7831233132 21677.2083631521 24511.202223761 20802.2002665863
13976.0575116181 16650.5160585371 20059.9677693067 15473.3264676559 11654.2616198633 20222.7453017405 10171.9802843824 19381.6541145811 14455.5502925816
14174.6623995142 17168.4945097853 17875.2813124645 8556.99696612609 8900.68830114699 12045.9897431155 12543.4258093106 20784.2352176817 19706.6196090347
5148.97232988701 6763.20993243223 6299.20025587804 7348.7742181308 5438.06299299073 9021.52748667222 4178.70789822216 5981.04903545787 3472.75553423856
2616.18333086549 3446.87109481254 0 4833.31660308165 0 4360.04291894687 436.229706691528 2560.61922903208 1072.33027452389
28752.2645277364 25926.8584584335 23370.0376295922 28425.066513211 23258.0166218691 26087.5067801236 19174.0512141276 17460.5252092845 24591.3550954713
13252.9677329064 6814.6669453099 12519.787716215 18131.9199063816 15302.1227226529 10499.9444771936 13818.3124669705 8937.10435019611 9830.62189667319
3006.94551079237 1383.08071860748 2938.67789531432 1774.61491543948 1697.5271237488 2655.28801402466 1139.90187894465 790.948179708335 2323.39879881931
7534.57554033338 8072.95885392615 7264.05392394846 8595.78713783032 7685.38599023745 9600.07842449391 10556.6732781526 6359.03128699502 5854.01025791216
158.94081607122 146.669182346095 160.737348133664 202.508380623775 189.785052575441 190.03930940647 96.3851151605385 147.548278548427 142.281227531429
560.11948851731 515.021507900812 371.061161519175 503.785834720301 662.517120424344 504.296584919701 361.762503893287 554.666454117517 355.884660477974
1253.73167988827 1223.1520709725 937.387939514932 1066.1608184805 1449.30414989111 1120.14040804932 726.904959395361 1277.23438151683 771.253600396591
6466.7246283884 5917.20140049015 4893.09856497961 7753.90116846438 6163.4189330208 4905.70353818091 4830.18987369378 4759.95676333655 6085.88988220093
10189.1966117177 11228.3342538475 11226.0820714841 11931.0205027204 26124.6917867641 13439.1823409301 10724.6801986053 17694.8558653655 6420.4896532109
20588.535884756 18024.7316647422 16630.6506418771 18800.9122344609 14464.3033906453 16872.3120191822 9536.28998935582 10113.0552978388 16132.2061962862
712.811213396793 613.465050006473 636.493920971639 820.586672012737 807.248040280734 718.972072357877 429.495358203062 655.361082922667 637.659695947318
2515.74370867837 2591.09721631238 2401.55530332081 2516.86575757426 1805.44479041698 1575.05535297527 1576.49060845048 2054.97591928933 2310.35250933751
759.958578575609 491.248362667128 911.751452967534 1209.62855836196 915.623673946685 569.562903543148 990.479026871425 560.103562795696 588.735133847739
23204.885986841 11956.1534610233 615.441438220048 36029.6822732502 28275.2548781709 16366.1294544352 28353.6788172932 16585.0492563767 17529.0307944902
3498.69868952278 3517.02600995799 3139.18182556568 3219.72657359915 2699.36052109808 3215.04841709577 2804.12051345523 3022.27331738929 3017.61471514355
2668.10826133194 3137.79207221267 3015.4583794597 2730.11060772206 1988.36195045047 2260.76925565458 1398.2019175628 3243.56386713172 2235.33733618697
79225.7521763564 4149.4998348447 9949.90517676155 12452.183234121 4560.57278678247 4949.47831737642 5996.45140161828 19559.4904466778 283922.737254425
659.737225397546 473.744214729381 664.221603983978 523.838209137144 553.852577572845 481.332076855855 193.969948999305 480.168788988497 667.832633181316
3796.43619818992 3982.90734015745 2575.18636530296 4541.55232168479 4099.15075604738 4149.9358985359 3971.14042602046 4023.56550885454 2528.12010005142
8431.91039945361 8820.82218595676 4128.80849630108 10205.2056981553 8718.7350682078 9756.2490195721 9199.52093447454 9376.60186009216 4740.7087554093
44320.3495862594 19089.1470744891 40109.6769302851 27081.4513365192 29139.7236896924 38991.5911247223 15082.7590091103 11787.0962878816 35753.2255590482
12224.6512573508 7177.08433053381 12016.9976771031 9558.62373060838 9578.68832972716 10626.7587304871 4553.89562864913 6508.71438237149 10814.1854612915
339.392200564133 346.379438001123 358.874126296085 367.061460043813 433.033233073824 424.633362889932 278.829253453054 313.52751094936 233.028956884129
8155.88354128093 3264.21699209742 3992.37456913222 7306.13964156061 6655.65962851468 11070.0407466603 4321.58980410367 3715.12470309846 3754.41318097036
16751.6868463539 16586.9058013534 12516.339470097 13428.9863900939 24102.3259789519 15344.2606208754 14846.5168540642 23124.4812995346 7560.55002926399
3199.50574216227 3228.59301529463 2219.96766052659 1860.72528529441 4940.5478408971 1739.86587048182 953.478324331392 4251.92758477688 1311.1722750306
32659.1111188929 35135.3641126326 29120.3688308106 26125.8286838422 46780.9513668702 38680.8496161857 34547.6937262731 41796.8518125302 14337.9080145665
45021.018368637 51144.7790656873 47291.9088562104 30903.6471069701 63598.8910782869 58813.3593518316 46482.2342086193 53449.0887787527 19479.7180582174
30906.255442617 32859.3189692081 25664.8261581186 17820.7991671753 48188.025653729 24782.563261494 15916.6931832437 40301.8862927183 11686.1575107563
10800.5579993433 10803.6798793005 8445.97335740121 16334.3389260933 11188.0551653321 9939.93276971591 6968.81424730096 8695.50038031256 8612.78300691471
3402.72310003665 1386.0258856125 2628.7386664162 2357.56180361256 2950.60212100671 2822.88208677145 824.586745093669 1263.43666138828 3049.2030889588
1658.6140125229 1484.79764098548 1842.68221920349 2000.98714019583 1892.72571358194 3004.00694269143 1250.99515253955 1420.10733005692 1108.65057292831
443.909454128828 220.066159702278 177.548508857281 424.135106551491 359.584656942575 502.420598952012 278.993551611922 264.709563309755 233.792185147449
5528.97216813125 4120.97145011394 4666.29033077713 6823.00038814575 6393.7012200676 6464.20424806584 4768.61595559587 4290.9105562182 4825.91174350142
6776.26669234875 10497.5904609505 10497.0158903602 12096.2973926901 9926.69701243046 15000.7397053529 7477.82231633668 9039.42873386153 7907.32023147528
5616.33238659508 2654.44600391214 2682.73832005503 5529.77042664505 5784.28936148088 5533.83022213177 3185.23921889412 3163.04483791691 4373.45461409642
23294.4015133047 8996.85889120627 13917.0988621099 25816.1282064827 25509.6334372618 21831.5654467896 13778.7416850337 15620.5460944699 16854.4011280098
2967.14512602126 1821.09557234594 1929.20431860076 3231.97753321667 3139.2636801878 2903.20041640205 2404.00802527616 1804.11840750259 2302.67799791022
1391.26064374253 149.079058423768 0 2626.66142073261 1158.98797804704 0 1516.6557247586 0 970.24705048573
438.32894603634 214.764484034176 149.250035538953 405.095528132537 356.030968123747 454.622607149486 266.22367285553 284.828452801234 226.578532331675
13755.1299082249 5986.08705791479 9215.41950153951 11550.23346547 10910.1840994012 13289.6963783236 5497.44196133302 6735.20712680989 9359.34274426615
44293.6713511103 41763.28791347 94671.1367998537 52870.865683652 45901.1407175039 60601.5410542524 74418.6872081906 71269.8126715737 40826.1326685146
2142.49087912135 453.235203800707 473.069699320476 1761.99796118556 1486.46329565636 2171.54094179141 880.981543526141 852.497723004778 1059.32258089521
484.602980542114 318.046295651267 221.033020872484 467.832576761617 438.049011146009 525.74042694277 327.120251069382 341.787665667382 295.767828441411
23237.4579552493 18165.3656233726 20379.2672323646 29335.1812528974 23043.5486931082 28855.8750441775 24522.5224690036 19634.2614256385 17912.1573729255
664.339653303355 289.03592493728 353.927949782623 619.843011824456 609.907549223433 635.411856838923 336.285944321113 443.224801801981 441.792490386583
1474.7459231628 1265.09930772823 927.044396282516 1535.98776275462 1643.32832711162 1632.20355474003 1188.15168602889 983.358554737819 1231.25624210471
1003.35837129294 1059.88886712539 1152.35055902462 819.146642351521 1061.1464927215 1340.80750216978 905.879891758875 745.414581354978 601.497432234973
52725.4177507768 49758.4262256174 42357.0971324675 44451.6537330834 36480.7794919665 56438.3096411718 28977.0529171105 40984.5821971387 30643.2116585273
6536.28445742817 1249.78536643848 1117.85894830801 5075.76561790375 3833.22214664946 6739.5003747295 2564.25541912475 2231.13613554261 2825.24600135042
26649.5670153107 23530.4842121013 30167.7462352538 22829.8769377238 20849.1264629201 33363.993646304 24644.917195217 17645.1027439712 19077.6279417019
33531.9327962257 36605.9850940165 29540.8735685623 36970.6100379222 31245.0727711059 40963.3676323568 27309.8322742658 35273.7761519701 24648.5706910013
3594.23998280614 3729.58660416398 3170.89705998963 2768.04973480744 3601.29680565174 4172.09056693685 2629.96056713845 3573.99556342159 1940.94289873871
320.582484454193 285.442293529996 249.955462606139 260.325229202674 362.114708348735 264.798134316108 170.967067004004 302.3880085759 188.846568583192
5947.14419545127 7427.502764883 7045.5652852365 7788.26013321588 7818.87994233422 12368.2283467842 10814.8000252392 6755.75962645541 3194.5844583461
21491.2284346365 759.764830522659 6154.9485562937 18809.1974389897 797.230283832366 1131.98546792191 2779.07004263775 588.540765624505 4102.96063521368
157.068953473074 89.7975327261228 0 0 455.969077439661 45.9225738965589 221.268015112894 0 141.573229218486
2186.117531694 2355.15273142077 2697.47255672996 2693.44990767767 2747.78087527819 3834.06921581061 1932.01452675066 1912.34355957548 1483.81209378496
2937.97277566259 3534.24182312683 4124.28495456962 3955.56507139796 4113.62756749972 5911.38954870831 2951.66174722512 3057.41514484272 1942.81737124578
504.906341201404 814.699355202829 1125.14942101371 914.688830318838 887.757454661784 1579.50253625628 568.989923741344 607.709673794835 404.446544868132
2029.81974468707 447.441998412738 3348.45449106853 1141.80052984916 1019042.42996897 17306.3546445676 795.309409063765 3877.71141859767 338.351605149567
26563.2607648514 31752.5076369621 29110.5509675201 24042.9043013234 23153.0190349455 33158.820501897 23334.3020772644 33339.6576567828 20725.2453997816
1326.44012509139 1607.8900978764 1862.66914165112 1732.0091678477 1196.9234123524 2090.20313765451 868.03953695928 1726.35351103622 1062.30187853255
197.93793022871 413.354122616137 306.723529376617 0 440.029194175299 644.358861026852 0 77.8065801096853 0
5568.49436028399 8889.97003678599 10550.5946610256 9170.19548009259 7109.03172692891 12557.9803323642 5449.56065229126 8310.42531432492 5522.48800961434
6673.98588323091 57155.1067388022 12604.7964006345 16752.3969601099 75721.1255136683 14295.8398053904 7659.6749992158 20334.2336994874 7086.99704734848
10919.9448150667 10337.4040324392 11087.4439357488 9591.9696321204 9389.40000553132 11259.6690915895 9517.67709093663 11667.4525170623 9386.3969377162
11568.7498522994 0 12740.4890536046 11916.0329377725 7236.14953256035 13453.2757197551 3544.89385364779 14498.5215610905 8872.1966578202
567.961871681396 564.292276391109 490.052415390421 545.173430242969 586.930357594749 584.190993546344 432.970493304023 494.993790660815 595.898785758432
13704.242305912 8807.08369746899 14804.1444119524 0 12226.6524150149 0 6086.43810537742 6635.74767923091 13686.1105693822
4361.39500812971 3121.83677603725 3334.63756192724 3757.33163669012 3283.83152850476 4171.1382659827 3059.51595207613 3503.57212683709 3354.207608649
6157.57788598684 90319.9579413544 7845.47328167477 7484.35667361563 6449.6844643131 12553.6063050542 4339.44942647707 6233.4780298782 6135.37431324432
39071.4765222846 15093.5235853356 31909.987136532 11110.6498299358 26012.2220447135 26454.706557606 0 10070.8262526059 32960.0754060594
21655.881659772 23568.4047945636 19439.4779577729 27171.1619613477 21505.9368393103 24673.3091233204 20774.1618729132 23083.9349311451 16258.3849421525
33396.9895145663 34609.8587513369 26683.1331023449 34363.9858449208 28851.4621630543 39006.8337344852 24790.9796060585 34617.0725927668 21756.0810365383
3909.04804230975 4834.50291148161 3474.42449159774 4272.07515614803 2748.20348952108 5168.34757052515 2617.41488229893 3645.99619633251 2532.81884862208
464.8768067391 543.416637845849 551.50493359129 564.198667079324 609.091648790843 652.041319919213 487.238434570412 511.14357237776 433.85862056017
4680.70468765635 4706.7570888484 3011.08784146737 4871.32790127027 5124.02676482597 3686.38922209246 74774.5379732399 3059.01873189726 13365.6591803886
2064.81681722485 1536.584354669 1899.9184323904 1202.65140473984 1232.98534541268 1475.96531837891 1335.92327570109 966.741782439081 1914.72407595577
758.427939733408 689.474904223868 732.309457624222 846.993431411577 901.303465522236 749.359333553838 428.775773035649 736.374298159788 634.157398333755
9392.81071908103 8309.76236211664 8589.50709682951 8318.70323137813 6910.68172158866 8799.7425268964 7270.15822245168 5706.52097948832 8136.97215446051
4461.31325676674 4537.00380050067 3452.26113334128 3600.0959877873 3889.58457696762 4297.06274720956 2953.65387541538 4711.20994775328 2705.96208302181
684.610250022965 564.230884485258 605.969970101025 776.067805479452 664.458592446109 768.549011137765 481.48670627353 561.824561388476 582.035742091595
1489.81786335383 1377.95644899563 1044.46739501091 1640.34166467525 1578.20956955307 1982.28525510364 1604.6987147379 1334.03664988198 1033.04294531862
4483.58681389658 4470.67449312687 3033.99283327267 2382.91081784914 7106.29575144899 2174.56267952556 1060.67785277782 6174.06150012342 1723.78929098634
1458.52106843636 1278.76904355409 1273.99375614721 1656.99655966057 1623.60147352048 1476.4864998152 828.882061681245 1350.89935202814 1138.91945485789
14262.5380379858 14938.3941563042 9774.37977670483 4011.7508415477 14868.1811158043 18533.537560855 11218.4883350924 10713.7357106446 10993.6393848835
20483.9097900569 20911.7774703794 14039.6866067185 25509.7535336899 20512.9832256529 21510.6478929992 16800.6276115507 14704.3606190518 17640.0983296797
3941.11506124593 1993.98263386105 2415.09329990101 3909.13470854334 3684.54609393252 6321.18336286495 2388.23413259855 1909.95897162848 1709.71488662932
59784.359670612 63574.6285287537 56334.3764310829 66008.5015423458 66071.7874592935 88958.4367976028 52043.6760911159 58326.0555533504 36040.4375586262
3021.98854748373 2418.96726641412 2711.76714889164 3620.47889026768 2943.63228916 2645.24312794665 2614.27638485511 2261.97156533735 2403.03944505001
18075.188910658 22394.5391787636 21120.0942644817 15541.3682926153 15800.4454636754 19931.1790601562 18897.6385672094 17888.113389073 15295.7980263586
0 4700.7459753746 3577.76868200047 2491.42325515569 618.171156485004 5277.46867332761 0 5263.45770710935 0
311.980221316953 291.03971164945 256.855119022543 297.328091660902 330.528269058232 333.262837673467 234.0056696446 292.207087973825 275.6089193219
892.274923349472 931.603067630758 412.277972797016 1666.07583474863 1385.18278727235 1561.49882974957 750.0255207797 803.733611456402 604.805018196155
6426.7989670943 5832.64316245513 5317.5249730708 6100.76915004038 7765.97116504609 5461.14369330277 3601.22864504981 6609.86657044912 3887.94983325134
1425.08180410728 1107.7778772098 1016.18243650067 1222.58185371324 1428.1099300134 1213.45604195783 688.696248154521 1181.53996922856 820.486123894693
297.208118998435 135.540175077538 230.401939566272 213.524884413955 257.909511535266 241.850206330839 74.0666723218621 125.492866787759 265.510001446419
10504.2544492691 11698.4094627547 8855.69432318981 11538.1133201145 10155.6653931576 12156.8073377394 9064.16178975137 11386.4692645973 7814.29503201602
262.573597493907 284.188848675799 226.911691061634 334.186296572016 216.109257704845 353.163581448453 173.578564706289 210.682347551704 207.72226319485
287.064257874123 267.290815624533 216.88546586037 303.787093664352 227.711722487027 357.253625667473 185.743854147304 255.495735002994 159.438974440419
5611.75648478812 3369.36176369145 4214.97109733003 6585.38661653886 6090.18680473025 5515.56499913139 4947.98795833916 3784.12345640894 4181.32291293412
1354.02110009594 904.122132248015 1755.51514255216 2607.4219970312 1650.44410774719 1027.56397206252 585.809751886824 1668.00828138669 1150.21199385131
1019.48763259109 1988.34083486017 1002.55391699067 469.128558772992 986.384695391687 7705.24541427035 329.213049038021 1777.37669691693 1720.5937707613
224.331367382187 249.803757261938 269.243992890485 277.014463616261 302.424437030138 300.227742989006 184.852657105476 248.251472171626 208.375812474772
1010.07960484204 3772.35946655405 3038.48725613679 1162.00455023407 1149.19740299938 1023.83680107173 3211.98053767906 2705.95863590924 970.775543361822
1929.85799512806 1687.86099732676 1555.24198567631 2060.91909125018 2040.02756450559 2360.28251282653 1913.89804412449 1639.83004889834 1461.84306803421
2060.853818713 2853.88340463412 837.465019859953 6103.04050406599 4611.15157689295 5195.01615308082 2417.09555943498 2621.01736937533 1064.63731221538
982.215587628747 840.168936130035 883.555291431839 920.250228399877 1014.92378718767 1268.60466364197 1029.1504584373 813.486467374279 516.861061356487
19582.4164289841 18759.2118370047 7410.92357954269 22220.2160522643 14179.5951556532 15518.0152897655 12011.4930458663 4406.40505749798 13150.1534086303
6435.2601399016 5921.76977918803 4333.88972039336 8807.61177959418 7591.71616698991 8679.82318422205 4374.42101304319 4659.89249792307 4700.06218533985
44871.461981809 32940.5010915077 47379.1591286691 70484.2891518402 48488.9220719835 39637.3297357758 17928.0130422475 49686.9235839699 34329.4792452755
28359.7940862127 31244.0176508257 20242.2116320423 40635.5914561321 32426.1570653419 33591.7364060458 26315.6851829848 22345.2548014966 24661.6016540664
560.813082266417 510.317371462884 440.862805358742 486.203350653896 655.328996366128 482.041222500468 335.726706159342 562.31007112523 368.419370781727
13724.183231801 17596.0392059333 18945.0346425975 12978.2075036346 18056.6574830132 29798.6932731674 26479.6443561102 14167.0971926597 6378.2883243968
5014.12420326288 3323.14537199759 5698.80716902266 7475.65216255854 5905.19979047891 3996.54374961217 6187.45341743323 3584.51150308608 3847.19744723686
14.3143798403521 2531.48995337841 1043.77322414457 4284.6931456067 3000.23018164898 2274.14942723006 3359.22724892014 2027.84721062442 0
20620.3233099176 28346.1922611681 23021.5654134586 17029.7417949059 12126.4175405164 12061.2560697398 14806.3347186886 23384.083337151 21729.5532397755
4632.54967340632 2485.47558274745 3756.80136189811 3837.50601224279 3567.67332210785 3922.93598716443 1710.06934808496 1901.90068572286 3689.34769558675
3100.69078730869 3080.1624104877 1517.86419190662 4620.36734709004 4065.07250924952 4654.07017833397 2498.88130307681 2251.4549892089 2478.36915466865
13717.4547846065 9167.44483818601 9525.37253004449 16060.0024131667 14511.3396924879 13236.4957680912 12053.1084581103 9313.36212038283 10467.7641221368
11869.7158250757 11899.6215238576 8071.66915318538 6264.08404636303 18917.5057539286 5738.06535509353 2747.14146162758 16438.1342168154 4568.72345380283
5095.96806805854 1338.21078074233 1714.63140800465 903.005670486073 3659.09116729716 1077.34668249772 104175.262617838 697.917570034798 1012.83510866258
56904.4421249096 56553.195525569 37401.1225155411 69404.2578555805 55965.6001636299 53967.5848157817 39530.5930504834 40097.9927003383 50952.7465320578
4859.39484074534 5137.628469719 6092.72130292077 4892.73147166964 5178.42034227203 7607.84968904952 3708.36532597136 5084.31779749366 3764.2661943862
2521.89957395447 3049.40917527966 1637.9764656213 4074.27481228269 3436.20886838727 3448.60039881208 2740.63742464218 2537.92225887647 2111.60363410956
1745.64874498979 0 0 6.45491173816436 1871.80472015904 3067.55728896491 2961.52652929753 0 0
250395.412493212 24148.1703250229 38411.5918123829 21642.0700029593 17037.7184099666 28603.9532663102 12702.8206073769 22373.6993973776 15357.5855921953
1538.43993031822 1549.29915721889 1064.33102532598 1605.13407245045 1387.60954067015 1369.14275149817 1206.70490680621 1214.15806381022 1292.11204427921
1101.1100973853 1232.62031931497 1101.16464788341 1122.24587470955 1362.6350447582 1590.49392161615 1229.58867685317 1101.28636783392 775.909720188792
560.98326336825 734.155436764425 720.470078414676 663.423929536125 411.533038585445 559.345216009888 333.428103379054 645.049492338177 511.359697190116
0 3989.33129061607 3664.58600777616 3364.90056340091 2183.77890077883 3744.14260105623 0 1024.6055174408 1152.1765738512
311.111694226258 193.685746569498 291.029197167559 387.115375840337 342.320431476084 276.019593482746 297.124305330414 264.225104067144 274.878877914656
0 224.928706681832 0 327.592337802124 82.9287426879826 0 0 266.790117748205 220.146474741022
6368.64589610439 7053.3922762695 6548.62297492047 6225.10455101921 8020.22017380671 8492.58766554072 5778.19688876877 6610.4735997893 4263.08486040563
8127.48210083515 9154.695537737 7224.19164063383 10328.505012914 7033.43453138926 7250.66158193719 4880.85555242255 7403.08938708812 6673.51068839668
8915.24265655848 4947.19843672465 4510.60919177768 0 6136.78498218683 8288.66086613968 0 3570.80241620969 7216.91480018643
253.528343522573 229.509325876529 233.951367768456 304.422010753544 299.283000815028 249.564572560321 135.855212144911 266.489239903818 245.746012608859
1203.77148429157 398.783825976942 772.16405331449 1385.9915680345 1328.125204456 1051.64698834824 840.686463369891 839.313489674307 819.277608170339
1269.98035712855 738.24651419333 703.819100987983 1234.26930913159 1095.24058039141 1393.62922945957 854.52325913863 744.526670348847 738.202138284623
1800.19279539811 1346.34691229754 619.17422965402 1644.7447659281 1906.50159938102 2071.35935441245 1255.42770885383 635.99384033446 1666.85959094499
5954.46155832949 4573.53872340124 5118.9984436211 7936.54969250296 6581.85130736009 5576.3802713721 6108.77555395403 4260.31453538718 4850.49788418854
12949.0794178908 15418.6095443148 14144.5653267034 12616.0819932991 16008.0069725113 21353.3995294864 18880.0929323759 14577.6871773495 7098.60874972725
4471.16793555756 3823.14781973579 2707.64029610242 4332.06152320369 4751.6548825271 5149.29078438621 3176.44764881673 3236.03765372774 3327.21818905655
6361.17277605458 7996.26470753063 5159.50101645191 8104.17135460941 6684.55453596842 7112.39653006984 5242.97890144968 6687.18644563305 5927.96347252013
13097.9458822668 10281.0138133616 6677.66112600359 13948.0173245885 13584.8870037607 14340.609398362 11813.2352033841 6610.69273937608 12025.2023319334
1223.56636167315 898.750415040658 492.559354762506 979.367755080358 1138.46939588341 1161.99072530261 873.519433027226 485.237026727096 1154.27521448942
633.165254007945 1533.21414728593 0 0 1779.5281988359 1687.62535982577 1141.4159470701 31.8293330357767 0
672.976043705863 439.012436451179 753.838754572502 1070.4838498137 799.959737562333 571.643103819887 633.78907286805 588.633499615275 526.314293811672
12607.2086131211 12709.7232646256 7833.34876038718 12917.2952861892 12690.7588320629 13733.1124650273 11987.2330433347 13211.4440106994 6875.24952798209
0 0 0 0 0 0 220.315453754082 581.260012453938 0
0 10927.2902364546 0 9261.26982087222 0 11837.0583207082 7271.21830755135 0 6789.85344978026
273.232729622314 249.483366796126 272.084879184471 275.301111273335 254.315852555281 275.584212149208 179.464753423943 231.883652865666 237.217948679118
3508.19502752813 3743.33849441827 2241.75562974905 4265.44931439047 3840.26348607968 3919.67935947071 3765.54627853992 3849.0775733193 2376.86550297402
1645.25371311965 973.836021177249 1441.07865646003 1227.66299887186 1229.2397224185 1308.56556243526 467.971096460782 801.382463689443 1440.81279122476
94.3211190342262 96.6875883671495 73.365541751153 101.24631719876 89.7325180498855 110.407326600241 75.4065815554062 61.108710239176 93.9266120554916
2696.72417893476 2556.81112636224 1894.39892850069 2508.11472707151 2970.32602525225 2444.12672568335 1295.46630629276 2497.27262643172 1846.56763441512
161.595120611711 1407.2158261369 0 2586.57276760614 2270.27318229048 2431.37186954231 0 0 596.869811163066
19849.7511187708 20324.6943353452 0 19947.7606480987 16470.2685670685 21187.4238698373 11556.6747513095 0 13269.5064787379
523.392415744609 458.253276205734 401.549513082845 620.341602530361 559.809036992539 538.031959133178 466.849740214728 335.802079632634 491.210655146247
3089.15048768134 1585.44056215385 3128.84458584896 1879.11243562981 1588.71172603199 2888.49766620988 1548.70377299539 795.538828276785 2257.21770096799
18787.8383281583 12969.4435837573 15350.4953163677 22047.1585226962 15438.2821398133 13359.8068054042 7893.40435526923 10349.6245984854 15417.7790455743
2958.99333970336 1380.27224812316 2342.01636063292 2082.52339895073 1950.45896134759 5026.98973378368 34156.8044789829 1922.29247637282 2576.48099643855
3978.3095908381 4101.48204214552 3890.84332839509 4570.00248470769 3929.92274096907 5047.54782611928 3060.93021371181 4482.51570138777 2939.13768847803
3940.50639493682 4209.17617635568 3248.7516996672 4614.44798422814 4103.6238312568 5162.23564167872 3463.17642063878 3283.18245632014 3512.40443801381
6079.71069147427 4478.18307460695 5484.51910999922 9006.26688985559 9070.81010628477 4983.22643043246 1721.5962338038 7263.21992295108 6343.40778846499
5503.12586219373 6451.04101472635 6173.28449375394 4556.11204411463 7588.5836423367 8432.9025678279 7007.6631407224 6172.33495228598 2641.08137770393
3827.91260401909 2308.9454583685 3901.28629695178 6213.45545243065 4697.18714145895 3618.89101103705 1899.60852128668 4204.85898122293 3172.76995365404
486.263298884874 454.529497427159 313.477344314656 565.78495170254 392.411060148597 437.301742457144 353.317793335618 267.304278598961 348.327350368166
26233.9163445182 82842.3177294164 43840.2596004178 37226.1480943911 31760.0033005837 107620.933783817 23366.9713215516 35139.2849247431 24047.8337849166
25027.2375262886 11154.102429158 24242.3508316698 35411.1229076127 29212.0634714399 18985.3958623536 26448.0661122085 17278.4515175222 18098.5644766895
2427.46659998149 2650.61915306859 2935.8752606144 2945.3596391281 2713.16508591731 3678.31730931989 2231.19765843417 2364.92513016776 2147.94926024441
2660.63983969771 2987.77958657785 2834.13877613596 3002.13340244169 3202.95703232683 4007.01951750522 3214.59580758154 2863.32206289534 1808.76681492885
1846.09091977217 2275.64836127769 2732.52642033899 2576.25387460991 2234.07180198731 3879.3916326611 1486.90416700419 1983.12351858754 1134.9471455025
15100.2665610849 14653.2043799022 15437.5407777128 13638.4426816788 14360.6127553092 18108.6522885386 10257.5629755967 14239.6296671765 10950.4362415079
5017.63568141133 3534.74627139842 4984.76909192468 4148.36129245403 3833.15043622576 4047.47816998119 2054.29170512843 3286.06672656178 4461.6504799097
20819.4498218344 21445.1120168275 18261.5321499159 20307.2675277639 20921.3599107334 27581.9301117944 19187.7252719613 21753.6905074012 11117.8083981311
335.619161189984 350.936820957461 344.501598046175 439.809119179634 472.371054749964 443.979136079314 306.375469873431 397.726981800244 272.206944039234
13996.8123675468 16663.5227792337 15123.9323093883 16430.0648046535 14186.5884730803 19537.3555458659 12189.8922179199 16882.3973476637 11053.4668919107
6765.64268989262 7224.45388464626 5256.85221761489 9564.81812178018 8166.84414748282 6221.50015661107 4147.57908492881 6863.26460289579 4711.47149640707
1130.97587194312 745.243281560157 1292.77528111107 1683.76515707288 1337.29906405747 955.370201770494 1290.91025575952 863.43926881436 871.003275105496
1482.73855911876 1745.34690676661 1805.90358364111 1600.06860787844 1824.64506317244 2760.11704904955 2462.57986843479 1577.1816451716 850.535368566701
992.977818742112 1032.93235573644 868.740270264928 820.618782415078 745.195996807669 1035.53458454118 656.160924677281 958.641568435442 573.486232046132
13311.3155260306 16105.9993200317 13723.5732584321 13899.7043410974 12877.6194683327 20491.3063308759 14867.4729485989 12756.4896042163 8708.31131542982
5591.92497009668 5249.42109065185 4824.10693877392 4674.79914129467 5942.93374862426 4178.4584085159 2282.84607374695 5143.06277428238 3613.78629351825
6522.02337975074 3903.15740632327 5970.27075003028 4719.80608364439 4288.56443285127 5277.12571276763 2634.23038834063 2524.83360836039 5421.9614734494
1428.8697967995 1210.00281671943 1045.33472245247 1127.92962022658 1218.3784350172 1463.52983800585 850.706207521395 1139.56675911965 795.012948704093
685.749317766877 668.605836657657 593.292724123141 681.67603716605 825.456962223014 638.102950679885 462.908872600648 705.611460052699 438.540873378288
2661.09602393544 2628.63383251859 2858.46215175325 2488.15931025035 1753.16421301396 2130.41830006349 1360.32358233515 2373.45742056924 2222.01404220101
1413.03031661956 1507.46888029771 687.084263539637 2286.50143625877 1975.96620946019 2135.8390235486 1268.16218579791 1129.57255309614 1100.21011716768
16088.6075873654 10406.3320071503 8351.9762091644 12958.3734831919 15438.6780871377 15208.1610198605 9188.43003948398 8628.19907748065 12522.9134585826
5948.68861263556 2973.17596100323 4403.03263590026 7134.09951706255 6719.59250419228 5018.67130347653 5366.86895674976 3594.59541684158 4600.64372112638
13212.6124280724 10794.2089227637 8402.33242409681 11381.1984663455 12119.220753402 11300.9259199455 11162.9557450651 7342.85951366959 12721.2129506244
16425.0769945816 20350.8241065002 0 0 13643.4630158832 10364.9600587693 13100.7056617941 10931.5207684919 13528.0792754541
2135.85970529281 1893.62479234373 1677.38515849618 1767.97763105524 1843.36350484398 2135.91119695599 1460.53797595332 1849.3828892451 1258.10331875692
10308.6880661873 12374.0704172155 8817.1322754794 10802.0522433708 9408.86479361199 12609.5679760198 8243.41368037144 10303.439584938 6605.49095263964
2106.35935273263 1489.61287770921 894.68445622998 1802.32323743079 2176.9474706434 2000.53722539237 1290.81441461188 1246.40432176 1571.71439717049
1314.04513631027 791.820675266404 938.21454705106 1313.30870766517 1030.51212563187 1423.9677694665 783.55667199542 841.961968208247 822.499423450243
16399.3543504525 8087.01209575763 14305.5891502332 11623.9360673375 12744.4484543295 14891.7726972313 6195.13609956413 5958.69340329477 13881.0240922126
2114.94281744185 1749.61263320555 1715.40898394241 2533.12742352104 2453.72859631268 2033.01686415669 1219.75877577129 2098.76168674089 1761.40521647562
12651.4242821533 15690.2769640096 10605.9164050556 14047.1039892427 13326.4074970243 11874.3984810961 14908.2562838395 12251.0146822505 14399.4570427755
276.421697548708 454.430532895972 478.970713526252 596.890006544574 340.737084496327 639.776899135154 213.807253583765 384.818345551739 153.704717555868
40467.4428494039 27930.3301285523 30187.4468824437 37626.9256723567 36861.6657501502 38427.2227206409 25807.4060493681 21047.7152885235 33616.4473111373
3166.95447027625 772.36013468522 222871.285638998 709.698720915173 427.490245210231 2165.03649628648 42495.3744532051 26985.8252482509 603.993938356917
2403.42069880122 2402.58651228855 2315.2435224579 2919.40322841831 2339.57668435468 2296.24352553355 1335.28779434034 2541.5115272008 2055.35295705369
43422.3077581175 54081.6892569799 41840.6607972812 52322.0609435619 44960.764509837 61832.0834556761 47000.3874497024 48482.1502077879 36823.9425290067
470.141599282797 447.091291903588 445.337099324213 552.633563743952 542.560618867738 479.329922281635 290.852157199936 475.433120588948 458.56575753583
1122.61804553 735.155818566899 962.284911885018 1283.94966665386 1015.35768622843 1070.52563239051 978.073727959161 753.739204226632 734.735134025824
602.404470776957 759.993600438151 661.990006429717 803.818796563382 504.543979807774 750.83895160818 536.638122004955 596.410314563854 478.953098747912
7897.45308642385 7867.69144872819 6194.51158731728 8704.76397589702 7696.20733829257 9172.05198236199 6383.69793471904 8637.19153236799 5720.2047342141
10703.9155910488 7708.07520316799 11330.2975022687 7586.29011837028 6216.76269304183 9101.26684810117 4595.13925275376 5940.77584080051 8634.37487985834
17023.7685946377 17783.12612047 13380.0910278982 15169.2652045987 20919.1247844703 20110.7661996936 16809.798229463 18044.8230039583 9657.58707085128
0 5589.85600945178 4836.82466250753 5640.42416077002 6302.10430258028 6893.0451709025 4242.23108802477 4624.89361874926 3819.66811927265
9581.4562292182 9652.94697867987 8240.53769263784 10022.7045472526 10065.7241591202 10559.9554627615 7009.0073975367 9941.83351978895 7116.42043092929
466.882088746701 202.638466851221 196.712386032607 449.228506371976 351.683957150572 508.508295157484 265.700116269154 260.078608535883 261.628138273336
14374.7237811987 15369.0718145684 13800.2994968525 17054.8229404383 15380.3910143729 16946.6383131883 11335.7108334664 16355.3650264446 12050.9311537054
12651.2199401109 8871.81885979932 10851.7295734838 9823.48802442383 9120.62151734394 12675.9663725889 7753.01598933307 8017.76648206981 8445.89355382466
5745.05769319018 5833.31555970203 4753.23757151423 7550.79542274598 4518.47316741251 4673.70479636288 3416.96123952602 3906.24467722806 4229.55331140321
143.284544341269 151.06155012177 144.743469859091 157.893681375073 155.76048580952 204.391987415664 184.578393052246 155.203015741362 130.573531796827
1145.32802626126 608.215410609043 1043.33281514565 1626.42084908523 1332.99738666177 938.038366356332 871.275933279763 901.243994908588 865.839563389165
17017.7885551859 14384.6523116945 16066.2837155039 17292.4917806962 12664.1662116211 12982.3350906045 7148.41599139518 11495.1284650431 14217.0385594734
3544.70024584302 5242.65206916586 8581.73384878802 6020.28194838577 0 7250.40157490003 0 3142.21751992338 5899.78041033355
911.796911190293 964.513383524703 612.861889137836 1047.35538461641 1020.92241339123 1006.13089032497 967.021472118609 980.537091790426 546.66142738792
3084.2899326908 7927.72392908688 2069.62039827282 1879.46087283642 1944.13546532835 2391.68782618722 2953.4646800339 39096.5312319835 2510.15041700073
3969.61024734279 6250.26861771106 1591.24169130763 3483.73688733676 3607.33744814336 5241.03938868145 2112.65284921329 75970.3675241765 4045.83838448936
196.882876543221 154.095265002858 83.8522371487419 168.966124264746 190.526336711574 202.632477868591 130.633943035932 84.1108433049401 183.184638566276
4808.62797549742 3063.79935549891 4454.48245138077 3962.97420396912 3466.4860506373 5367.5973665737 2476.44219757229 2633.68971163093 3139.96604677745
5164.08259519886 5579.88712263307 5092.91777804358 4348.96068158297 6045.45473617467 6989.23167316919 4398.33588048251 4604.3762610766 3176.68579784601
2700.66334582602 2555.18155293684 1844.56471894696 1677.0560493908 3931.87280163668 1621.95223062467 875.25353358451 3406.98382868392 1228.19043277812
4975.30626392796 5919.58559968747 6907.88539611611 4023.99030358185 5772.45904879857 9529.97073832438 7358.95446335876 3960.43916003504 2298.34674133358
15022.7552253081 14466.6476205665 11992.8157864968 15003.9553442526 14386.8509972975 16553.4623228421 11635.2279907787 15413.8419275491 10033.9841775483
254.940527859492 255.169663102783 241.881375266687 324.711904479604 282.914264419237 252.077720589257 175.174818440529 251.929019347198 284.411408508194
4627.47716248497 2990.77510105375 2987.10064791261 4735.82631912207 4637.00914461492 4022.73030265369 2866.1448590766 2251.00214685651 4129.61673518146
7315.47719818964 7431.64617609829 4139.64653384153 26808.0282654149 5727.82530481725 4502.81435334829 2762.04144551822 4847.78221671655 3558.03002790467
2625.28410693347 3012.63583941145 1520.68978774945 3309.21237513176 3003.54989427231 2876.01151765263 3567.94115313702 3265.73041094089 1474.65454018095
7073.81481954356 6205.40473996347 7791.82517348987 0 8688.73078037658 7393.35663079452 8006.24442347724 6130.9624955739 5169.17125119135
0 0 80.1745006369317 0 0 0 0 0 216.003224955245
870.402843235086 3432.99163384089 7057.15622490892 58035.2071996928 585.049639826889 959.226430869129 705.194989418773 492.953209486487 44752.1138555783
351.262821495102 369.240926138122 312.111834766237 411.968701049518 358.615959714841 458.758438191486 320.471689332006 314.0175814052 311.221881456441
7420.5150188739 7712.12693208128 8330.90895606037 8869.45703138638 7481.14019187611 11301.8175462134 5664.60177222323 7500.51399179784 5154.76998572173
11743.9397136002 14142.9249813629 9399.74722114885 12234.8371590968 9404.5828760515 14240.6523699564 9900.70529276867 12168.133898371 7411.54699245666
4377.78539566694 3853.15534270929 0 8474.32304772186 0 9061.90290283931 0 7175.39129597329 0
8392.81282177143 460.29178808546 314.602055116816 496.443129768203 461.525802381297 20847.961124382 1042.08330179564 580.186615401393 895.911459631754
3614.43046541695 77643.1685182427 1120.73848069022 706.577055629966 4628.91874929242 3816.48512414953 2338.72172012312 48723.9544467708 792.411463533334
1351.38412635966 1226.79212429439 1084.5943085902 1194.69459613064 1589.68595610502 1144.20858700795 776.350560674337 1322.774725403 911.406246054645
13376.3531435328 12966.8358283397 12009.0759257638 14079.5544677664 11070.78737965 12802.4390741154 10222.9152094404 10233.841289322 11027.9627512297
1866.03976409432 1766.09326022189 2000.27712961561 1208.73092540955 1054.32317427619 1494.05558557713 1298.062640339 1234.94170015781 1683.76857957071
5181.87615926685 4668.54384067948 4822.98729965069 5014.0391624846 3843.52803016368 4727.66814818375 3358.84022749294 3368.97527469692 4290.10153766594
2235.45179157732 2136.87028790269 1776.81680722502 2004.34001251192 2527.8257134164 2683.42273812572 1907.1471542493 2158.06951070511 1379.06150565808
2348.65264335577 1746.73241032184 1663.90504885183 2288.89936924825 1837.30215652064 1819.18546788672 991.471084219124 940.546365698316 1898.2355681278
27615.6411582469 13164.2802230856 25222.9849534408 20169.9964201683 18802.8609035916 26834.2730012628 11958.0164514426 9068.35711410658 20528.82930847
1942.08441856612 2863.02026046912 3732.27223718311 5302.03481250701 5144.19407469486 12431.5052527972 1905.02383619329 2306.51434974205 1850.89528668522
2024.65038664363 1485.85312228703 0 0 0 0 0 0 1014.21324729477
3668.78598227272 4058.32769417294 3789.83863049688 3352.26221707556 4480.3004836392 4501.33874714512 2858.89720515968 3501.5758532451 2460.8525565442
4659.69241804068 4712.37818052708 3262.66524300587 2413.82504886626 7440.99549657357 2394.48351957585 1134.53133689529 6373.60780296832 1756.26201912568
8213.81877108253 0 5572.35763704943 7787.79197111785 8059.32370567636 0 0 5549.52301603855 2808.02772461513
0 1712.40615448113 0 0 3082.21543932324 4058.61986207068 0 1671.57186770391 1139.05630138573
1987.46002067943 1116.25662754725 1620.23126445395 1669.12067748248 1256.34226258499 1999.50174098583 1201.98111982698 969.892641899502 1232.2837478109
38057.9489057778 18698.8773539947 36575.702653105 53706.3845106804 44468.981157301 30522.276618173 40869.4689056941 26739.0078900818 27665.2397260012
66047.949504775 60599.318210535 45267.1447467615 65685.2400341558 59293.2174305408 69902.9869612738 46325.06717131 65076.7514232863 40278.7617921854
1156.71011898116 1003.82345294924 1015.98958879619 1109.1585614379 1269.64800847571 1487.18890903597 1055.40822250004 869.505761443692 649.405888907429
6668.31571216709 7374.91369032647 5170.7126215964 6069.75995576057 5196.13681640384 8015.92569583489 5546.77574174086 6328.83890902065 4683.63019100449
477.581931261268 392.014365974149 310.13948590741 366.05258371717 339.015032428981 447.540189643555 284.215413692541 409.893554305219 224.460607975704
2572.40962829057 2453.56838013576 1691.55383829415 2260.1127629773 2086.3969940209 2873.95143287733 2056.27292966567 2277.51836297716 1254.20288639671
1590.78997653062 0 0 1127.68090214252 0 0 1192.02130180815 1568.14331794088 0
3954.84059524342 3447.56242264385 3082.24274291301 4482.92132165765 4474.63182218895 3832.40949324858 2256.56261969568 4033.86521369047 2947.63406819878
1722.18836830122 1608.43460273867 1226.59849905429 1846.30921482718 1700.2673493162 1816.04989250019 1181.31883990983 1687.28139128281 1105.75242930078
3588.29315162742 3314.90815360678 2663.68809839929 3932.1885411579 3858.21584286449 3817.12784660854 2347.51011689711 3554.0706865667 2494.56295249852
50159.9051912794 54498.9092951044 42173.8426245986 57901.2956173655 50657.2718581162 57719.8798562414 37977.6590827472 55981.3117273505 36676.175775179
10904.9645448046 22307.3435457799 28322.4169649104 15645.0831323156 62239.1828704704 23144.2558509386 19905.4465492163 21191.6323864813 21134.7270148966
5679.98010971141 6757.97695772141 3568.96886740045 11599.4787553519 9349.65869302623 9859.52122036915 5986.13528852447 6494.5716820856 4200.52297877003
9001.62863407427 10352.6373424185 6650.61580362041 11382.3861170195 6165.03155318882 6254.39762041635 4695.9485015648 5765.16849771009 6632.59232308473
1224.43946536143 1249.27015978711 640.06155774303 2060.55048227394 1766.03460503307 1995.21589829129 1128.1281120853 985.06019004636 892.894183370226
12471.5368082313 14068.7257737477 10797.4651379727 15477.5170631995 13120.5176946919 15715.5521552218 14397.6176405602 13430.9288543216 7899.98566888844
510.212245784863 481.085587630993 555.24197292265 411.143146006501 323.496853717757 431.050828726952 255.292115559254 405.172217749471 389.801619398891
875.26912250467 736.016161573957 430.088685184909 906.585913878615 948.179413309526 1035.00816138579 668.228259562112 514.569649735331 734.534704429225
368.911551960882 398.57481362838 250.564854767343 422.205282244623 434.938881715588 383.012977398771 369.518999223238 413.930977619298 236.580297934612
2813.38730681521 3432.89947360531 3848.15934129235 4356.67067152635 2725.00398364689 4132.54719862927 2204.88437357634 3098.69125961423 2210.88208443056
3399.95825740555 4469.85667121358 4362.48131978175 4830.05575657548 3554.5872641518 6214.98424058914 2849.14018622904 3429.62022260458 2340.55217167249
1691.55499505 1543.91163795328 1714.47902316338 2395.5488553883 2333.57709747553 1618.24085876438 952.64468660491 2027.21255655043 1772.33722445652
3688.99069284537 4586.80137230298 3400.14764313614 4637.64985399253 3307.94252044175 4553.87247962717 2597.95088012162 4039.33633217277 3002.53034727778
1673.06822480415 1865.36420518058 1740.86285072382 2063.88852038458 2009.74765181125 2285.66188393895 1858.55696936853 1897.99822924251 1512.15004653003
169.268357721055 23.1498701277045 0 0 281.761485728156 0 0 0 0
313.006138702121 307.112418271587 244.732311798488 203.950439595413 229.863633606076 210.287715783317 283.308466185291 228.263459809336 314.983657684702
6198.74554678907 165461.02734931 12830.7659583846 2733.71103920201 1698.63182841311 2362.89623297318 1722.70150766949 2281.37054090545 5573.45447026498
1702.77705525726 1845.15458323133 1529.35148448135 2420.22264678362 1889.99857595207 1554.66809726741 1512.21647931525 1690.01260823698 1652.6357202232
7543.25699475785 11855.8313109216 4382.65890218123 21032.5673335268 15744.031387143 17515.2153145385 9540.26982552027 11154.7583220614 5139.05414086418
1061.36874471065 1530.70458793392 768.60294731846 2751.02304571845 2674.55228130588 18258.0856939197 21986.910666513 8391.41571975689 59437.8112800296
3615.53158176511 3921.54670162095 4067.42527800072 3844.53344356009 4241.4989300743 6258.47846434684 5736.54899386412 3795.56006695398 2100.86816111481
615.512112769886 714.162862372339 670.32991638017 569.225882857019 428.66014354585 424.342896048525 222.143302594755 669.890857304832 536.143198456403
575.950647666072 628.702329340375 475.71941132935 606.380011104197 474.158783129988 656.911229120839 431.808777996867 486.059009281825 441.730664084376
14673.2903882602 24529.470472465 21204.0465889369 24150.2435047282 14702.8322169835 19705.8230213889 13414.3837404036 17423.803166508 35273.6343749449
1206.68738854096 1431.49524646668 1118.71890311322 1489.57661461289 1469.45941826905 1603.29494556418 799.079744704106 1369.9014946403 767.05567273953
0 1876.32501049767 1901.84283384577 1996.48846947884 1547.14165766823 0 1927.1614739566 0 0
0 477.551917527815 617.08615346449 541.920668417407 0 819.01107545447 0 207.123754169268 456.618953191742
12178.5525101408 10231.636095354 8458.41716066446 9241.77302100398 10268.2319066384 11116.1639353981 7835.15722686402 10750.1492401243 6388.09073382792
463.636268225949 624.466382218221 425.596551007663 67262.2465110444 462.989003497856 1521.5641052186 1211.11278570878 9410.52976085023 9469.27117398879
5425.21125860498 3875.29341345614 1403.28360502327 4168.3550638767 5199.25424530786 5598.17886069652 3709.64663180978 1374.97300654485 5200.11296120046
802.84704780547 987.090482975989 810.169414385399 904.176230847637 670.044568657216 1022.9077959386 645.847277883759 771.721987190654 684.740111147996
1110.40075400309 949.65530715953 827.962699515102 1273.53139897895 1076.15001184431 1112.29597647919 892.642966428534 792.555725062727 850.705349097831
1567.96133618438 0 0 0 1770.77738586963 0 446.874396248242 0 1069.8956937823
598.697238800372 855.959859969829 657.901840089032 871.267263729607 561.280193166207 828.122565598174 522.724487434918 661.233742044017 553.053443556933
154.181490794936 0 347.284463365862 0 380.878162252146 261.332531944809 172.879478878687 0 0
