413.8131411221 402.840329769994 303.286828867027 614.640115298659 298.482966615878 565.218177805636 706.491490175155 460.759425670495 314.744916767216
791.0895497017 784.158105973365 579.678104049101 699.280384611847 969.548314417712 586.892545012708 388.757668663697 806.011360642325 443.039547075887
5975.85713120344 6440.61135134554 4928.38580332236 7202.68343418815 6088.78538639402 7430.0929354615 4366.35070880487 5843.46174666049 4393.80650727968
1469.83401349526 853.018483344227 1529.57982372851 934.112201234416 747.800100602963 1427.90719408618 794.123745683942 463.92501589182 1052.59739739674
29190.4121478563 30031.5357048233 24395.5324102463 37743.3743485053 24883.2971721868 23676.9732320791 15064.5821668269 20820.5705091447 21763.7212483698
2529.22688272584 2599.70569067005 2568.67822675175 2718.32819890453 2710.98966133423 3810.14520832157 3343.8182903253 2368.08828547243 1706.30040566929
15024.1070230381 10626.0276904486 17314.0739259416 14194.529239701 10168.4439364012 12995.0571789069 7070.31688728882 10713.2545857645 11666.7535151809
1230.63809804629 1001.01158981239 1250.96559671063 1666.93622895192 1397.85822432963 1224.85467479166 1343.85237340472 975.802952197763 939.587777116926
10675.0479292742 9725.69040636806 12113.1775341402 13251.6459177552 11666.2833229796 11902.0900059399 11416.911821841 8904.53709561766 9549.39076698697
20517.4970914089 25634.0180237787 20812.4582577491 22235.1304756324 15390.8922565521 15256.9547928667 15468.091759977 21280.4713354813 19386.6331427693
11384.5473366877 8794.96889601495 9719.01286791628 7931.82431668612 10601.8783002255 13598.6643165691 7350.1601581637 6719.90910770681 6111.7298508861
2777.16873206428 3581.46616130136 893.957103913075 3441.0163412844 1692.84100032253 2138.80966293866 1991.7211849861 608.624428570556 1808.57181335339
6628.29299877722 122186.11573 44093.6927050897 7953.27281793921 9366.13451059668 9081.82767412284 9372.6296003106 10534.2237933365 7974.06720207336
2729.22026101899 2716.64911112844 2038.53245508789 1999.01467509749 3790.7988504121 2064.72780902965 1340.57626982434 3260.12071278503 1404.44480171183
552.22346621232 458.663014488442 374.42526388256 515.260021604194 596.811721425811 513.039618524489 362.105490061358 529.45647618712 309.821021689303
3688.70482491026 4852.85906451931 3070.85461682818 4890.34933189661 3697.51945185412 5247.92488043179 3604.65484855773 3275.91966554013 3164.18047330189
10701.5727195893 8451.36928928106 8622.48576907985 11033.1071729376 10088.4532278822 12175.6512067812 7202.54907357695 6080.43231984443 9171.36905907514
15608.3878959816 17184.3800877889 19707.1762638161 16355.8060891312 17200.06167456 23654.9969410987 13091.538807405 16230.3180191928 12853.9516237209
16620.1053454051 0 16184.1226441262 5612.21558233988 10028.8051021351 16995.2480466814 8053.84879526694 0 10639.3057434856
1119.14577790815 639.054507319544 1246.8915573476 781.01251012078 711.24825197903 1356.71284994885 632.675045223559 327.043440489162 731.741416915771
13753.0112014239 12002.9535078303 10481.0455809473 24482.3001139879 18213.181950914 19683.5428416739 10200.9970035059 11776.38914052 9153.03773776194
0 1765.25059617904 2403.35566113435 0 0 2701.51526047993 714.295682800781 1451.34273763967 958.670903638746
1625.85984784016 1383.43747519401 1831.57081972384 1284.61902789726 970.999360648544 1366.61187142449 1054.36480024038 1064.9420262161 1318.34691639435
1150.61435499535 1350.05498502408 1136.28176510498 699.784671894947 808.705865735177 576.228352784909 1190.69164759425 1035.19107912162 1487.08371329148
1841.12181604508 2240.22635553049 1841.39301254404 1010.96638066086 1103.89881989317 841.078885551514 1568.12262231846 1784.52196497238 2132.34041201184
6013.31510610349 10001.9562625603 6562.66061771905 9569.95531593852 6054.89364911199 10292.3860120025 5654.13512646494 6934.6708015714 4820.88824374625
4758.7248160425 4026.09093124789 4789.65831710978 6138.61269454787 4917.24725079746 4768.46087687095 4060.36492803444 3774.37008027017 3580.5409376307
233.006735629585 224.819954268028 197.276867005833 216.165805434515 275.07068816796 209.625041679471 155.795396503716 238.225309194165 159.613205880099
1940.20471997881 1350.60387519676 1803.38706035151 2349.11426330236 1939.8430444027 1854.13027669552 1458.4478547569 1560.98061942735 1396.64475611523
4725.47312400176 5237.91014596119 4813.01840385328 6279.88696203416 4381.58794569621 7966.01326359375 6974.39949936109 5358.83655984154 3559.67818004411
6818.44691168475 8889.99585387293 9360.51682794256 5754.23469382855 9191.72020475659 14618.4133278456 12207.7210545005 6139.33691883904 3118.68863125128
543.488856346545 515.519699670991 535.752788861127 721.631791513723 697.544053173907 536.934601490463 359.459452892848 594.778745919965 601.705788115507
15629.6403428962 18931.3154613484 14175.8063458157 16226.9294173358 12720.661294146 18993.2987025684 11943.6731617893 16549.8835274449 11400.242300977
32195.8378736368 7119.56054911934 0 36507.9835906382 34620.4429409999 36475.3693016109 19925.3441280829 17737.5046248606 0
2625.97400644678 15453.239978425 4182.78405952111 2284.10464801376 3801.64392905376 3770.06243284589 2185.40280181894 2572.38970381672 1467.87624354829
1164.56044708407 1171.60955889141 1053.35863050513 1307.02458351258 1141.78551239413 1531.43642537178 1209.14444535278 1109.894852757 792.069070499111
0 397.708310113591 359.937912923413 0 0 0 273.018429836013 123.878423813573 328.301502868715
4522.52502307925 3076.261897773 5160.5700157352 7282.76391021124 5702.5249548677 3744.48065808465 1896.2526365357 4916.1635260968 3325.87488765304
23024.9727816888 10760.68721766 15825.98213749 17974.559110242 20759.3246849641 21648.5390472407 8662.86349773132 10968.9713571596 18433.3405008961
2079.67531173935 2950.29948260775 3219.35835427119 1418.23049983276 2920.77549354781 4510.03351082178 3322.26600772005 1863.59279192547 709.110521560332
7010.54207213511 5043.02749702811 6388.16551210579 8497.31324608624 7042.04195529051 6153.95718159873 6089.35150816196 4849.44528262605 5537.83825719424
2043091.00399864 1692.87442380979 2275.89110156534 3173.92948418845 3751.59597478265 11207.4920600232 2058.72612067754 1786.75078398917 6866.09240239003
4897.74329038959 3419.95365181063 0 5682.88783542911 1004.65386641327 0 4879.84418810497 2972.13160316626 3672.08248248807
246.197039975178 223.174844259358 220.703207503775 264.12823562886 248.672545558656 239.72483979372 216.916048492149 233.441073256539 213.9338060349
2914.05160237643 3191.55491662377 2521.97146237704 3877.14680659348 3239.87864231049 3022.83057832907 2951.18785140022 2792.13661399133 2748.01463540475
969.916150726568 1125.31340147027 249.684964895449 3123.67429695481 1230.26699401918 1733.19619731823 568.717977562651 9018.07582662803 64471.195352612
2898.71196019539 2752.7385027044 2298.8583764745 2357.26927209166 3636.79034380072 2637.48177805681 1900.53400982277 3132.49407734424 1622.67675083166
8908.17032835804 9118.95744438329 6234.38409541537 9742.27042836239 6033.29892091474 6926.84775923701 5091.83880060096 4528.92058647656 6518.11296040523
22626.9707155987 16834.6416357786 16933.279954397 22261.409814357 20328.5103553486 20771.6413113588 17270.4932128019 12368.3300861792 19412.818653088
13997.537575559 14833.7310221644 9877.05845719442 23926.7866683116 18637.2901982669 18118.7394372541 11445.0170175222 13520.0661356085 11435.8844067053
614.837497451248 624.048519014158 352.907431615516 888.077016902911 774.360166430584 862.113125308683 463.949857567383 475.685490437763 510.225998768797
480.727453296223 411.800433147639 375.383691251222 571.536445025488 524.489389369093 492.034675367634 453.253570454424 471.327098141299 378.545881131415
2190.06026390956 10158.065385496 1236611.31679047 22385.7172663832 3688.48140420038 3794.22460057982 2589.4688747855 32801.0509720577 1452.50557758792
973.681372554882 790.941687121274 840.87830769155 1161.44678735739 957.942129247395 1228.50392735885 689.754894325255 651.82740199682 682.938501422467
302.788875599797 293.62067734007 244.807342714903 468.185783911854 290.012925773926 259.949785874219 213.730148041707 213.76606901573 219.976196301246
1469.38405226398 303.912266159697 727.707230576542 1312.04313050048 1505.71781449601 1289.33688992963 506.056992022626 858.238596476756 1067.44597210726
12950.266298198 11444.1404837571 10891.2922047678 11359.7867569944 9220.58652339959 9056.24676172544 3761.6120203129 8731.61602344839 11171.2449887262
3514.38915587533 3766.71887399617 4067.14297432261 3198.54745971712 2234.68911434745 2929.33458146299 1681.23848554909 3468.5924366239 2873.11949318983
9365.7647776068 5063.2641709683 5970.45929139486 7336.99986362522 6941.99453320844 6705.27298958818 0 0 8267.20915972598
12362.1631585153 14145.8099259463 15230.0874750852 12969.9749384547 7939.69526524979 8206.42298269887 3785.29556468802 14538.3332649226 10917.154720308
29138.5011872422 15147.8799062485 31289.7201525776 16527.3090663429 12273.2520229397 28286.6198547306 15440.1970929127 6247.13302108854 19604.2549863861
8172.52996236884 4185.37049727434 4568.85848333433 7463.78295070181 9660.26196074483 14239.8803252163 3120.75936665997 6122.3092576211 5346.2340413864
36126.1733619517 13139.1060467504 25299.114624708 25963.7172071779 31856.6918501594 25337.8468633804 3578.60494217791 11052.3255382439 34073.7186807157
5296.83613768589 6308.50995414925 6619.10443258123 5247.22093252594 3423.86715285114 3674.05522070671 2262.72029300665 6268.84394143522 4763.46773275657
0 45359.529889353 62388.2549994486 33057.6511580134 45399.6706952456 106510.311229674 45053.8847168999 50393.9549257667 55207.9434568572
42643.781596095 37428.2876552482 52852.7282838566 35450.4395232543 30506.6502558847 50996.2201365976 26808.3559341431 36601.9921235967 40484.1232475674
1780.86559095061 896.947617122594 1402.75184489817 2143.06631670474 1859.75399735568 1684.47734236248 1027.52242950681 1429.92972846365 1299.30088058143
15162.713197808 6051.75757823105 46034.2757589212 6054.66242293338 5693.59337706489 26326.2398299839 3477.92285441452 6252.69044761316 18009.8716927629
8920.65162054537 7165.65066185551 7980.59097498148 9288.34161295886 9970.78932542257 13630.4406690207 6111.37991860654 6439.18603417438 4651.60370864903
1564.06195297181 1447.75329791315 1140.99387996054 1214.17152896542 1709.62075704332 1413.89622501565 925.768299893377 1486.60540167927 854.343505222479
3197.50671114729 0 4605.00857371322 2848.15534216465 3101.933640342 2586.46670271817 4287.3726636792 5163.61141586338 5185.19992971833
7244.31018774274 5590.64123910223 2264.61491461726 7009.61910384707 7699.71026349922 8337.45251671524 5214.37641525262 2763.03579719795 6564.80192432556
7832.73216847612 7399.6505582246 8100.74797084026 8285.58110106224 6547.30355383104 7617.26204793136 5413.56051671745 6804.23679809897 7278.41820860059
0 389.523246758182 1244.77979543651 753.305740105856 0 0 1354.37226505725 21.7281331499144 0
45842.2026555097 29147.1155355155 41866.9007747707 22837.3250014227 34445.7802373249 47368.4392288034 0 25209.1101515359 35809.467905187
3283.50513311309 4790.1915017803 5137.43377371064 4216.84658248576 3217.51106555758 4610.11891553603 3466.93660011358 5217.62338279821 4759.07096968211
4546.40750548973 5957.13854506591 5823.93126870894 3634.65740482123 4497.33824175681 4971.21080808958 3727.46939078556 5577.98340569004 3250.0919306798
6612.589186466 7496.0326358101 7444.10846757732 6731.82852474917 8346.154245679 11613.4667370208 10727.7551183084 7199.63680570616 3543.00914988981
56959.587260479 17747.6599896145 417032.166020565 18391.7458600422 10420.4612866931 12549.6763638895 122054.666294122 27594.8796296264 10565.3398728085
15577.4990826351 17984.1146345639 5083.1340576985 19055.9617016707 10274.9161375107 12364.496768675 11425.2586116872 2689.2422110704 10009.5849964556
10223.0164505948 12919.2038926393 5122.9076047813 11400.595180974 7646.58734487687 9986.76653135218 8688.24671544263 2383.83480605794 5943.31974073483
2946.88807230198 3263.97542740416 2721.92427205061 1254.44651939008 1982.90852459492 1611.26019670442 3169.94586294781 2099.79155935478 3310.88829087268
8362.216344403 9601.17719568037 2541.3644428552 10026.1675688076 5273.04838344101 6185.42021388361 5437.11897554749 964.129511533233 5389.3835364797
45713.7980055631 45291.0916077466 34880.1342543685 48746.3454494798 42384.815112402 52497.4003532383 34688.476563756 47229.8111104746 30514.8494168341
4225.80823311031 5507.24209673569 3568.80331242275 4940.4043962609 2624.43649133288 3089.6882583178 2247.46666906069 3398.73194582245 3356.77087202925
2597.26741799985 2815.08953356627 3009.75587624078 3299.47502767455 2916.80536113504 4627.54050326603 4785.01449187883 2809.66587736812 1619.45016283227
4698.60666578738 5019.45693692003 4257.72937275926 4662.14235833801 4606.85862209816 6114.93992965827 3970.3002566445 3545.71072295173 4807.02563135831
30314.2214560872 39947.3154802446 38824.0805155449 42116.1448472784 34323.1162243853 49593.0878798365 24820.5577361116 37738.8676547439 26128.6710638277
26429.9871020526 29453.6009954539 21154.7524276675 25769.5799307654 27971.8847766527 26054.5737296587 18163.0530893818 27993.0110288833 15829.1413214517
6306.77325424921 4711.56622282134 3726.32694159381 6096.51365819557 5629.45714753825 6529.14223751153 4134.88730078703 5373.98838200632 3978.93104866135
10491.9111269957 13226.0710668683 11904.3150330109 13515.4182880648 12583.4871916835 13026.8065879695 1704.25677008221 10261.3930351801 0
3351.49081468954 3156.40135558273 2959.15953755917 3247.43249393256 2565.5686800547 1940.80943048453 3025.07323784677 2350.51786358249 3113.30029947878
33021.2798696218 35656.9791281919 31862.9309248201 33263.9208998536 33941.7175271667 43907.7623945506 35946.2036516538 33352.5229508418 21757.1077272528
24857.0819915237 17767.2055433097 22464.9383579712 17541.6833028453 23223.6562470097 21599.3172881487 11769.4200943933 17651.2238754831 15409.9174094274
56491.1752103409 58210.0832262951 43053.8774504021 56226.888285016 48293.0600986032 59883.0562263303 43649.4196657321 60657.0977426149 42600.9299444953
22831.2744447278 19727.2399689033 15942.6133772602 19664.723832918 19516.1783937133 23259.3049432606 14786.0086496831 21202.8326099843 13049.3093284807
10360.7495700565 10021.6641366718 7391.23436499932 9031.43316008971 7859.58069688539 10992.7359599051 7182.97093332248 9957.91874310584 5997.40979378119
23282.7486553055 26610.3901131418 21839.420928227 22569.8317693904 18904.958062941 20150.2535469478 15164.4946818588 24992.6181176057 18648.4433268886
19885.6898907937 11876.0167286432 19021.2242653654 14217.0548551123 12918.0763477527 18910.3662305924 10358.6401025781 7491.18519573252 14475.3452376023
2467.63821168045 2524.49181126556 1699.30863850574 2204.65548408081 2055.66346172048 2897.32627864361 2236.47304975218 2336.53454093208 1548.26325448437
8927.63361873795 8058.30054595001 6805.68680237572 9339.92275834462 8936.01080154268 9094.77634178362 6047.78967026519 8542.09436005685 6312.72918465275
15238.36075296 33126.4498027625 17349.1912676455 136720.22024938 9835.57771190548 14399.5154967653 7188.66102703433 9581.16812072683 5546.69627424804
5122.74931767543 5192.75156202686 5363.86966952999 5393.82978726072 3515.70536250605 3412.2058208278 2412.31865488201 4540.3997758931 4488.44382385398
27985.3912616543 30100.9399791899 23968.1890571294 27739.096114046 27878.5401985565 40272.584402302 31092.6080984816 26060.3187145757 20067.9919094428
12347.0998808294 11215.5510467029 10595.615464512 15134.4423579762 13597.7499458976 14064.2500684241 6774.94962972614 13021.7942903179 8973.92205712094
4816.03142313639 3862.24158665575 4162.13192788196 4926.73666290864 5386.10912233299 4846.21087109755 2717.31168195433 4070.47262715396 3825.46670899898
692.742204808681 686.123740732765 661.636971808461 1140.51198234531 611.654283329424 1307.60388812201 1617.79555630139 979.959100597728 516.820384164233
11619.4878252891 13373.4111208508 13168.8464960072 10946.4242288034 15123.7695157119 20145.8137346195 18060.1359006158 12835.0373008489 5635.54670914037
6226.91824375256 7268.42627976577 7175.38932927917 6638.36600340813 7774.88240915047 11028.5864707834 9598.5517197227 6879.99014813457 3512.05793439418
9470.79241972252 4828.18875990692 8149.05796005324 6725.73389103997 7295.78345801427 8136.28045586128 3276.76981085817 3550.93689272128 7792.66998200627
10769.3409901217 8297.76501154418 9521.20907913251 8365.89030295259 8173.23840639126 7958.36096281169 4385.26837073177 6378.05200921172 9629.90920532353
11293.8246466307 4748.02223161419 6295.64187757451 6084.33140502986 5686.22942498746 7847.00038184111 3435.3885217018 9167.03508365561 4556.76110745586
3645.78300797758 1070.35535456897 1537.00098446753 1449.70090343992 1339.46341908136 1815.65086421071 585.623002622997 2753.19139003083 1140.12633976448
7415.9290053804 8702.64991631442 8627.72933565252 8302.54303548401 7774.68355598841 9588.20002729175 5632.41197779974 8790.26379086615 7318.09110621169
2425.6010154302 3107.98950478535 1298.6397116868 4937.60418755023 3826.62603901509 3958.25602225707 2587.49673058861 2503.92661057936 1874.28799439069
473.9745518294 258.72110851095 296.571621656899 473.039017332978 435.719129194264 578.275910682206 291.790417990885 289.401077282175 280.772060449103
355.904204462432 384.708387723161 408.889806741715 452.50770776054 409.85649250771 347.405331316758 343.228738889184 380.298556216052 474.316212603528
1636.51088745179 2269.75765340537 25326.9699974137 3369.6536465017 14468.4526041703 562.292133531228 282.008192163598 5911.31410147054 47770.3147000349
599.57448952067 522.397283330876 524.374839650648 587.52628908184 617.724099213928 776.851548165073 434.777237525594 394.857794375157 372.432776790641
2949.69350652134 2254.19232015771 3992.76203911124 3918.24850096191 3423.66267518301 3779.02306823722 106520.358834792 5087.92565004501 2550.93033460504
3196.40691988952 2219.86659882624 3556.95051668097 4993.23828196623 3792.42197493828 3116.15080426177 3579.84160954454 2489.65327252381 2258.61050795056
407.409254974361 453.092662096124 436.013809773337 530.948512645026 491.870078677559 472.417976401701 332.913388827659 485.12475342566 465.343519183124
5589.851658906 47756.2601089067 4896.04387191066 161750.61683797 4583.30857162184 22064.0461842588 10140.151225213 10311.3453189929 5774.00266691664
9295.45862877694 7015.35243934068 10989.431660433 16380.2990766771 10566.9086564685 10303.8327384228 4644.41428290088 9624.76716210307 6622.92772808121
7553.85425252834 7950.42353571395 5812.06129232514 8596.26723868315 7449.27356446737 8729.08699386094 7866.07253020966 7583.47906574915 5124.39477177027
8658.54183692852 9156.91232357335 6863.57973256967 10900.423732063 10641.1090238906 8478.60323022077 7586.73852412977 8626.36906706463 7128.13893038979
5491.63503414527 2963.38837965667 0 4709.21923435461 3413.11207647468 4588.90402649186 0 1379.70236829565 4137.00735111333
31037.3684683004 22855.9929434592 12218.6503795408 31059.4180198357 33049.1306297213 33976.5966177209 24525.1403023771 11863.5933856588 28093.2552318069
0 0 0 0 54.2425642419926 0 0 0 0
7834.73908172184 11038.4891677092 6490.1954256165 8777.59718469858 4352.82342115906 5269.14154555195 4402.50649028963 6430.76921347203 6106.29583254304
12206.3698348399 9149.38445089304 9330.98086384338 11314.296317352 10522.9694603538 12901.7413638441 7162.63730450295 9421.31083670572 8168.66514460304
11086.4840573442 14343.2616674126 9716.79039320326 13098.5641681382 8306.45015338099 8580.65478592145 7299.2757097972 10418.2882377567 9626.21212666764
16106.9666612624 17768.2084105193 11821.8193617534 19976.556724737 14598.6463758672 13350.0099696282 12829.0784409468 12673.0479504859 13849.9410013328
48517.1341265305 14154.5565056565 7868.53415152025 7403.90471254735 10167.1279847571 7471.78069930484 2342.29956997756 4232.81048566878 8143.43010536372
2482.12941844733 1370.84160432936 2246.52249054067 3206.99577462134 2769.83399443091 2113.26257358667 2394.93252724711 1754.20729160131 1853.95446233541
1561.55227890606 1346.55204180505 1606.30396273023 2323.52992000293 1696.92265792112 1490.1207234242 1040.42054191192 1572.52287186846 1308.92938989763
932.450979875356 1178.00389888004 1257.03283161204 1118.97380963515 946.052011481731 1289.04836923198 789.169797659151 1138.77522352489 930.379411287012
2293743.07276317 17830.3621375149 343170.384420703 47602.214973665 38008.0769036148 25544.7114966514 40365.4701595959 22293.6038132413 23887.0505593494
0 0 1064.36869037926 0 0 1897.16133507777 2073.47217396321 1443.51685063235 0
1136.88215981804 1299.02277152596 630.971784484036 2005.31578648369 1604.33045568907 1686.17666748708 958.927238142679 990.23620656389 829.864206838887
673.463310035802 602.509708626848 714.026123366336 1045.8219424053 928.090999155963 684.865230916814 429.834145395697 734.194241939894 662.532614858579
3380.83780146819 2276.2875866268 2749.01812246375 2979.82788321103 2468.77154837991 3222.32487551187 1662.46095609767 2916.82086350863 2465.90905588378
5575.58579850287 1351.74560609016 420.97128931872 519951.54789701 490.676013458509 32846.10650739 11470.5772006634 1424.81025763364 2890.7186338597
1233.27124784932 8628.67116575624 1120.04050622834 5101.79884810309 3512.09096527268 967.461517184998 58108.371253672 1924.48663291512 32854.2938586453
2962.76581641247 784.300707186899 1299.14943434693 2760.01139614632 2759.61508758429 3404.70474271974 1389.0623817832 1602.08245347381 1610.54046871033
5531.82310002273 7262.80344098591 3743.34604268164 11384.8827578653 8762.55257265474 9735.57956744881 5893.69184336521 6450.02837369635 4102.63670159312
24752.7655507316 24844.1773732028 29127.0106080095 27693.3147836031 53314.6110412103 34096.411041409 35257.6445126687 25067.6715685328 25659.1717272046
6441.63622596645 4835.9341955845 3848.31686322871 7639.50939773205 7180.73538330847 6428.41162552909 3982.991948632 6222.13648098179 4569.26519419382
20585.9323107783 28066.4802730321 8945.49623622773 11468.854502147 37319.6156416939 9993.67155929278 8660.90085015336 5741.49531081476 5808.01691887321
9509.60985803181 11125.8488150226 14465.0562967768 11165.5538120803 10187.2483162148 18237.5745805744 7118.81026442209 11160.6608257956 6772.49870366909
38520.6944775238 18589.1313040605 38191.8543203911 23323.3516406946 21828.4394544417 36475.7867368457 17330.7114746103 10247.7410238292 28884.2086123745
11285.0174877868 5013.49121276365 11037.242109971 6564.25906314677 6358.47576671493 10258.4890692528 4496.70142717668 2660.8726556264 8582.71786807471
7232.31339190148 8390.63683471863 3506.21232913604 9371.99454394208 8244.00135938049 8218.63501831029 9817.32887135152 9225.99366917869 4075.98936167967
7790.43494415989 1754.44051864114 4084.70816372242 8399.90637857536 8333.9945530567 6865.02111346723 3421.6917801674 5696.24939514972 5229.25382118635
3324.97343361385 1562.88694867612 3878.37979251863 6212.7434081996 4279.72762604877 2808.82095297219 1166.4231979373 3698.5006917219 2628.3160176744
45860.4482807844 21146.6452649548 39217.1538523764 31589.086740618 80144.9867503553 35480.6363443865 21128.2445406724 8392.50460846179 131571.277640436
3173.45853581595 4484.38725322093 2448.88928426656 7935.57942850519 6114.08289644955 7241.56135844106 3605.49582881977 4394.26973367037 2060.87141374808
5307.4532584914 8750.65044440102 2076.42557170404 19496.9392852397 14135.5521139059 16481.2051786669 6686.46750261976 8564.15809418421 1997.53783196812
536.005612557979 2744.89053997694 0 1945.70500142899 0 0 3317.40782567483 0 0
2945.40336744943 2320.03828147997 2319.77677370869 2978.90591737509 2786.3735829335 3065.85112415824 1992.09304283072 2776.08123659929 2755.6735066191
583.716165981492 700.25756302242 601.25925205896 600.874394304584 460.111429654587 778.069070855251 506.143606792599 584.266717684123 616.681679182365
7876.47603411538 4305.15551896539 8313.94276156527 12527.7735784179 8965.6732872319 5779.64151140986 3281.51718195357 6868.54188530017 6718.16699374109
8969.43426958306 5498.95099862532 0 0 6938.31419517397 0 2890.01416142966 0 5595.7044547255
371.434936468757 349.283304370815 216.049659667893 398.334245840826 380.556857699019 422.330674537061 310.094062062122 212.575565835348 349.712981409681
1780.97298895733 1519.47532480875 1002.00357839163 2069.02474069105 1993.96309554703 2092.75803673054 1466.48288011698 999.010037697194 1522.7384631293
12105.1852660616 2858.26461615079 3334.16422852196 8656.25158938382 4660.14309315433 8152.02235111863 6012.62415497595 155947.097501908 2814.37297518537
3555.34023849879 4008.16069019333 3507.60484191554 4976.44806454264 3616.56246915909 5141.95731280439 2797.12351232298 3535.71974057501 2419.23901895313
382.121221895083 385.59804177731 338.186321402983 297.443462535281 515.814806563105 334.090322728232 188.450741755497 437.702832813701 206.665264124176
1386.59704111477 1368.32297175123 1095.90822978762 1482.67028132122 1271.34299454871 1539.37830849998 1036.86142181861 913.411007454437 1194.3513105704
12341.5223228787 12837.428847653 9388.0564025688 13021.5219760504 11491.89664776 13843.3737064543 9585.01316666353 12331.5357840548 7994.39748183695
1933.74289188337 1945.89173580558 1190.88430495687 2289.90377545251 1504.82143313751 1689.43691530239 1153.97688701024 980.712948392558 1339.0579656819
3162.88619997014 1788.40715924685 2978.00458560381 2276.69642929024 2195.84584340867 2822.50884164134 1048.15411815244 1288.5888324861 2707.47367758361
9802.21546498593 11530.0781302875 6859.43004420466 12256.8457937731 10253.527317148 12331.6887816585 8189.95336079382 8517.32459410236 8515.78431469322
3608.86435817066 2855.61701738465 2741.02265567195 3016.35154488312 2876.2023573385 3914.12307977595 2021.4687550118 2845.53589139797 2244.13682750134
845.664224620864 1134.77020734317 885.73589461187 1112.85457571448 546.546533106476 1167.47733445107 548.688466590703 793.778881655841 729.95823575358
13327.8640127558 10264.6317182043 9391.48072100611 9667.21995411545 9712.09817593289 11721.5166792562 9123.5043693851 12079.7538410527 10740.5503014348
8190.22797290247 7820.9722292666 6894.37788915877 6956.28353631863 9870.06139806621 8504.0803941524 7125.44148792198 8325.33436535097 5011.39484744315
22737.4883168054 10353.7205679516 22824.2797914594 12948.3072937614 11588.1604429524 20650.8347205084 9490.32456802468 5151.76255112252 16822.2121565541
562.287528319358 618.328127494876 575.292225474923 731.99748287826 622.961557388263 629.458839135051 420.106359817545 549.683874005656 561.436727123829
13872.273442597 11304.0985068614 8524.21078745276 16576.1340784162 12212.6514505797 12788.5111098703 8323.15879933894 8837.57546271688 9703.19557121013
13407.3860456871 3332.20871216971 8258.41867597255 9913.96479519758 6861.29786357925 6854.02119724178 6366.96626865305 4773.02120124967 71268.6039595841
22141.7338285037 16891.6265807459 10606.5728142669 17625.271878688 19555.9046597532 22814.3528010782 16047.0764678637 8108.30876079376 20208.1383265668
10042.8304931068 8180.64424180648 5946.96275178554 12176.1109217503 10686.9507487694 11303.3827855728 7769.92385390087 5851.36402795175 8100.88436442683
6320.95354833097 5412.09596469567 2230.45465229945 7518.76276118075 7614.32829609187 8157.79708242352 5045.28849904206 3374.41863914493 5398.85628947243
1207.78878281815 853.340026717686 726.12949076374 828.448926563835 951.470116057358 1247.0937740413 720.286914639855 841.612442833369 530.760615989537
1329.67126657186 1617.99395516879 1293.89184043455 1494.50905839729 993.102482283389 1727.98884364083 890.800227969129 1196.80116701049 913.40675786016
0 0 0 0 0 0 576.687793441109 0 0
6590.68897656175 5672.34797190993 4844.64722223383 5956.60120224738 6313.25666923105 8042.02642305978 5207.13334063524 5588.9259124801 3178.40076813914
2923.32935636676 1307.40662287964 2093.12532756959 1750.66156833507 2594.42316489153 2318.9420875105 692.609481291927 1219.83707112929 2406.07106541858
28718.7545994819 34286.019067564 28082.5730389053 33637.3006122659 28442.2949972917 42226.078653793 35248.3550209151 32324.0936696957 149663.758710852
543.988360891189 462.565821930103 638.867807080035 801.720300739712 613.149007539525 445.282609772267 704.318131874588 382.630718757359 442.415623057338
1555.97326119577 1337.45005803535 1636.46745328168 2130.12984977283 1717.30418422264 1479.83858499291 1702.5963508703 1321.22120267864 1160.21856664862
1404.81029003153 1584.63926467542 1189.87414840866 1532.4643477756 1005.99112793293 876.621971065348 984.498818813797 1038.35076338661 1281.77993432642
737.154894316704 698.090355739606 453.945248644368 1126.6487437772 1034.51525057851 1021.46046980481 609.410638665658 709.429642609007 494.004027258207
19389.0451186837 28163.340873719 17233.5596491705 193515.824893956 20758.481575544 35354.4924371153 22008.475131634 19449.7915489298 13124.5424999091
2655.05677083082 1952.91572419202 0 441.116189597243 1119.77578541446 3075.20604874721 1945.40518973709 2315.25574819308 0
876.464912630268 794.118757155071 705.319656571786 624.220124805205 643.942089475251 832.186772706438 563.003766806868 679.288606798127 513.790206635649
10464.1140406536 8010.76627944738 7788.60474309478 12601.7384950669 10195.221623753 8401.34478671709 9734.22942413959 5806.83874426935 8412.55392548902
1645.17232596551 1897.08313414113 1050.78186056087 2227.51599189268 1208.7534811774 1753.51302264411 1835.48341887695 1100.03098058873 1117.45728568241
9664.82293654028 10376.6072410571 9365.19147155397 10226.3878074282 11634.2608986487 12319.8073315217 9167.92864335102 8971.60938478518 5547.41053743261
6716.31531226006 9523.31684340418 2613.00937570533 16232.6187149734 21485.4752001162 24625.6945416672 0 13137.1501621015 0
24760.4524496978 29792.7386173199 22130.2611642173 12598.5963494092 16756.4241530255 10427.6135193865 28657.4602615769 20959.4314816848 33384.3621570669
3450.3591422719 4167.19910102233 4280.07317404166 3458.03548804231 4459.8181098438 6748.09777375036 6269.56203897271 3838.60542612885 1694.46502918184
2026.63463470468 0 0 0 1132.96316437883 0 0 0 0
2531.93295284043 2801.17510666327 1091.9185107253 5352.31065903867 4279.11121657649 4993.6351690704 2373.62063567103 2296.63751369805 1563.87616669001
612.900310793717 712.403803474245 578.767663674136 712.280552189398 493.133821779919 839.603836165465 518.092080645059 578.278440615514 417.072066842717
3690.95404259544 4156.1297142771 0 4414.24056456617 3287.23531170085 5067.89074725951 2482.04726594831 2929.56517747638 0
6788.64572513232 5858.85857378806 5478.14319933102 6792.64109741429 4725.4877155568 5546.33774245621 3971.28615150332 3454.55707821379 5118.24226375627
15721.2735105953 14835.6389118173 7248.53643805062 13013.1681705342 16118.3326197143 14020.0982564548 14171.9436286786 11695.9679804627 13123.2904470368
2742.11692044441 2099.69352086511 2134.24199297623 3311.04027118655 3137.11711912552 2720.0701258357 1474.98109586409 2537.28035403834 2285.63387065848
20026.7631522199 24317.8620606392 11106.5839597482 35845.024105914 30243.2234617736 31634.0787960721 21491.5099851191 20101.1809092765 15953.0445850696
2822.38151665105 3308.97151331056 1915.23301366309 5375.6720586915 4373.79489603331 4710.03536155361 3018.43019189922 3082.94014905125 2002.55040130714
12583.5885276508 10789.1881317525 8987.87205791049 13913.5875008609 9961.03786993288 9671.94383885196 5575.60950386036 6373.24894924322 9970.94079081515
232.336717677986 271.169592076716 252.129189638709 251.713167410175 293.11306912215 356.03593933527 281.897534174696 260.721352955655 170.629419303361
1595.18903902984 1840.29615450455 1687.129232371 1591.20751542041 1102.37234031715 1344.40166211106 916.098896131667 1673.76401623555 1227.78296069924
481.724150087495 0 0 0 2746.05615019257 0 0 1821.77346077496 2071.82631434217
2324.2900774816 4672.2037018377 3558.61703728458 4898.90833195021 1754.37053511368 15242.5295779171 1541.03026049247 1956.3667083555 2329.64465883
1127.40907143122 1205.81526340785 887.908477094407 1260.06080894252 1164.75083036431 1237.9480838513 1015.18704546143 1197.79164969468 743.352867505438
2000.29235042696 38363.3063458203 6846.76591043629 62824.5923587266 8545.19230320138 2410.54494572735 1623.69552812478 2384.35428892692 162523.96306618
80.2272786778879 105.315914518298 86.555430094593 106.579372548398 79.4825347375852 109.382189926453 68.1757289458166 81.8207925574438 87.5629508758718
3126.13352185666 2319.81354406148 2805.95302073656 4009.15666207906 3299.10373951685 3209.69154673405 2786.03613253362 2745.86797552291 2254.44861373098
681.612152628369 671.078434737224 739.528329515979 571.488726443395 410.323669472867 604.013770661469 346.431716374699 577.54560542842 555.234233678485
279.124571103839 261.020438376663 226.398383573268 280.746162597008 269.059673335624 293.379727294476 223.494960574085 217.371547062696 289.531827885445
3471.19460834608 3836.5068293646 3292.09370649109 2946.42030556688 4673.33352526189 3996.05155818013 2640.8711794935 3641.77365789548 1747.53474969075
0 23164.3828176951 30038.7049978926 8907.46498829732 20399.9091077531 37862.1548600526 11028.5089159163 0 10524.1465728534
1424.63917226748 1352.08932014719 1736.92645386667 2253.0299934277 1700.39689147494 4107.63756807202 1066.2611786694 16250.7340221773 1121.44186779321
18381.039402658 145.778628372375 149.998998181235 178.04405020726 53183.0464534908 693.994563522575 1129.46082384763 5710.89727124692 18305.2082795111
13354.6335334156 9923.31644777919 10786.2731940344 21394.0825489822 12166.4140960273 17645.0797447758 8988.54655224777 15235.5402754447 20658.7593064998
6055.4216568793 7292.1107907268 6600.54986048609 7293.92866540982 6372.72183978851 10537.5884345163 7788.29776372239 6654.38148298338 3925.55856555715
18282.3675149175 14817.9316652081 12795.152449893 13612.0934469128 15547.8911416883 19036.9036674747 11217.7356840792 11073.7411507429 12654.245674773
1341.10198102912 1028.12298335365 737.19907365186 1439.3143015555 1379.55059851756 1444.56990800895 908.065764453173 1076.86240391138 928.784249049569
404.747215953408 381.888121396201 315.183194722098 288.682192293568 418.96795974551 385.551517349825 267.775798003503 371.4644532821 191.863314967849
17950.8970227216 10808.6223719864 5539.79511996828 18520.0193743779 2068.75948923797 18851.2632139971 14550.7265237951 2224.36983669203 15528.6866139313
6440.65973642269 5274.62778659648 2760.07713368944 7343.0899129307 7487.60297065848 8219.95055329288 4863.73889069257 3324.1430902898 5302.37214051301
1342.55592844965 1342.58913475716 1318.77618258841 1534.02644658109 1267.47016588557 1655.25809666682 1101.33069268297 1279.37977417173 905.176993460812
1494.86507413365 1527.99845455313 1209.45252361566 1840.63931779756 1191.26415355061 1165.17330337363 1096.85941243276 1032.82269311575 1101.26180991795
30298.7648258756 29145.4492409856 23942.0326527817 16141.3539803528 44379.3975265788 25483.9179224341 17435.9064968 32150.9031946636 35105.9607223858
285.90444978357 5083.32779936361 60208.9704884694 684.932112050575 2599.20744650475 358.652662053194 2522.22994036195 1958.77318090631 3241.72449003635
19503.0158227271 27215.3727169349 33173.180560067 23203.4506187333 22905.4671330454 39387.9970637035 19098.5240728194 25883.1663207739 19391.3584312933
35871.8137747399 22112.9435487073 29864.8188041076 41099.094418612 34457.5577759432 58414.4849453605 21678.2846867291 24513.2068819084 20805.3327925111
13976.9263676667 16653.084576055 20061.7512260336 15474.7346003075 11655.8491023814 20224.5258002376 10173.4533959837 19382.0927767582 14456.1600834484
14176.1266550493 17170.3540428953 17875.1157793051 8557.45502196922 8900.67550867089 12049.690192963 12538.944123555 20786.3367586486 19705.7461291868
5152.25383982296 6766.16025702522 6302.90490598939 7352.01498100551 5440.04335001354 9028.41885906805 4181.93388113274 5984.47417796125 3473.33678007883
3296.02680504601 62095.2899675157 96802.9249297711 4952.79752136746 4233.50090456202 9219.58242741446 3355.81796215928 3161.44397286809 13788.9020082516
28754.7485970314 25927.5049843448 23370.5842609681 28427.5063127176 23260.2399346765 26090.2943296932 19175.3779866004 17466.6284378126 24594.518944311
52942.6258109412 7732.7513919743 17225.2209835057 18133.9205927096 15763.9747788378 12227.5351818594 15763.2714530166 9198.21584373381 61580.9424982723
3278.44169365466 1385.21619449706 9570.95305136527 5705.40989308004 19875.8569863811 2705.04746055104 2255.21768467538 868.509859211887 2347.48952780904
7535.44879625118 8073.61219567765 7263.56183097922 8600.00934056084 7672.33077547166 9599.68727007846 10555.6017959683 6359.62685667575 5854.90748767654
163.548303753765 148.601763672315 161.243239317043 204.848806815809 191.662795100981 190.580317269341 97.4066480183278 149.823422788723 143.582759740442
561.523839612525 514.315983222802 371.060194399322 503.716640504532 662.665980170153 509.460468564138 360.528195369728 554.764820372687 357.035912263193
1257.02245269857 1226.87353029362 947.854841003198 1067.71060492841 1454.65989243398 1123.63353829384 728.643136999317 1279.00125657549 771.955495714742
6468.76441395626 5918.47123289746 4893.65324974411 7754.72679512223 6165.63414716368 4908.25717827524 4832.85707389123 4763.49748240793 6124.00140849195
10170.1164819604 8987.72118828472 10166.3963749527 8078.1677435515 11715.2362824106 13348.5205634455 10396.0981864658 9087.18529888692 5868.95138278127
20586.0431708919 18020.0039191118 16627.6789433398 18796.0610007364 14461.175690701 16868.0996866906 9529.11420093928 10112.4534853566 16130.5016750791
711.582982264214 618.287977336596 636.713909675215 819.674121075743 804.342605498516 718.671764567665 431.192474745043 655.843298967253 636.941191838897
2512.87948194076 2588.05368298836 2395.76611142828 2515.04371618012 1803.29225790974 1568.04917612171 1574.7474017162 2053.77164343347 2306.766956116
758.272110955713 488.659291288227 909.818626167822 1202.05562310019 912.468579154798 566.429941387619 987.076914776543 558.095715675515 582.616248696057
23696.1857266743 12402.9537930021 25902.131474191 36175.0481396388 28548.8339765168 17613.1894099624 28377.4353314705 16659.6601197951 17672.3058584224
2330.59212538481 3140.92207259706 2701.88802678351 0 1268.27076022446 3163.03586509744 421.710026229969 0 2498.70445906338
2356.39401593546 1315.73016608504 0 0 1089.26768029875 0 1364.33112007199 3236.7480191629 876.955125847534
2955.11680374487 3448.28980292623 1814.07660342806 5272.07312250037 4452.91539348619 4924.51873168278 2795.86014203485 2981.63141115676 2132.1284989947
809.420757573856 3013.03606652939 4492.84166818311 1645.18520772978 1102.08504298229 26209.9249154075 331.218625129035 16894.9684523029 7118.5382625831
47290.4992818491 4329.24506039144 2652.11332520224 33726.9418784829 7830.63618509724 8322.43546592897 4415.05131839819 4560.08457353228 2531.23085422521
8432.94846681294 8822.46943414798 4129.4535546413 10207.4720071935 8719.77113523516 9759.27662160701 9203.82045728732 9377.64985961827 4742.07131202447
305784.352867053 31624.4129956625 40226.918240888 27611.6779771295 32203.2057936464 38990.1567441785 33256.1428226522 26235.3854488438 36970.743891488
54661.9204630702 8916.1918530097 12765.3163520219 595807.0686264 11474.861997241 10782.0772513653 4572.33505405697 7060.56050601243 11149.3936532269
335.304325256231 347.890993852281 360.691321443287 366.981363173621 434.081014808301 423.305868330697 282.499772183832 313.366406179666 232.942857970064
9426.13983064722 8711.78815984357 59427.9163561113 22052.3994877669 8933.87117789479 33828.9083670104 5090.90736500953 72364.6088675466 4156.40617156714
16751.1190358827 16585.4609628639 12515.8070361416 13430.2440686021 24099.8683813344 15344.6107808361 14839.635778937 23125.3880786709 7560.90613348866
3200.68828677716 3230.58952503684 2223.51557394536 1861.5216883423 4946.14988539645 1742.57359789373 956.102272983141 4254.9268518385 1317.11979321116
32663.6755009509 35136.9857943989 29125.9622351013 26131.4576003031 46782.4289850646 38682.9500219827 34549.9283026065 41809.8011309501 14344.7421593699
44989.9478542805 47158.0012313177 0 28780.8244267111 63008.9547309167 58283.5278336384 42820.5776148782 53446.3426349181 18481.1147491536
30907.0762620838 32860.9539139652 25670.3987279193 17822.9384175978 48190.1996589176 24784.4156598192 15918.8834829214 40302.6387499339 11687.1486069901
10796.7814644081 10799.9477033247 8444.40333594956 16330.4276888349 11178.8814119704 9937.87582179333 6968.06841066726 8694.13164067204 8610.31595434589
3400.40460782221 1383.56637371968 2623.5751864703 2355.78803078337 2941.42686467509 2821.6048950003 821.265961752475 1258.79389477394 3048.66779258899
1656.02643260942 1482.24196252705 1840.84745969899 1998.43932606482 1883.91056603371 3003.14972682104 1246.34044333076 1418.01287404963 1107.01591893949
79736.4338302199 3512.2840613353 3536.54565151997 1123.94240872366 539.550345622829 651.794925283803 1531.66478378593 9692.80891283769 258.574770439115
10713.0898928653 6643.57471565385 16855.9856426286 170284.485080869 66927.4259325649 6510.16939717164 102820.549808691 9741.5020516787 5770.49836278936
6775.87026388817 10490.2947343019 10498.2946449846 12103.6054589288 9927.85725843414 15002.208255321 7477.37981556469 9037.6270299454 7906.09842919892
5614.85474252287 2655.74964135377 2683.31884634961 5522.33310589683 5785.70655445579 5533.88927214684 3185.20655297431 3162.87922101326 4372.48911447458
23292.5579271415 8986.96913761265 13914.9309923663 25814.1743824432 25506.9254229794 21827.3559770714 13777.6076348648 15617.8688773076 16851.7712243858
2960.27306559068 1821.00345471302 1949.99055402794 3232.20251937479 3138.45969435751 2904.32809645934 2406.45947939965 1809.98490826296 2276.46122035128
4546.77915028028 3396.65581849885 4831.08299255769 5708.93142283193 11692.2190236842 2854.50841460604 2824.49202746197 15002.77268563 69626.8780290937
13151.00415308 61963.2844173463 163.569640632492 471.053403496998 10255.7219072729 893.127547558957 1794.74832008061 21105.1217338504 51079.2472468294
13769.3362551391 8797.24774968554 9794.81828463402 11550.8967958221 10945.0911417787 13308.3401539942 6173.34945879189 15342.8498483599 46227.8576398309
38237.0045984265 41711.4524777523 43605.9500350412 50942.6748589976 45810.8795935117 59860.8756350181 31689.238919562 44264.5136750515 31370.6629716763
2139.31545874828 451.143494521326 471.018068223739 1761.34310114444 1483.17816584389 2170.16543325594 880.379271913106 852.019312955058 1056.08816303325
484.913087289764 319.616755935077 230.275491757628 469.605804368872 439.790692622406 527.013412450888 331.625767305066 345.431738323573 297.807537338741
23235.9164013591 18162.7649239429 20376.5931035977 29333.6848172834 23053.3569362793 28856.7760895084 24525.3417045308 19633.7123606531 17911.7182153934
660.960585013367 287.411448270334 351.124677728776 616.949376752905 605.812181311211 632.697240202649 335.710174202715 438.91469250969 439.356096268763
1475.2218541701 1264.99251719352 922.44547311972 1536.65105043578 1646.26134679355 1631.9132984199 1188.82003821737 983.207497210701 1230.75574966901
1000.72476263059 1038.23561574446 1151.36092733424 810.272718239217 1060.00169678291 1339.98077599011 901.438975444842 743.124649774322 597.970844432272
52725.6471921493 49759.2511851133 42354.5374498149 44451.9199730866 36481.2659881038 56438.3797726382 28976.9016648167 40987.3910755211 30640.1709140912
6536.76125935704 1251.32665982197 1117.55827246662 5074.77176526334 3835.27479275235 6740.38948803487 2562.66578382826 2230.13888271657 2824.95121805833
25410.8778391558 21546.64424756 30155.7007063313 21478.5009519567 20251.2835897701 33340.7282887596 18326.0630645766 17070.5897432264 7558.31454283602
33534.9178283719 36609.8940521884 29543.114153733 36973.5921135954 31248.1023596383 40965.1924410423 27317.3905364116 35275.9502350634 24651.3404904989
3604.91193803991 3731.06440521059 3175.18759920357 2772.79009114119 3603.99135616676 4176.03754020545 2631.6136019404 3575.69896260005 1942.18510746213
0.0283951374167941 197.54994718422 0 0 169.639487546721 0 0 0 0
5947.88967793753 7428.8295773964 7045.8211771485 7789.50998521711 7820.4103666638 12366.2963634968 10812.5476893572 6755.5190225758 3191.81092217325
779.804741513172 2724.67859942125 1047.38485846969 2538.11767264943 805.509105394153 944.771057228218 4188.47688688821 733.189987911429 644.757401909546
270.71820870908 387.370214932984 530.759357512736 508.333760092293 458.333879503807 782.134963188147 270.723547246953 285.798479696597 149.332195001111
2184.16135940668 2355.02880224025 2697.21591791077 2693.11470451177 2748.8395015077 3838.36336176063 1933.12586630272 1911.417010354 1490.10129638018
2938.89669662509 3532.99550751713 4124.75908369867 3954.56838941497 4113.38204722494 5913.41660435998 2952.14082615557 3053.6091144832 1943.50437335908
0 0 1106.96173228704 0 874.774590829363 1043.39346451979 0 0 0
353.776843294139 324.396085459527 326.163408347183 420.006350008481 396.81194818093 330.202031120377 228.145752745453 351.768689809229 309.67651809642
30412.0524117198 35543.199605754 29148.7860469343 24112.2379482186 126042.163478853 33973.4459220994 23410.171400648 37142.8746869938 75327.6875275751
1327.84993106898 1608.66694971712 1864.31717132573 1733.87716164965 1201.86894366603 2091.12577768855 871.748632954174 1730.0026603483 1063.56804190298
491.143792236122 494.989188062761 539.298743059014 527.728505684488 444.287151430142 652.872720663339 354.775673787469 527.720037162553 340.889028213142
5565.67944870638 8888.4762972865 10546.1027461175 9168.03845403347 7107.67777015938 12556.2374905286 5448.06581459549 8308.3253585678 5519.21989306169
5235.41656933858 10957.2472768222 12551.2278306881 10965.5717032388 7388.39009646057 13738.5398868048 6226.07713034511 9799.33619868397 7005.47830357436
10922.0086163311 10350.9692843663 11088.9522674348 9601.44158321649 9392.9773056794 11262.3248002965 9519.09646882327 11668.8712991734 9392.34692425321
12228.673235939 12122.5686091538 14470.1235856205 12705.0306212353 9541.67148393544 16334.873221656 7535.56225697189 14509.4716130676 9207.03662416757
565.395894820923 561.634849925545 485.120161902452 541.845165194776 580.388986104488 579.35323318448 430.887104114147 493.277182843007 593.596313696741
16790.8982346134 9271.2744107826 14964.0304467882 13345.1826474657 12422.0031984472 13597.7188086254 6099.50926731729 6720.05688506447 13886.4294606701
4357.70358378101 3120.39641074777 3317.05534667244 3754.70852105876 3281.43508169617 4163.8553440509 3058.56938524645 3500.42704316008 3342.70665842956
5475.65228827953 5454.65748410611 5968.85853075433 6832.68885095396 6424.4719368916 6869.94147819722 3660.51355944148 6210.3974897086 4978.75820371745
39089.5243741416 15094.3789565488 32843.6020412355 24157.1760239903 27896.964113675 32161.7868803773 9909.52507603492 10163.7120599521 33138.7606565189
21657.7205215895 23568.4595305917 19439.0226262126 27171.3668004382 21505.5579846327 24673.0192243176 20774.1402372514 23084.2047743291 16257.5442000852
33389.5264890215 34606.2422719167 26680.396855146 34361.2145107161 28850.5279167881 39002.1623416973 24788.7528267018 34615.5303978932 21752.0241506927
0 4809.80032451005 720.802498912141 0 0 5082.37020541478 2008.76050772453 3560.85210369644 2366.36338499581
465.759712681119 547.605211815078 547.9157236562 563.890249944926 610.210386316454 654.054923654571 488.613765760509 511.274784778834 434.723978113138
3096.95398448768 3403.68280847539 2435.97616333463 4422.17094699083 3597.63717362084 3463.73706782481 2929.99347578235 2874.61448772577 2806.63458243401
2064.95602077207 1536.84899706611 1899.02336230501 1206.07868555638 1233.0637579443 1473.43630725138 1336.64822825941 968.77600366835 1914.09597197333
761.081648955917 690.024666339448 731.319468187772 846.220411872797 899.667773437039 747.931566395345 424.705528670497 736.954901581052 636.473290039335
9390.35226539108 8307.43288892575 8587.21975601609 8317.22610022316 6908.56101531217 8798.27775099018 7268.49430295595 5703.47845750838 8130.68912395586
4462.26426349512 4539.56980707249 3456.2683343181 3604.09233236592 3895.02383594608 4299.1201808671 2954.97188373439 4714.67269397232 2708.34877221361
685.521047046506 566.765305679434 611.218459084441 777.460283202482 667.223581734182 771.339547074844 486.85846677223 563.422955442871 586.009974327843
1493.64362848333 1383.569693082 1045.60497266497 1641.83187455226 1579.66056414151 1983.69448222117 1607.5481324716 1336.51743567027 1035.66562303586
4494.14746053194 4481.16827820789 11032.3016336336 2404.05621368252 10677.8454961379 12670.3202432853 1083.33699094181 6246.7881603515 5439.67624594796
1458.85003278936 1279.50086145966 1273.89050195064 1660.7464895659 1625.13845050186 1475.96739535085 827.89502227408 1351.08147758669 1139.32649832204
14282.6647406644 14992.7407618457 9799.06692139351 15832.7696916003 16158.0605611047 18635.1139167616 13668.157728832 10926.0155239258 11000.5917795579
20480.6639062192 20912.3508506213 14039.7757050109 25508.7399151118 20512.7551957703 21508.9316613195 16811.2632875139 14704.6855953852 17637.126966839
3942.94542246453 1995.82211171892 2423.13080975783 3914.12968554605 3689.69027299273 6323.34858995233 2396.20647486353 1911.520567838 1715.5895463818
59781.1182547888 63572.9267152594 56332.2356849347 66007.5721156792 66067.0151622876 88955.2925908961 52040.8842007452 58323.3955110947 36038.2020086259
2282.26353809973 2405.42155742358 0 2808.40085070681 2049.60099255138 2601.4414178939 711.687813130653 0 2361.32075273598
18077.4294654698 22396.8320015306 21122.365446773 15555.4670940482 15803.7259159073 19935.0205441096 18900.205325062 17889.3950859783 15299.5393135978
4686.83565804163 6100.28276542969 4722.26621348204 4387.98047310604 3976.85243262185 5631.23894165045 3960.54701609869 5372.253825137 3469.91351208405
0 132.978031974644 0 189.136841197388 331.281437406099 0 0 0 0
891.909480678531 932.632348296064 411.316448149907 1666.09315047498 1383.62718217925 1561.6849870113 751.518039308648 805.755207069526 603.265422072287
0 3420.77979529055 0 0 0 0 0 6422.04017873092 0
1424.79334609213 1108.24772013016 1015.10187219037 1220.09853636544 1426.03435379382 1218.18571176229 688.606821761481 1185.58811986089 820.466473685437
248.024811884142 0 0 196.95887543104 0 80.2580479932866 0 0 0
10508.0968988256 11702.7474546829 8860.53405661258 11540.5565534376 10160.0110634414 12176.6784539457 9067.23857287951 11390.7591887305 7815.710829479
263.005281282735 286.521515572073 226.812222630515 334.377597374491 215.045473712424 351.526399253862 176.43339598798 209.260225578462 206.79639740115
283.133781297259 263.889089817183 215.347157104193 302.31575615878 226.808064839434 356.401201388746 183.255589128231 252.002582868863 157.380467815484
5612.79803306278 3370.86465602589 4218.69301987007 6589.12446559144 6092.90538976473 5518.86366383485 4952.14826461428 3790.26642362737 4182.70064123453
1337.21708570636 0 0 0 0 1025.91139704502 331.016641824916 0 0
625.708686697341 612.861033484346 446.604801664228 423.510923426375 931.450652148573 384.268023078379 231.243993861651 795.985068344358 289.119329166375
227.546276690151 251.642223214047 280.298173609395 279.097219311484 306.256730493783 303.865317381224 185.956580466434 249.481827253399 209.358579890511
720.511134563728 918.252107857591 473.680576276509 1092.37407222187 966.507430366716 960.439786866376 831.32895320754 735.318584744168 645.345772306631
2929.07928307746 11983.9246464698 1685.88528741987 2122.28543517785 2194.47823596926 2491.34841842949 52425.6672890115 1658.59732302267 1502.76083919176
2058.53889040295 2849.15754142442 833.33989989652 6101.57290492248 4609.50435572207 5192.47374409045 2411.93606545642 2578.11835979323 1063.09270202968
983.109140711612 840.600582777962 883.13714306824 924.101953108632 1015.55199221031 1269.14851768635 1029.01128852927 815.722033786152 519.146733418551
19584.0969113984 18759.1314426626 7409.71099289692 22221.8344868567 14180.954684267 15518.4305481716 12011.6357165704 4406.25521625486 13149.5818357254
6433.54182269034 5921.27387576485 4335.13196591797 8808.37812351529 7592.11255859192 8680.84229972191 4378.84386403864 4660.38932907267 4701.88943373423
44876.5823621086 32944.6460633301 47381.9077993705 70485.7464729158 48489.8486289394 39639.9442374814 17929.8179375689 49688.6902599964 34330.9705714724
28362.7540244806 31244.7354074276 20240.6445372727 40626.1725549258 32426.9609823566 33590.9976264462 26315.4912848921 22345.7624065982 24657.4824533275
565.867177328378 514.939431534471 443.090536586976 493.820110847181 657.152431821715 484.96007443735 337.911172374615 571.972406804404 378.213168910395
13628.2627548488 17522.6467277013 18138.0946505035 11866.1550134585 0 28537.8408762525 26464.2775227215 14099.0132958994 6109.15845050026
4208.44504545135 2116.11173552092 0 1010.06816876078 5806.44120173699 2793.80543841862 6188.68560868137 2613.37827491973 1609.8738823211
3288.07687097717 2629.61718754059 3075.31272764981 4505.02313381863 3759.13069388152 3300.4404732511 3644.77745559113 2079.851342915 2765.65325916463
20620.4100297443 28345.9316190888 23019.4529147825 17029.0817997655 12128.0885200793 12060.8481799155 14805.6224108093 23382.2489282587 21730.4344836776
4633.91992540145 2487.18488667052 3757.57505740827 3838.5771405977 3571.30074358515 3924.42231128601 1710.74236292032 1903.06187736687 3690.20136573757
3097.42851947779 3080.28312713795 1518.07250205114 4621.82878432698 4065.33969301644 4654.38182534923 2499.40374281063 2253.05412156371 2477.61418335004
13715.7201010773 9164.26787882247 9524.70381120601 16055.9024178615 14509.7038140492 13231.6455518665 12052.3879376484 9312.76484803522 10464.7843311938
11693.0309350044 11490.7932176587 7890.04961356675 6238.37410118836 17959.3664275444 4700.67360163893 2656.43342241101 14233.2759490457 0
612.947333392091 867.103113383568 731.603797899625 852.537912850618 639.481640830723 1028.76216808068 555.402448656879 694.682835572639 420.495389611107
56901.145514777 56551.3773996332 37399.9180278677 69402.3167272772 55958.6180045434 53963.9160245315 39529.0572699015 40094.5332660687 50948.078592427
4856.62612163889 5136.53976052365 6091.94500980652 4886.48968881746 5175.54444258567 7595.90336974782 3702.66878552119 5082.88309932444 3758.16337989598
2516.29133201616 3045.17066739285 1636.66184496389 4070.22869602392 3435.15223165736 3446.49607915702 2736.52375674058 2536.44890626698 2109.77658583475
2220.70747858729 2349.31542991078 2327.13615826811 2624.55319943398 2514.3691779507 3207.06573750052 3054.22148880488 2481.10963392831 1792.46501327946
16403.869602694 19433.7244090573 25116.5311316342 19749.6694484265 16282.4172533644 28573.3444006466 12624.7872656963 21096.7790267033 14831.788047001
1542.12703344701 1553.60135365554 1065.73385945818 1607.38037913741 1388.37892901572 1379.76896046402 1211.0425174034 1216.72860557534 1293.35364879537
1101.89593811443 1232.01208039592 1102.09055540533 1122.22417405099 1363.48703617673 1596.5179763677 1229.79774320608 1100.70659377279 773.282344018795
558.345318094376 731.966135532437 718.570872015394 662.750704671983 399.890737216529 556.886002982176 324.589598962526 641.680594135863 508.713771682347
4149.91227074217 3949.2967406967 0 2691.14254967187 2709.66234459716 4138.05490202704 2959.82795866085 2755.31574060647 3767.76159170072
311.941432252672 195.747530892523 294.05158160745 390.532204299635 343.639656788167 277.195197042732 299.314634336939 267.244121112949 278.143691679146
290.828046610831 247.928806881796 251.957212615961 338.993077349386 335.130158180806 276.365263871968 165.549842476372 279.37842637283 234.936854455939
6368.93536885117 7054.09847764116 6547.68382084419 6225.07280651589 8028.75706530553 8492.67750826499 5778.89042885266 6608.68549122413 4263.37211989781
112144.287800063 10607.4807531812 14808.3702314818 19247.6863092101 7078.33445077814 13573.1516997995 6085.01712353288 9535.83941265915 14739.815700806
8958.62383949261 5226.22010528118 4533.4457975089 7563.84944854413 8513.2693852097 8487.4853848889 4544.29204381608 3670.21491769451 7826.44465577495
250.288472467013 224.746146381775 232.451520961587 301.383685487394 295.722211253111 247.106562954791 132.434046430363 265.508818755821 243.071767617914
1203.93022006237 398.91719870761 769.518528361741 1385.11003398071 1331.42046155378 1053.20768569349 840.418672069096 837.212575658844 818.819367128307
3293.0598259957 15806.9612439558 753.906531542719 1777.07496255381 1608.77444428945 39944.7714639353 929.905821758503 1425.22572669385 2720.66868829748
1915.85404121869 1594.10631916178 1943.14340311508 1674.52371363106 1322802.63376627 8631.88271191668 2977.65723450192 1095.11092410388 1712.90442060228
5955.97497519744 4571.8945751563 5118.40197794242 7935.54941880581 6582.99199993973 5576.39724306017 6109.71881401899 4259.28909854948 4850.71990107274
12950.8092215842 15419.8415530475 14147.935337139 12618.4169439323 16009.5366243601 21360.8251221342 18881.637486838 14580.4023339843 7107.50078865333
4471.45044164152 3822.93788610463 2708.37681296353 4332.3864530467 4755.91445936841 5153.59182480289 3176.64012379853 3236.59863856574 3332.67122695066
6371.07504169684 7997.29678691139 5161.35337330382 8105.26030805051 6690.1959865605 7113.48544899633 5244.13571171233 6688.72920797118 5931.33112522931
13097.9552612415 10282.7309799525 6680.38610268719 13947.4923400645 13585.5224106115 14343.7883105503 11813.5596074892 6610.78008819437 12023.5551996259
1221.99526241565 897.278374194737 492.500754942945 980.130341019384 1142.80701788414 1160.40584132689 874.702982706697 486.073406461557 1153.48523906427
1676.94134882084 1659.26602583477 1008.21369312416 1830.86640034273 1785.26893321545 1764.06669143164 1572.21983110734 1201.22803076419 1622.27680526037
671.656656112045 435.944097672812 752.500993242884 1062.33771931846 797.023634668676 569.116834887749 631.224832946998 586.141109616367 517.923440052564
12562.9434092244 0 7065.03882572165 9392.15520236966 12612.1518126342 11899.6662524415 11653.0167247395 12419.5793645874 5653.45213509919
651.070689554845 605.28830461337 505.063800244779 578.025751974196 766.129826858725 629.917769484604 434.337576937236 612.528780558199 455.02651634685
46767.5459854628 11684.6596599344 8912.77385722874 10514.0955042559 11474.8522992271 12160.0962083057 9424.75196455815 12423.1844847795 8860.38705556723
280.396618718742 250.284116717323 272.271144840343 275.536954147371 251.349966238001 279.461068855005 178.96592104919 231.069023649349 233.401982822566
3509.686323224 3745.85812708205 2244.48160294438 4266.91038943606 3845.08902446281 3922.84505983177 3768.89206032946 3854.9327510591 2377.85058232498
1643.69833758014 974.161584345786 1441.04657500946 1226.98339393952 1229.33369242163 1314.62477790947 464.909095881512 801.338613489891 1441.18943753898
93.425957494374 97.4238043374901 73.119227898161 100.809436062474 88.8939607036198 110.17204128539 74.6325868065972 61.645700332779 88.663266381533
2714.03455926181 15436.3291560931 2650.23818658577 311157.766413726 3487.18090503196 2526.33441027726 74813.0371310747 2769.2500101809 2386.56854845671
1545.42698057082 2739.07530202058 688.895789731557 3004.13346338993 113983.47577535 4327.02853526965 29484.3854491795 20952.3105196396 31394.2414008951
19873.8973669691 20487.822869242 17156.9883762483 19947.7864820663 17066.778643652 21499.5125221469 14348.0109855918 20318.4582911351 13403.0975637981
524.924053798712 462.84066512253 405.198814073318 622.833225386997 560.815140669352 539.77700921979 471.05967527785 340.091179441476 493.339201417767
3089.88286939136 1587.14659267882 3132.08746512951 1885.94684080165 1594.72944287797 2889.99927046867 1550.23315537892 796.67082388157 2260.57433348337
17476.2385799655 12569.2752099205 14913.5792097175 21819.1777554174 15437.0468473764 12646.4504442872 7892.02400332292 10298.4290347061 14276.1460751862
1356.80157059708 1329.45499198251 1244.61986894575 1857.13273780678 1718.74931095781 1548.43787851396 861.089561806508 1464.41618251171 1211.39304173504
3975.45150916606 4100.07912653998 3889.10302775742 4567.69520168832 3928.60712280521 5043.9748262331 3058.33512998282 4480.40757672433 2936.23022747817
3937.01423822926 4206.85712875556 3244.57116110404 4611.07916170081 4101.56274660403 5160.56281756537 3461.35947229949 3280.89198865147 3511.15221946136
6074.35765586932 4477.41416831262 5482.5157682277 9003.7206802906 9068.86430551798 4982.53397403901 1718.98595188271 7258.2268498683 6338.70906208386
5503.50135813961 6452.46870561198 6178.68818993084 4554.49801877246 7590.35407049817 8433.76163219729 7007.31957777294 6172.47238410027 2641.23024514906
3823.57380380269 2307.43270788663 3899.78661004732 6210.75833063723 4692.26541198957 3617.99576849097 1898.17777812968 4202.01466315998 3163.13028384127
4284.14483912908 4822.08495584619 425.547604340036 6381.65888341292 837.665998469081 514.078706783367 17966.48008848 12621.1465746396 122460.470205962
25006.6922025602 36417.6896734598 43836.5322717226 37073.7870210764 30578.7436605989 52800.1449357621 23135.2487693128 34969.3913785095 24030.8200997468
25026.0552557765 11150.9943748575 24233.6402135098 35410.0491518879 29207.2628335429 18983.862937446 26445.3309990895 17273.4206550411 18097.1840507975
2428.51092197538 2648.84322436849 2936.34351289606 2949.80563579471 2714.17386644363 3677.86962174699 2237.08604114735 2366.79332089166 2149.1181391585
2662.51775874909 2992.88425529048 2835.75815458141 3003.47056912843 3203.87304438023 4013.93092352787 3225.92891593129 2866.02522937842 1811.89218868769
2684.43163532301 39990.7291631927 3157.56078111066 2613.76481109452 80268.1546080899 5455.8042514072 1518.63461340486 7404.51288573746 2825.38392332763
15097.5880106451 14651.9368760668 15436.1626803592 13634.3653306881 14355.2666958802 18106.6987256746 10256.6988635993 14238.0320151619 10948.060885728
5020.04944557223 3536.64088531121 4990.27177269293 4150.17885649637 3836.01963970102 4050.64140949704 2055.30231495376 3289.57292894211 4463.04997087162
20819.3187672744 21444.8310749397 18263.0179145993 20308.4320966325 20919.7068487044 27582.6399701816 19191.1806270214 21754.7160434793 11119.2973514172
0 0 0 0 0 0 0 0 0
13993.9992999359 16662.9625638958 15121.9411251993 16425.0739385368 14183.3212165762 19538.6464054291 12189.5956252742 16872.6546923663 11055.8997799751
6765.50514082163 7224.09976372578 5260.57590588223 9562.39623511502 8166.71958903563 6221.77290920696 4147.59164394149 6860.45001635025 4714.42448465956
1127.38989546109 743.031888355049 1289.08771151047 1681.32773867099 1336.2247204972 951.571322066021 1287.97052324639 862.443465860454 869.57501374824
1482.54980616915 1744.23250597448 1807.5778743101 1600.60909166884 1827.20350688552 2763.02154563256 2463.40060534704 1578.17372149932 853.271715849049
991.989030650476 1030.63205358149 869.929585163915 820.88077549882 745.316685540778 1036.43321655091 655.897808579146 958.49610010938 572.55222931814
13310.2144761726 16104.922906227 13720.9850014236 13898.5844322154 12876.1816131732 20488.7253576411 14859.9347376357 12755.7111317856 8706.85225067942
5588.74877165607 5246.07741588146 4819.47115457479 4672.69516413918 5941.61210402995 4176.53820811316 2279.61062495946 5140.70511075588 3612.04197611579
6521.21858880476 3898.42938131524 5967.721307408 4718.99721930109 4285.37894759538 5273.12163054214 2632.19028169485 2523.5857803014 5416.42767706747
1424.45907433296 1206.78355101503 1042.98128496857 1126.15129701182 1211.55296449664 1461.09218873268 843.54293480197 1135.82287009792 789.81443579312
683.666951193608 667.192431921258 587.574487326898 678.339774897935 819.889586678965 635.188318739315 460.871629470516 700.922213137321 436.447316584415
2660.81762315001 2627.37511264726 2858.39657530498 2486.35061720938 1753.23028745915 2128.75590237063 1360.77424598866 2375.08405744737 2226.88380873646
1413.28834339023 1508.05134233276 687.506063026521 2282.42767541595 1977.4596930682 2134.60795720718 1266.57341324238 1128.82809448677 1100.2881450648
56722.0872997048 50651.2551008128 9614.65216115826 16160.2522760933 15652.1636433921 15247.975128312 14814.9273921914 8695.0459322672 31494.8564047056
5952.87190909009 2975.23177916492 4404.36569705381 7136.05509844453 6720.52296398339 5019.89382609323 5369.31522112707 3595.43459289009 4606.53685006027
13212.1863636365 10793.9596343015 8401.27014667861 11381.5754394802 12113.7712551527 11301.6262859347 11162.1795775304 7342.94404832859 12720.8789583061
16957.8401641857 940.116935374954 13066.7299850225 19003.3434994184 13069.2453642364 12837.6314547676 2244.60259265692 3085.00594705836 10794.0664375727
1211.17787189819 898.229554684854 1317.0333455796 1736.42599756191 1813.62824862207 0 0 788.071460479638 510.044967689392
10307.2728760177 12374.6566940303 8817.60706961088 10804.1388062329 9406.52324377792 12610.0104328516 8243.34366085957 10304.1584771963 6606.0048735722
2103.46979951385 1494.98160123463 892.617567383467 1801.79728713359 2177.25430054647 2005.20993381158 1289.37693982787 1246.62539024563 1570.88658977923
1316.38683876242 794.248287181738 940.773285271796 1313.96687960801 1032.23436074643 1426.8156415837 787.567243817946 844.358056657031 825.481332899804
16928.3027559111 8147.26484722407 17079.5584292095 11677.8852820729 15889.3304428424 14907.1782116916 6232.58473301049 17024.3169050662 13904.8243469045
2114.92320342514 1746.23772783443 1714.77229597559 2535.70289658603 2452.1892913988 2031.42797673577 1221.19798595017 2098.76839426174 1760.5309533278
12648.332561492 15685.2934372137 10605.553495445 14044.528866943 13321.9864107555 11870.9523804983 14906.3370653218 12246.6984063403 14397.871489337
272.299348537791 451.155520123223 475.100815415165 594.306631605241 339.364669840752 638.656640421618 212.705840262441 383.022221469686 152.130587353938
40468.4077168879 27933.0851376228 30188.6876758098 37629.2771129455 36862.9176202055 38431.0286020803 25808.5940346265 21054.3172740784 33619.6246603288
570.636876961659 596.339260059864 411.288379367318 669.851006271999 426.859289158453 492.021184810464 427.430968945078 311.532385643406 435.632665669536
2399.24294705075 2397.2575424375 2312.12302246481 2917.46691227326 2337.22733874029 2293.91265859766 1331.51659202375 2537.59703623056 2047.32935782171
43422.1205914882 54089.5023592087 41841.5895589772 52320.9789777862 44961.1547285406 61827.4482920779 46999.5573636676 48482.9166585294 36822.9778288884
0 0 0 0 278.994844561859 0 0 170.657670875501 443.789547304949
1125.31412175942 737.940142308854 965.724564673514 1296.58272431059 1022.18643452936 1072.50547466522 980.708657905086 756.087530449499 736.218565562801
603.485514185744 761.286712754473 664.718045427893 805.698351147012 508.06542388141 757.284088285931 537.954133597679 598.847505093394 480.327542498102
7937.77829526052 7945.93934078352 113764.925647082 8869.55659746804 7777.93127167246 9218.97841087027 8994.61051471303 9492.87730946886 12801.458640166
14243.8960219199 10657.4042110312 11376.4018759393 10240.8279007313 9702.57419351012 10882.6617840045 4843.00307404005 6224.11340684411 8637.12486592843
17023.7021939269 17780.8046372653 13379.5353285475 15167.9922048272 20918.6835774793 20107.7418263993 16809.8850393096 18045.9072776244 9656.82699300696
6731.59008083229 6861.94510517044 4943.69670265269 7313.04108651163 6758.34722844046 6993.91789449862 5449.01319468265 7550.09332273011 4752.61971702357
9587.39064268818 9652.24545098905 8249.11088939005 10022.9603069802 10064.827173698 10561.3948244553 7008.61091751734 9944.04094887384 7117.68333470996
468.126853062457 201.069334197658 199.649247484649 448.200545274855 350.73308671197 509.272873510603 262.848724249785 259.539978956848 258.123322951057
14371.6658099281 15369.75341823 13800.5592383906 17054.5559624636 15381.3040098582 16947.4607633641 11335.9029357252 16355.1442943004 12049.8876390695
12649.5623503123 8870.1581698678 10852.3025251769 9828.62498708431 9120.85502668024 12676.8383909698 7753.62674608573 8012.82886513907 8446.29925607155
5756.7215821062 5835.85679584052 4767.31029145905 7551.94268554139 4519.63946381678 4675.5337457523 3417.51029492457 3908.70147512624 4234.04144004302
141.351040451062 148.27183976009 142.648251260976 155.729403048653 154.475578775976 202.943175276986 182.472561957477 147.779250933224 122.602347868485
1060.39464694048 199.642882382842 757.725058580837 1283.70027263498 0 0 0 0 0
17021.130673664 14385.6853769555 16076.6596530722 17293.7973098441 12667.2234451494 12983.0082685737 7151.86245865678 11498.7993657249 14218.5172457708
8346.28381675137 5189.20408864364 6420.5209282871 0 0 0 4692.98573538736 1863.0923684229 6645.77138796411
910.918529711095 963.946114570638 612.472422125267 1046.9261074415 1019.15088235828 1004.91734546253 969.578824134773 983.840935863798 545.426933216328
2327.41860909321 1239.10948302941 2068.24844663045 1695.11978112772 1831.77749604156 2188.15974044027 915.046433398417 972.777208690794 1863.74151409772
2690.66514465451 2492.94154883563 1399.24639722548 2580.01837573758 2886.96642757689 3075.21890201669 2113.02519350887 1737.34999697125 2240.46754075989
200.065785443471 155.247988619584 86.2191534247675 171.322605979103 194.750111036162 206.68084738341 140.750179554841 85.7764431646971 183.789963799921
4845.5959394927 3358.20560416756 4574.5347886834 4511.4337033982 3966.88599632657 5409.78968913752 8801.91995097958 115595.955080097 3852.43472344601
0 0 3511.81578120573 3471.47849478533 1063.05021086868 6485.58957535157 3973.20571339568 0 1893.03796658531
2705.12919365821 2556.42096115038 1844.9927171747 1680.13382336026 3934.25352394063 1624.86484123091 877.893789768877 3408.63514321275 1240.02626248935
4978.03521549736 5924.7171046917 6913.92526396605 4026.03150025873 5773.3563051264 9531.61548174068 7365.18781252716 3961.20056295805 2302.46621088217
15022.8515846146 14466.9823598017 11992.4542059444 15004.6523183781 14391.5639842117 16553.7593575151 11634.9375268772 15412.0091345849 10034.5879162176
251.862619992376 253.896952307211 240.150867931112 323.161321070103 280.975231574824 249.746340733843 170.755617646675 248.438841520552 281.318461290088
4627.90204431093 2990.23850322961 2987.55711688422 4737.36299650899 4637.835016439 4021.30135554081 2863.37253610455 2248.32347171204 4127.59250869499
4626.58250239003 4419.56758764459 3928.94226891032 4465.57772374026 5297.40491748186 4248.65433764152 2635.38878686053 4787.63007169359 3011.29183220176
2337.82726831991 2888.54642753623 1513.02864498926 3129.23225422676 2982.74466171443 1862.50553591536 3562.31604489267 0 1459.47895368889
7419.0248261364 6241.80949246754 7979.22404779495 9655.49248730625 8784.31738194952 9089.98053190434 9730.43701874626 6350.7517474676 5207.1669250496
458.490314491773 586.241034969844 255.639506257293 1070.71570710677 827.160422904363 877.067539825564 467.513086230002 527.129441116722 285.808842702084
487.639777358018 328.27492506053 501.669232446157 650.302131206037 542.59588431591 410.409902021325 517.754183353627 365.054682091889 353.831921086176
350.718486446998 369.6133349158 311.136142742718 410.935213559445 358.366698625995 458.909484431078 321.378044564105 303.326271073057 311.416119793291
7422.28060264806 7714.70025340722 8330.52555315713 8871.19391107108 7481.18465727248 11297.0313213736 5663.73908088327 7500.64223031427 5152.27050162822
3523.13517251223 0 9383.49418347412 12214.0132372155 6853.58355617391 11393.6159286984 9794.66859603716 2592.6771586206 6989.1884106056
5160.75521226999 4216.79102529919 3848.28223008116 8768.84866692864 4673.63714387381 9675.53114834706 13307.4160256057 7262.55057401435 3868.16716426585
479.473732292518 263.539780608392 307.798547327396 433.938439101293 421.397731395063 436.228588735179 266.30207789767 301.214675673947 340.570758128349
464.250763306573 481.307376070876 467.625173973315 445.78919883245 343.021286889917 537.685339313824 282.112241313516 412.469544421462 246.331376665391
1345.25561773812 1222.2576883595 1082.2724937409 1190.85372979573 1587.66691200975 1141.77764839241 772.210783958262 1320.58688362654 909.083149824128
13376.2895054748 12967.680540019 12009.5062181612 14080.9514642145 11069.3531721592 12802.037076082 10223.4976795738 10234.6717638376 11030.2131446506
1871.02681144868 1767.04782080605 2002.10220217439 1210.82547655326 1058.2223117974 1495.07108257101 1301.66433497858 1239.00154847345 1686.3048710738
5172.81123863592 0 4816.14085807556 0 3732.19977078639 0 0 0 4234.1869227051
2233.09656613537 2135.92280016855 1774.56651679849 2000.94569820537 2528.55403080488 2681.67776839642 1904.84778239564 2158.11968106451 1380.03382068084
0 0 1445.36377040118 1621.95984379701 90.3102252299852 0 0 162.486304441005 1811.3357724919
27617.8118831297 13163.4948131081 25222.9893759999 20163.2770911828 18800.5317629469 26831.7535380802 11959.6461200884 9068.36685978908 20531.6457801709
1737.60641383957 2303.1582618007 717.74250863523 4657.67675861396 3574.73671992753 4023.28026306806 1894.11536217925 2166.63106008936 890.059426134181
2030.4414092388 1522.00480283757 1751.64665339865 2169.81790941974 2080.44041105368 1688.20459859655 670.869237315554 1595.11997372274 1900.30499812331
4229.12347566825 60837.7935508567 3813.13646357829 3356.86659926484 5907.37426586897 4963.95045423066 4007.61801164644 27141.0473829295 4833.29794876782
4481.57015476104 1162.37215495524 2978.73607224289 0 1970.94890812858 0 1132.44452749884 982.908698348153 1757.21544319321
0 0 0 5628.58347954623 0 0 0 0 6019.50099135391
2158.80107997803 1809.44535483443 2277.95447224587 3463.74504800305 3126.80684311458 4082.37833838573 1516.34909814285 1863.52516931869 1185.72562416994
0 473.173286784053 0 1434.02339671363 0 1690.34380944548 0 888.369041727657 127.955942374697
38057.1324630483 18700.1365520819 36575.3784136653 53706.1921007176 44467.7550698681 30522.6803739514 40869.1724445524 26738.2732348846 27661.0146362306
50432.9046644211 61986.3166822718 44365.0308593831 66236.8558505166 29851.6763310041 68001.9713424979 46342.6956498936 0 38009.2231096775
1162.03502518773 1003.81355901521 1015.32053195439 1109.77451320798 1267.88379849337 1489.36175325251 1050.19759597034 869.582324719674 648.061746352399
0 7260.76497484098 3584.18254055577 6051.29373738963 5109.29725698275 0 3998.9731024814 0 3830.4815215052
474.9765044848 386.026921089026 309.298833584882 364.175072967939 319.862933654389 446.271375842748 280.393116400978 409.223277139018 219.717488816833
2571.41534454157 2452.7121612714 1691.50890192818 2260.72550948486 2089.18613657983 2877.09627609973 2056.90716543648 2277.55550737133 1254.27343074538
1969.92339152045 1882.80258572162 1388.23112444139 1738.19256652615 1655.02702295226 2169.53276961987 1437.20244920379 1730.78840779887 1031.92110868038
4680.94477279648 79978.4622109216 5166.42184648294 8748.52189415479 11000.0412252018 4234.27883049263 99946.0726750313 23937.0649294125 3803.58556063085
1719.94852342845 1603.92489433457 1225.38737181411 1840.56655869154 1697.9315378785 1812.94835350066 1170.80562346207 1685.76951389903 1095.95882289217
3586.99032048191 3311.45578048184 2662.96230214761 3928.90428619556 3856.25984326726 3815.6994086573 2344.33096095364 3551.23042243177 2493.69266966798
50160.4012769727 54499.2076592747 42174.2807673889 57900.1578623632 50655.0425541227 57710.5010364738 37977.5302131257 55979.5417854043 36675.9840056218
10381.4357051125 21060.8338327826 25060.040066348 15615.0328845638 13401.2281497948 22128.0744981708 14851.8288378067 21187.8530093002 21028.8518952727
5677.10372656502 6755.73456609244 3567.56062988032 11597.7558535417 9348.04444693622 9856.12751959777 5984.1691431921 6491.70477894842 4191.01885580631
9002.81070531107 10353.6162082256 6652.67885357534 11389.6186779137 6168.89800425423 6262.79152255488 4697.26241766331 5766.6885664171 6633.87633182532
0 1215.42858904346 616.270285925714 1539.55884488184 0 1818.15212787986 830.699880098509 981.462060239311 0
0 13420.611449204 10594.0389833783 15377.6755646429 12872.7344030115 15536.5197648606 14334.243231743 11315.8342840141 7859.73531728391
510.576006570006 478.398255929538 557.440249430762 410.057519655375 323.433137428662 430.965780100597 256.398473992553 404.772251234464 390.899004084054
880.090448738934 736.199319354587 431.078779552969 905.148304920876 948.400571785427 1035.15112183319 668.471089589089 515.069528663353 737.590557384313
371.47304689544 398.259882454506 251.027616928732 422.230408869078 433.109893900215 382.603489922167 369.561319926318 413.723967352878 235.204323598976
2827.36614460275 10552.0578414056 6914.97894029223 13652.8394479416 2746.80400481617 4549.09598249418 7419.47905571569 7030.45668344187 5822.36910116472
0 3627.95969136214 2425.24898947029 0 3517.62046381468 6193.87589486395 2464.98528558047 3281.07463196537 0
0 1544.11811765848 311.156270092367 0 1929.4857073541 589.574293366885 0 0 0
3687.18463178236 4583.38262949875 3397.95388163229 4636.74416239701 3306.35480373665 4553.23168360968 2596.29668939522 4035.58250427666 3000.57308748988
1610.80138811984 0 0 2046.59383336095 1999.44919255687 0 810.363690745993 1646.59274963561 0
263.887918597607 256.406075859323 195.940539960843 187.052817689182 369.546879426026 185.710085345135 123.343410605397 322.722753385454 135.344220025184
317.946576327582 310.048882224994 245.555877534589 209.181869763329 244.193359303939 212.539324110129 287.962138115149 230.050734313921 316.62935626679
2044.85433118588 2313.30324188169 1934.59783928409 2013.66213281377 1536.00497165647 2328.23473813835 1640.31030884975 1967.69869952365 1390.60603858848
2980.00582691874 1881.72089248792 2669.15928810821 9684.96441338331 2018.76642690643 9123.42499813678 22001.4793910702 1796.34242826493 1737.59768582586
7544.87814252819 11858.8976028724 4385.07396142829 21034.5288648059 15745.9934426064 17517.2043040235 9542.37055266107 11157.245824476 5140.54282493326
1052.57501266473 0 0 1464.55814681565 0 0 98.7746398606168 0 0
3615.20396845202 3921.47276180796 4066.87380843592 3844.50465398604 4242.63577958428 6258.48157567363 5731.63147101268 3795.41113284383 2103.58876718076
613.520174004646 711.557913390024 669.18023778778 567.683328907444 425.878624990377 422.370347038968 219.187329863099 668.932555538095 534.153112041744
1384.64186270996 889.969155500272 1233.47059675866 1066.1003937101 3961.61088657717 3955.32421935562 79055.2111872576 733.045954261783 1118.43270646956
14664.2392856043 18255.9312181832 12926.4948931672 18562.7821775871 13944.9883586452 19695.3613415878 13211.1350268463 17289.8636496339 9458.64194318186
1205.46665841064 1428.75541047629 1116.75649482314 1488.66626847305 1470.25952333624 1603.21098251725 797.552923365912 1369.90754006008 764.682417833134
2721.33938461703 2212.43314966418 1967.2302834031 2689.65286090682 2673.04488466053 2732.76548781045 2146.37472477896 2230.47819338556 2108.09015816894
724.653596250128 495.809161752138 615.696354141926 560.665055510717 615.86415474545 819.562272002458 401.284281595178 377.358079102751 481.887674346354
11185.8972797117 5312.5546755515 8297.87921902599 0 10224.2945142076 10298.5383798496 5694.83271331949 10658.2490717425 5913.10462531968
0 412.448159879794 0 45.6385440534295 0 0 0 180.345218848705 41.9506217811828
5418.31295548102 3873.68260027831 1401.75143873009 4165.55096484042 5196.54020878416 5597.07398023771 3705.00768551882 1372.49501820818 5192.25953851381
801.052765189335 986.059879007127 809.151467479007 900.617234118002 669.058430956885 1018.81232179655 644.388496824604 770.74613220986 677.597674509235
1113.01427268588 953.127255732803 834.096854620349 1275.4455430398 1077.3219511102 1113.97762596935 896.578497985249 799.340060953451 860.993064615501
1648.50301185623 1441.72685834051 1457.66025864125 1956.26143821557 1808.7358146349 2361.16961062147 1686.32747835992 1620.30976578247 1119.9198726625
595.125415248876 851.931099479218 657.313503994956 865.60906643674 560.475593059809 825.286914376688 519.398596735879 657.467413488245 551.099033011428
447.579461247862 451.621578669033 509.840336413247 475.107366260953 431.761479434421 427.444168931191 378.846493391452 401.524751720468 507.681681373017
