415.013021149797 404.519507336423 304.645406856488 614.435145848454 298.557971130973 564.23964995977 703.410589394223 465.42653052974 316.658083464956
791.309596084818 782.767438335668 579.218345997159 697.762629012277 969.735319350263 585.898713590706 389.526167524723 806.21937643004 442.167431867932
5976.98051048945 6444.40249383515 4931.022955151 7205.69009198168 6093.62665992355 7431.72540546589 4368.03956109833 5847.28664484422 4397.34338451298
1466.09517806922 851.576674461981 1528.65383929422 932.741729970295 742.90681816843 1424.85629713569 789.70961850082 460.728405222233 1049.00718958641
29195.8934898591 30032.9812333681 24398.3974233611 37745.7041240638 24886.3781734054 23680.12392828 15066.3658585468 20826.4773815851 21766.6304884992
1435.92430130293 2257.02850903224 0 0 2044.06609085024 0 3181.35143527821 1817.70529008623 1363.79549551147
15026.785161449 10627.2720196005 17316.0234398728 14199.3573792567 10171.7500959229 12997.7607328815 7072.71458546721 10714.8147156027 11669.301860142
1226.81398137121 994.072690255535 1249.95048900026 1664.74466644754 1395.67779272906 1222.03024917394 1342.67018734935 973.798380049456 938.606151612202
10671.3849496446 9725.90050902265 12115.842874885 13248.4994245042 11667.3746300114 11901.4522917116 11416.6858698232 8903.88531860509 9552.04667235009
19881.2888550726 3090.80943708224 17185.1857702762 22080.4367956136 15366.8332170999 0 14020.4551479748 18765.4959687165 0
13939.3066974208 9189.06849419232 93964.6887488027 9463.80609804898 22598.9437798685 13610.1679513463 15187.7621847903 7068.20050182844 6182.25283229707
6397.5013890392 4500.59656607608 930.983816932239 3551.77201116789 1760.77027883094 2951.55831134049 41824.6221343586 25550.6513331328 1874.93815199876
6635.06625567363 7251.18169578235 5987.4128128897 7925.67913859954 8186.04665407272 9052.09745212148 7600.74083634583 5747.23746993959 5297.424134156
20728.2096554051 9328.25770895629 9632.52288771583 2201.92343012187 35028.6541382775 94024.9148445271 1971.89379093895 5694.3257885145 19711.1945844529
549.390513720895 458.096033313353 370.71147300326 509.837358084838 594.699601388022 511.738490715783 360.442813011302 527.883941880077 308.254273234685
5543.44933904425 4858.67079363905 5332.89620876656 5158.25887666855 3839.82822335004 11346.507892084 3633.21277488758 3880.94094473174 3172.16209518397
10700.4189431167 8448.4083880538 8617.58180661998 11030.5689139021 10083.5692917529 12169.5016085524 7196.12983979757 6077.85485407409 9168.26349705871
15612.0521269021 17180.2605418069 19707.4787923355 16356.5072995109 17199.795894221 23656.2905070882 13091.6820886361 16226.765785785 12853.6762750885
16627.8387555613 12250.495173347 159119.603639795 11818.2427595012 10910.1182023364 17247.9125781784 101187.750878031 10128.0934080461 11504.3748659405
1120.24177691075 644.386189844615 1248.55856274057 783.055316500978 712.674271485722 1359.73343520035 641.93913508993 332.158900408418 736.193671296447
89140.6474107056 20669.3070690617 62890.331385975 24484.9666206779 22971.6402908462 89650.7162009127 10261.4052540818 11812.9906172359 9314.94936815258
4028.22947347162 1783.98671494655 3080.25423481788 2893.03551303592 3396.95697508121 3035.58845030335 727.570603469958 1482.03479010909 3698.04896208195
1633.83640494131 1384.94409716168 1831.90301208018 1286.49501733535 973.583395512466 1384.74264793741 1062.52068512317 1067.06767359734 1321.89925870213
1149.74005993035 1350.95079866733 1137.00887911057 702.073490280988 808.574444587198 571.884418711034 1188.41542255693 1033.66416324388 1485.27726483208
1839.36593767054 2237.71847866538 1841.3346316118 1012.65465147202 1102.13120416057 840.451030412248 1568.21440347163 1788.91254744709 2132.23021443568
6015.39180602964 10009.0589592338 6578.70144606186 9572.7173206723 6056.74779229172 10296.0484296439 5658.09546270907 6936.56050530097 4825.63484100465
4755.72499777303 4020.46035391988 4787.46101389545 6137.16683322396 4915.05711251258 4763.98481171804 4059.73040123482 3767.59832245309 3575.86669379678
230.432793281569 223.953897650465 196.135933948464 210.80211384327 266.965790098112 207.176317025727 151.350092445874 234.225215032099 148.820085554834
1939.83664568071 1354.77449143441 1804.0558872574 2347.09894126043 1928.34135769557 1851.94639377043 1460.88152896232 1560.12700186113 1396.16637855937
4724.86700545947 5235.20941294308 4811.36037030894 6279.16965812586 4378.98170716195 7961.06273209546 6973.55990216047 5348.98829186491 3556.51377419563
6800.8127943318 3896.15992420514 9163.25679717309 5503.38396522006 7876.06321008332 13898.6781897093 8250.02420466478 0 2830.71193158437
544.192990239581 515.732613994491 535.810520650664 722.45373094275 695.221702787171 536.664447482512 362.70864698146 593.809062773524 601.764829032587
15629.7077457916 18930.5357685927 14175.6022026688 16229.8968549196 12720.6801576453 18994.2001865733 11943.8602086465 16549.5164438151 11401.1491051986
35277.9334707792 22967.8466497089 21907.9180644841 36510.9166278144 34935.3578012628 38009.7794753394 21168.1218207841 18005.9179827684 28545.4279407827
1979.6907535377 1806.80619483551 1711.10216438316 2247.83554142992 1935.11223257703 2424.2167545601 2130.24980863097 1726.50468031318 1373.79312437603
4164.91250070259 1173.76914349339 1089.88645786546 1997.69904154142 6153.42317348788 1887.94976540779 3170.14891030669 2995.91020234642 12391.6385340468
1507.08062854083 604.878604123202 391.158676139603 5312.2226466199 686.322244803391 2320.50057056575 225194.606305172 436.913200785327 596.403861470186
4525.83523427242 3081.44059672991 5161.47623602041 7284.29644345497 5703.31591232721 3750.06122240973 1902.18984112567 4924.03134950132 3337.85928107541
23681.691301117 81709.306108926 18596.1052674455 19941.9304814925 20763.9640432207 21837.9679487396 92352.5038805591 15289.9204489106 19647.2948329089
2081.14105074257 2951.02115591499 3218.95060604593 1418.33005566925 2921.46073852474 4510.69674699508 3320.71549299735 1865.61446244862 713.735992298888
7009.6533701758 5038.82812549124 6387.0099838233 8495.10875855075 7043.65804710133 6155.35636135028 6087.24934123039 4848.9272792787 5534.02505709723
1965.97492872458 1636.58187516272 2011.10523374161 2755.29238716931 2141.25775957904 2025.69142879877 1981.12308599049 1493.93220226461 1576.95458489052
4913.6232364304 4418.95756618115 4107.35932189795 5711.36764117121 5296.4652219846 6462.2993974642 5335.04005555184 4419.24760390227 3872.20897961824
84834.0972577881 434.077239886223 11018.3793383272 292.790023904021 279.53774616478 126560.93096825 443.767293201385 2290.46399321381 263.024917614289
2916.92229540946 3197.06774661532 2531.82324788207 3879.33515808012 3242.35942927959 3025.01385981013 2951.6971236287 2794.45092021771 2749.33993684025
616.079290613357 684.594942840069 5338.5816189812 172436.313836074 13261.5532946876 17090.4550094235 861.650662453396 6861.46345413308 569.655067435925
2888.41256956615 2752.82275980327 2053.83817755563 0 3623.4707855088 2509.69269692475 1699.48597027173 0 626.709224868341
8910.49682117647 9119.76803239982 6236.75708624138 9744.14495036993 6036.37848616474 6927.74429802679 5093.77295053682 4530.25673902604 6520.32381300132
22627.5670291836 16835.6376215979 16932.9891374332 22261.0478240429 20329.8260237081 20772.5161781823 17269.9016708492 12367.5724063155 19415.3655605804
13979.2202838354 14835.654739591 9875.87492868197 23926.6532313349 18636.9830168099 18120.3606303279 11444.210095369 13518.6062139416 11438.5435366697
770.564245786794 16227.9014227939 788265.606535854 7629.99834233259 1174.2615321006 8965.19030216888 29828.576711825 99615.4584725515 1812.98557217462
486.420784627688 415.331952760121 376.339408224264 573.882919180991 528.596669818899 495.005692546054 457.970360896498 472.599963059954 380.844931956011
2156.77107735251 1795.78913301179 66.7186130611369 4089.33578929346 2522.62452396596 0 0 2065.09585336821 0
976.285057210077 794.538920733801 844.103334616762 1162.81938026358 961.617788213767 1230.02040986783 690.404825292456 656.195553918713 686.185886116187
303.621933603705 294.722448004883 244.511614697319 468.142429683632 289.791163125904 258.342025538936 213.05677368733 209.600837039542 222.906614891374
1471.14272117521 302.310369587247 727.790916226398 1311.83665821472 1485.90719674998 1289.79751013183 508.367533051989 858.187064567363 1066.64448186201
10233.6078829025 8676.57023152666 0 10117.4777066975 9116.88222952553 8981.81328811108 0 8559.84386303277 0
3515.15371524308 3772.11784047057 4068.47471808629 3202.98942062628 2236.49430353967 2930.70351512274 1686.45985059022 3469.30160180189 2874.82989230122
9405.84956914628 5159.4957215228 5989.82032400838 7470.20694195463 7800.58285487302 6741.56934858341 2057.07104327125 3051.71533555099 8321.40043041973
12362.0194519955 14146.1155233366 15230.3633449769 12970.7168541315 7941.25149648286 8207.35646911517 3785.78949385275 14538.0662403368 10918.3431368318
29137.4467861188 15145.2657767843 31287.4680787267 16524.7616531092 12271.1273506255 28285.2131513508 15436.0995167952 6245.5419641706 19602.6512996343
8118.32443450601 1579.45008065499 3628.99677732029 6823.88748154509 7291.70003044627 7279.62850110816 2978.6107316353 4148.15717030796 5327.87282681579
36124.7728913599 13137.4088441174 25297.8426583316 25962.8307979549 31852.2314556111 25334.8197665785 3577.10863986644 11047.1497652729 34072.1072836435
2561.21745088927 6123.1072675298 4474.02562275739 5224.58093107894 3052.94794406294 3584.40107934439 0 5721.31416767377 4538.47408894213
95453.6113498507 60385.1180775127 66390.8865050701 86310.1462255826 87354.3359025446 110358.851144074 48385.5553117329 840796.737065552 60181.9333446479
42642.0197185839 37426.442374321 52852.0225816616 35447.3747637934 30503.9537287181 50993.9086353051 26807.0836781964 36596.9590631792 40480.3171340701
1782.21155456649 899.93296311836 1404.73547580799 2144.21538011093 1860.08429975226 1684.30903454632 1027.12268115821 1435.28826378852 1298.49443853699
8164.16290553665 5439.7667697884 8368.0505403596 5961.28274496142 4972.81501269998 7005.65254777809 3461.71626244822 5062.19894465557 6336.60231385205
9414.99999477541 7177.67947885495 10119.4325375082 9521.85393599002 10133.324400351 26990.0011741511 29968.4054787076 6453.04976774716 5230.75812888886
1562.76285342203 1445.09644795799 1140.14722177674 1212.57612377176 1704.44466456448 1412.6817325927 918.034962411057 1484.39153811542 850.92831332139
8819.8871752031 50926.9129184973 4695.82631605606 3076.80080784757 10092.8520121565 3778.79651510072 5789.63112342461 5402.15205689065 10012.3390073467
7244.28203162382 5589.18823913242 2260.23354119039 7010.8943247133 7699.43117334144 8337.63241517548 5214.72593688705 2764.46971869445 6566.36997274296
7835.05630385827 7401.31940585319 8103.6198629503 8288.51498214745 6552.35899037023 7622.03227406515 5414.92601337521 6807.21676864149 7279.6762664801
1404.02890986207 1414.90439100143 1254.17699926638 1098.04044318044 1320.22584926764 1773.10590532274 1378.60464560619 1322.8021150103 841.35965695073
14906.7626722431 29813.9298940196 11985.5017738613 37894.332904819 34144.5346117116 1231.34844808039 19139.2713700935 24277.9581043684 36389.2696600496
3309.48023790807 10451.3542881634 3652650.12524121 4267.72798617348 5115.4034616145 6976.87876833077 441925.783208402 2581077.41036735 5042.73827107941
4553.57195393371 5958.3518762425 5825.6496166756 3636.79644302418 4498.55013558471 4973.48603357083 3729.26975870343 5580.46814659113 3254.27807878676
6477.91943650562 7319.50988345563 0 6285.0565065244 8248.23661412169 11124.4037887012 9973.76192502051 1978.46777767979 0
14905.4593658381 17741.0352556764 5341.73775482761 18359.7458082758 10298.731568565 12404.0813391838 11426.6896501568 3450.24852106089 9340.21912721788
15574.9503791565 17976.9156652018 5078.74715735883 19054.2042022966 10272.9295576535 12358.5628796032 11424.5504452133 2687.28560957791 10006.8875171084
12738.1222887186 364288.927782891 5705.80421163506 11431.3991351551 7778.65408927991 10079.6279643682 9473.3865199013 2606.57380865014 5999.43103540537
2946.29823522679 3261.23388043453 2720.62668325742 1250.9342153282 1980.62440882047 1610.18407908391 3168.23116655492 2098.02963525035 3306.05007613548
0 0 1133.46499477859 9944.14636810491 4036.24935357082 0 4242.09711586431 0 0
46121.3152095655 65060.6590779389 35042.6904261942 48982.9289374376 43387.425037828 52590.0813175585 44716.3829313378 47234.2452759841 30977.7939926999
4227.7926652187 5509.7524259056 3570.15628932498 4942.05556752259 2630.61753957167 3090.46033933007 2250.32200479606 3400.96499338677 3359.15883988135
2596.39466481867 2815.54178732689 3011.18969842545 3301.04202677931 2916.76123211764 4626.70012581221 4784.93559907991 2808.61099660982 1619.08728921484
5336.83034919483 32284.514534236 10408.5349214605 32653.4961621229 33348.2359174158 8512.81393000841 5370.52488678207 8686.59805583143 18468.9933040492
30314.3886536216 39947.7279093923 38823.6485269452 42123.4232929066 34324.1422170876 49590.9789803431 24820.1763136063 37739.9128204661 26128.1834775323
25962.5900547904 26321.9151409684 21116.8868983375 22517.1327590058 27947.732795467 25974.5374777315 16611.6105573459 27990.0562340802 15724.8834777324
0 734.38785038128 0 6051.2830736028 4882.04592276691 0 0 0 2802.58369988537
10544.1985514446 122726.909090775 12491.711787931 20409.1245401928 45211.070714967 17332.8514049865 9567.06780452532 38141.1555164872 9751.92863164441
3350.1472150441 3156.62091287644 2959.37364948174 3253.94867141402 2565.60981982446 1942.88835358755 3022.80865973632 2345.01850098946 3112.41631942852
33760.5354082283 35921.4014799308 270134.782525171 33297.9737919174 34680.1024922177 43914.5447603952 42899.305645554 33396.071551266 41697.7823291302
24862.3031062567 17769.7385440862 22466.2887854863 17544.2261200213 23229.5566525743 21600.6233751133 11770.3133538496 17653.5937353723 15413.7024370814
56493.1612500503 58211.8141870516 43054.5655416759 56228.5070765025 48296.6118287229 59884.6999456192 43651.0348955357 60663.5316852845 42602.1937922324
22830.0307022322 19724.3809189718 15942.9832282636 19666.75192379 19514.5229387499 23261.0835781007 14788.0705160921 21202.9233895822 13049.5696712994
10346.3244309195 10015.9545037788 7388.39866004762 9030.43037267663 7857.50460116818 10990.9701363357 7181.18090670257 9957.75704527357 5995.55431134889
24083.1223812808 26612.849410759 82683.0550631023 22597.5862098327 18915.9891079094 33492.3041536644 1090312.76779189 25671.2681142609 42670.4692291043
19888.7681626279 11881.4118284179 19022.6321650229 14221.0194652767 12920.343109541 18911.7068764304 10360.2336942261 7492.74561045451 14479.7213102601
2467.54189573179 2525.53332659278 1700.24375627233 2204.50103518507 2052.68320105236 2895.92718328735 2236.17652101308 2337.10760396692 1540.60918863983
8930.12633793338 8060.43590018642 6808.52172451459 9346.28118399729 8937.19759206621 9097.60360621535 6053.284566489 8547.50162931151 6313.87586873891
10876.2288125551 8300.3403903126 6380.38312090761 9052.60668379949 9146.57782317788 11129.4721734665 6856.19338541551 8945.0582850586 5437.64310343261
4547.81040991815 0 5310.27447743339 5185.97015715848 686.602968613047 2669.58359751983 1595.02817127115 0 3329.41606623656
23927.3945181016 23474.2697238532 23362.0103548628 21006.9595267027 27515.6293831301 0 20925.5856879981 24794.4627877952 19450.425188937
12341.0171767544 11211.2383921276 10578.6968752993 15131.3030964131 13596.4828039535 14062.8474749071 6766.48425590523 13019.7608138183 8972.10856908699
4817.11640663225 3863.10525856608 4163.21068170241 4931.11475249636 5391.95887457645 4847.99832129697 2719.65290263771 4071.61258804602 3830.71815244856
0 0 0 0 0 1226.58384819018 1614.64999799147 0 0
11618.7638594641 13373.3573821549 13169.6539993015 10946.1434910383 15124.2034663469 20146.334794231 18060.6016182614 12836.2089256073 5631.16484339063
6547.85412850716 8549.64238363038 7494.26231510511 7472.72810983784 7794.70525250066 49413.6382861589 9675.17511117467 7095.27865600084 3691.2514142044
8306.00757417727 0 7912.51769933149 0 5195.45549925758 4548.77571882766 3206.73294791639 2922.09797662921 0
10774.0244203918 8304.4308958386 9523.98249448915 8369.70593930835 8175.57536062871 7960.25114157725 4389.41814229074 6382.77533412881 9639.4954799493
0 0 6296.25618937953 0 5674.42947309141 0 0 0 4540.88196829559
3645.38403433915 1071.21703457381 1536.58454685007 1449.27518259518 1339.73199514149 1813.51656249199 585.280686153338 2752.51204178888 1140.24445768188
7412.28482517459 8700.83616594486 8625.83060201602 8300.75990073081 7770.93522636842 9586.4639184097 5631.56687618016 8788.55816965379 7311.21565415401
2424.89636649531 3106.78974668042 1298.1581189956 4932.29006841675 3827.93524347856 3958.52488939076 2587.05731508052 2504.77441815085 1876.07797008909
472.430521702187 256.596709165596 293.997118998465 469.23332449056 434.251552177037 576.727989481069 289.230636838832 285.890298477701 279.004729141542
357.393915140759 385.193104814061 412.574894924931 451.420782557139 409.769859630962 344.748426836431 341.8582550893 378.411483741107 473.779552453124
255.372970247043 424.387136257858 392.61203729958 433.273660063763 258.481482170635 429.076089790187 251.246889011492 365.745927520317 293.283415494193
0 0 0 0 0 695.847897747381 0 0 0
1921.5757654314 2107.40540988792 1392.17193586583 3594.37552557428 2875.99973856953 3075.60096200022 1686.41139277272 1979.12737511954 1314.50162189094
3195.46701498896 2219.86790229358 3556.94487741167 4993.14338781721 3791.93039996913 3113.86419919447 3579.32806782828 2488.06201962944 2258.52759080863
408.486052197553 455.254877525534 440.76210585859 532.273987167438 500.60938401361 473.981176246845 333.374484677192 487.288057430984 468.195717249132
5024.13874021584 6265.83629584272 4886.49554318216 4389.39378398434 3969.0527260148 3713.96968179027 4250.7152238914 5103.3648112051 5666.79729618539
9291.72265522737 7013.38060900263 10984.07196569 16379.3248087886 10563.7536097041 10301.9809279969 4642.53855927874 9620.59420258538 6620.08648584292
7553.16214495715 7952.24535590513 5811.94087715619 8595.92581189984 7449.18108766425 8727.77113171807 7865.55667338419 7591.27850112818 5123.62058311037
8657.10564867629 9154.95876958002 6862.61532808627 10895.9768851872 10639.4508254955 8478.02855409457 7582.46863607977 8623.61715724481 7125.31381214754
19136.8241356655 3726.1484316658 4861.33427398857 4980.81692816501 84438.4915408495 7785.68822445055 19181.4187231352 61609.458044114 5644.7461496679
31038.0589909788 22856.7838910876 12217.9904262756 31059.1801741911 33049.8693809137 33978.3770091117 24526.1737268973 11864.0110837297 28098.7056635686
84.0574506147737 98.9242160948134 89.1173485270297 86.2445398392689 92.9846768825748 103.433395613468 80.4989824485424 89.8822309352365 81.5205675966009
0 9603.75134703935 5082.48024701318 0 0 3001.40780162228 4386.04797040118 6359.36998312284 4330.99266351556
12209.1362976177 9150.98517814215 9334.43645267244 11316.2334010963 10523.7755492553 12902.9525151232 7164.62367370003 9425.82919797697 8171.68697039866
11080.8672694442 14343.01239332 9719.10982736609 13101.636935578 8307.11178395355 8578.39794747414 7298.08567044737 10435.5375462376 9627.40962305796
16040.676844383 16631.2509945076 11825.3363196803 19855.8342669535 14358.425404872 8066.72043411961 12320.9837083999 11967.3763434328 0
9381.78780116936 6172.82507500873 7406.0433699928 7399.33148998282 6830.50991248803 6686.36726505476 2321.5099261535 4086.27194956959 8141.87814992396
0 0 1534.27142883022 251.064713034969 2385.98918589114 1575.5282040187 0 0 1635.93016504178
1568.12220195665 1349.86802720015 1607.37009624382 2324.15841030819 1699.31635018596 1491.39332967595 1043.1349097614 1576.96179015901 1314.11019829821
938.864945279983 1179.37716644403 1264.5428754298 1119.94657076002 949.531115453238 1291.81847198409 790.450103387825 1143.37013382564 931.431058038536
31229.0011445035 17210.6439857166 34379.2859390459 47552.0884681225 37953.4412879902 21292.6938161086 37738.6739364423 5123.00347528642 22694.4412190112
1394.19630378098 1405.07758074136 1334.81139200869 1598.06743701147 1307.62578085978 2245.17241857849 2078.46619982447 1443.33445039252 880.498257591475
1139.79462029921 1304.53371726546 634.890088410875 2008.13595672749 1606.16367561568 1689.58821557721 967.184323954063 991.751806839843 833.762743631287
672.7088373502 602.567219918476 713.36799036517 1046.25862841334 929.146799778047 678.690755844481 428.217659650515 733.761667182898 663.008193769237
3384.63902889603 2277.89691398458 2750.12702550431 2986.29441857375 2472.11192289009 3223.79522123202 1664.81736553585 2918.75995286719 2466.66178923352
218.899025466009 272.901796628224 268.818720145505 239.072599041708 174.407560382013 185.585107000155 140.884433018716 268.278012567593 185.826692980076
892.930616658899 0 0 1353.31620282478 0 0 88.4521036753766 0 0
2964.54116181959 785.27631129484 1300.73977377094 2761.86543348086 2761.56611881721 3405.78277782261 1391.42989962439 1603.61034130961 1611.42451998651
5532.00001344146 7262.29825246466 3743.98059435821 11381.8951753999 8759.37585037904 9734.12555637746 5895.29706028841 6451.3780914035 4100.74672402807
22223.2928293426 24210.3728095336 28901.0743602114 27668.8660340363 23937.1191545915 31167.9894618453 17479.8629086109 24561.199613859 23772.99764187
6442.6338772202 4836.42541365059 3848.1770820611 7641.2607524406 7180.54891901903 6427.59019276218 3982.17262750783 6221.14648256054 4571.11107048102
7692.21339208027 4296.84457195466 7871.19725143351 11066.5489781796 9060.8314574945 6311.72275694304 8348.27581425114 5742.15277215292 5705.08350631779
0 11063.6483116904 14280.8311721665 11114.0531859199 0 2725.35090210101 4428.38313191938 11154.3774916252 5527.79060869108
38517.9494229908 18585.2420928377 38189.0897290826 23322.7491832489 21827.2762354397 36474.3830651317 17328.2947685911 10242.8028687648 28879.4504196332
11285.0864611837 5017.43210703693 11039.6318968032 6564.20937076755 6356.24475141277 10259.1497486362 4496.7381690215 2661.93248235575 8584.65514685938
7228.27954768362 8386.9343574749 3504.42807978299 9370.32323498909 8241.4688127066 8216.32406107023 9813.27505489633 9221.47968183978 4072.70147163207
7796.32703768572 1756.05923320529 4087.31642963114 8407.2036668584 8335.18069708337 6866.09126190839 3423.07040471534 5698.42972389105 5230.24469339779
3478.13230892608 4091.25647556471 96854.3239882569 6677.02341423575 4611.12066638485 3288.27605410576 1365.75481133646 4015.73392526209 2648.87316615035
35081.9543766065 18959.3204518923 37971.7820915241 20604.559971506 15214.0926653848 35022.7469716001 19759.7749255629 8300.93089212746 23460.1414229143
618.182101451129 4443.8831935375 1706.06831924733 7891.28814813304 5479.279038146 0 3362.88583564606 4357.15582586568 2044.75997219517
5307.28961748359 8750.17433963078 2075.70361452705 19499.5425030536 14134.5428252724 16482.0956889199 6685.59112137432 8566.38956233787 1990.71144502103
2595.41006476445 2827.9562196772 1518.69041331231 3016.59844850449 2806.33735095565 3156.46478674229 3348.70372143162 2949.34419488795 1424.32854430211
2946.01096187758 2324.18707311269 2320.11246887613 2978.54488116971 2786.87907609478 3066.60471192308 1992.45530846783 2776.80424751606 2759.59658799587
0 687.107954095515 553.006787757978 595.022265432573 326.830112682412 616.451216087841 0 0 0
7880.55475349819 4306.68469493743 8312.45116950062 12527.5615517748 8965.0573786823 5778.73563049407 3281.17806795545 6868.63709453301 6717.55589685295
10070.7570544111 5585.71678102564 9796.97323285952 7763.52570896937 6938.55441420858 9715.29915606192 5236.26362427185 4409.75107250479 7403.39456220356
27790.4229554548 576.946765044227 3359.22971044558 17764.3730598781 1023.23230330181 1611.73637820395 436.829802452227 407.87212524074 405.745229559625
1782.19661612562 1524.532041383 1006.039175308 2071.95134838724 1996.96660400716 2099.40263154289 1467.55708150812 1002.51318871817 1525.14621962302
265.662377685024 1337.42630859073 0 0 1695.72302424648 2100.15876418023 1499.73508858943 2750.77544867082 1433.87490717117
3554.23189821337 4011.62344290434 3507.57342347829 4977.70603159797 3615.51119916288 5140.12543957701 2794.73013557782 3535.46737866378 2414.45665904012
414.973070462108 386.158539778907 336.581756332627 307.601253978981 685.150340740683 22731.6096028838 374.001304100322 7024.48181085362 7304.12099513215
1387.70986959102 1368.766687982 1098.24576713497 1486.78644057672 1271.96316799042 1540.73439261114 1038.98588201953 916.478048806857 1195.16139353919
12339.726967511 12835.6134321778 9386.308483195 13020.3929205517 11487.7194388425 13837.6025822631 9583.41840394241 12329.7468747291 7991.65846190399
2143.19518898981 782995.073027756 1873.17997634841 25894.3529839822 3522.17943577437 1919.86461220062 1344.03907841543 1087.04629473787 1371.65864010261
2156.17754927839 0 0 0 1974.17976857922 0 0 0 2609.68214663361
9805.13803992579 11532.8843638912 6861.48844315353 12266.3245502499 10254.8702266377 12338.3231904999 8193.97539317659 8519.54716924495 8516.66128207312
3587.15971814512 0 2209.10806353154 2802.79522613065 2875.79890114501 0 0 2571.95408631515 1214.08694188194
190756.937090427 1772.38006494289 1076.04006179665 1402.52995171742 2001.83941438838 6611.06537708461 189285.634160023 4297.50841731243 2883.58307668692
13375.5469962422 15499.6210126962 10408.0424399049 41696.4606692683 11935.4811342489 12435.8013070957 10726.7759498714 12114.3953321321 11207.627969904
8497.36250999756 24114.3561368835 6925.92568752862 20219.0777014504 10308.8536299416 8981.89777500252 7433.90799237891 9421.10860948964 26305.896017505
212319.01889672 10484.0010848333 23835.92669305 12961.2458573841 11770.5801452334 462893.658224008 10216.2268986644 5215.39906631189 16840.6273585081
566.722167949025 610.373647057525 575.657052125124 737.724758063465 612.378552520623 629.168544802148 416.615742849047 547.981535569245 561.014482112059
11396.0832089455 10547.2828977701 0 16361.7783359487 11976.4297637472 5580.08557282874 8294.46788228296 8730.70818200946 9699.49926080445
17069.1547069756 4351.25770340769 26478.6260325957 8746.59991505161 6851.09758645276 11582.6236894423 10735.6428312741 17294.1873973982 4323.89110081261
22144.3143582367 16894.0225440002 10606.5813013497 17626.5921266359 19556.3150457941 22815.3432798155 16047.141203703 8115.79896130619 20208.2754703996
10041.9781511115 8177.33187673082 5944.8770217193 12174.8105443605 10683.499057399 11301.3719300563 7767.26583136321 5849.78323497829 8100.211360834
6321.7250347166 5412.56101862144 2227.95285008439 7519.58688528234 7616.52166649474 8155.95775941748 5043.00091848916 3373.70879546401 5398.17389700853
49598.7174549947 1029.26763887311 1856.64439107944 933.204059511076 3126.74295199549 1628.90949530287 2731.67662039379 28064.2324273267 586.802290923956
0 1592.33372444986 0 0 0 0 0 0 0
1073.49343788731 915.407546426835 591.354451111913 960.809225890584 1046.14887354946 1130.48439322421 798.762046887213 622.893389927624 870.188591208397
5473.76645783069 2968.20241060129 0 5938.18347376606 5632.0808079541 7968.2899414742 0 2057.64645654309 0
2924.70559948531 1309.98822817824 2096.05650258444 1755.65931176329 2600.70045118304 2323.58024069205 693.206969031188 1221.15437437486 2407.41891067454
28630.7319188423 34236.4513122026 27417.5360900824 32777.2092518285 27924.3252393519 41816.591135408 31626.822597544 31509.7767401706 17879.3772014899
4047.83462164683 6261.37873297837 771.551069253613 5221.08584140911 20021.6247586415 639.94673608983 833.894089115815 410.762108049368 576.590956671665
1557.809126563 1341.23233382142 1639.54658194095 2133.60061015326 1719.7513606328 1483.31184612325 1704.95761852147 1322.81222988067 1163.15116685497
1409.77990358559 1585.59793605005 1191.8576849457 1535.14663009051 1007.3781520354 887.157569632878 985.407270144052 1056.01005332287 1283.99316845809
734.847589445227 695.249882594235 450.260441151671 1124.20634631199 1033.09158767278 1019.66754188257 607.460935811889 708.109856186483 491.357534742697
18347.6505198034 22776.1403523518 16745.1842438523 22656.6012185226 20493.2510841183 28855.6245121624 19295.7614470896 18272.6147517563 13047.7655320837
2703.58163507176 3151.35544495424 3587.90643164537 3792.35356892899 3405.28738087836 5211.19887322789 2491.11124963598 2766.34422719641 1950.61500207076
0 0 0 0 172.755677201177 0 0 658.16728996376 358.827033022196
9158.08340405765 6202.0070930356 7624.0490412758 2132.4684232004 10169.3181124863 8321.81195937731 9607.37903383826 0 8232.96087662058
1646.94676776883 1901.52454230507 1054.39287459468 2240.90958465789 1212.9638633202 1759.46676853286 1838.11164982619 1103.03846689819 1118.78886541308
9663.4871916015 10372.5716776036 9362.45078997209 10223.2373218449 11626.0271855413 12316.9393210719 9166.05347101379 8968.55249095992 5545.84495790525
8122.3533905896 13090.2947371002 2969.19861747431 30062.3951987686 22048.5274753381 25410.4573735807 10466.4294160746 13388.69412666 2692.26470748696
24758.564365304 29792.5945946385 22129.6347808694 12598.4306500597 16739.363982515 10426.7277691285 28661.2439692373 20955.0977719609 33384.6575091801
3451.54138980432 4170.15843176332 4282.28558616541 3461.96289648746 4461.02263524406 6749.40426746406 6270.87887794376 3842.72488393793 1696.26495350788
695.999213938375 2580.92340590179 0 2181.25878247926 0 1853.04620372474 0 1894.45547915095 1892.89161941937
2535.33191053401 2807.39524034881 1094.53651516554 5353.35292299182 4281.42755580938 4995.35631910204 2375.69334996555 2305.34275744083 1566.40354918595
611.911611532503 709.272549724738 574.116379267105 704.5317742679 490.333377817746 833.15812184924 517.119745107295 575.395634208839 414.339235558726
5245.74147586798 6246.88615040296 36803.4388828055 4507.75327359839 3347.01209006363 5693.00628959373 2875.4685118912 11103.6006434674 2835.50259665767
6783.35811788207 5855.54657339425 5475.3361218343 6788.53838427368 4723.43502290107 5544.64894021131 3969.22460382108 3453.95737143816 5112.63869103398
15722.1077263599 14836.465987474 7250.27132338959 13013.7784045965 16118.7602981972 14023.4114960827 14172.6990588328 11698.5885500247 13130.443745117
2745.06729237578 2098.57517177165 2136.89425225652 3311.13555101069 3136.50535060713 2719.78034397542 1475.66224381804 2540.1713531866 2282.81986185274
19106.0932162484 24248.4572613514 9806.90129330407 0 0 12016.0409661218 19057.737769594 19584.2630258568 15948.4405301434
2822.79718627923 3308.61276186617 1914.34710758469 5375.46524458484 4373.76044203999 4705.76190593517 3020.38554543384 3083.7146560356 2003.10483828648
12582.6939552438 10787.8888682395 8985.19709339065 13912.1005722354 9942.9235801461 9663.65676978281 5572.18669207129 6371.09528970491 9969.84744854063
230.589141815499 260.891696346267 248.976423597644 250.181556296384 290.952598256902 353.239838128472 280.911506360397 259.680721188839 168.819424420221
4425.86985918304 1890.07630503573 39591.3594431132 1749.29597076578 5919.52195274148 24472.7214415977 28323.5866817934 1738.57196499997 3637.57058464215
2674.6400788165 2201.78136845994 2140.27370883111 2928.76609180585 2753.11794087942 2697.71190393115 1660.76896107907 2181.76091431968 2114.64308430092
2226.78365260104 2326.65360118102 1921.08728090984 2098.86214020638 1399.32775188713 1514.70838155094 1479.81452487124 1382.97834061593 1896.04566540213
1127.93063727139 1210.86073427192 888.831290488092 1259.98183722434 1163.72888513533 1222.04041602507 1015.64127893522 1197.47943348518 744.088523167436
1973.83247158561 2302.35013892979 1723.18386227715 2400.32377808699 1665.56071162596 2378.90978734511 1502.64493408337 1658.98110821429 1525.81132993831
86.3982597412718 107.319223948235 89.7333541908402 109.465670255905 81.9546995542986 112.167639684348 69.3973126871292 82.8338119499206 89.3271218705132
3127.6653666655 2334.19912980004 2806.37315661442 4009.87179704074 3298.13571912679 3209.66508341101 2783.64934364299 2745.86148000462 2247.6347642442
270.447839455529 0 703.740391413424 412.612172209375 0 538.337640439614 0 0 511.431566883388
278.902463961206 263.561160540557 225.23118484173 281.929416361606 267.89817146164 293.066483466734 223.900614917802 217.459277598187 285.902361013113
3475.06743765116 3836.62948686709 3292.57571189462 2947.75256852107 4675.42102672576 3995.81233144441 2639.05591353537 3643.43701098395 1746.8367031617
14161.3336351927 24160.6012076368 30318.4925584935 25557.1559181844 20441.0180276702 38960.0757411785 14293.1137127486 20915.2570783371 12232.1854547545
1393.13168996097 611.46968066476 1479.05939489061 1980.2068305814 1357.92753631477 832.721021029756 0 0 10.0681527847112
99.7773085678709 128.000079266709 130.205962194388 173.700623705799 123.70140145965 121.823886014544 100.80592139336 115.458426009776 106.703966232519
11254.486942078 9889.91605997372 10493.6848178109 12279.6785671908 12102.6179556687 11441.1469817286 6799.90461897496 11865.0165750776 13025.625008029
6056.30219566833 7292.74202607186 6599.90732007827 7294.26633915747 6368.13414224234 10535.7944412725 7787.90191643189 6656.03890354625 3925.69315823886
18282.933379722 14817.5487190961 12799.9521958247 13608.6436672705 15547.469616202 19031.0934464717 11215.4604255813 11071.6401089929 12653.7084664151
0 0 0 1380.5725327307 0 1417.77188618765 0 1030.66060675185 637.158265925627
400.871955833547 385.227906597773 315.374737609873 287.217971285058 420.824606898729 384.149473995284 270.847627133571 368.397424842471 192.879480178386
17981.736098249 16381.4436962402 12835.0696030824 18523.5015946284 17940.6220207508 20489.8448019604 14603.6420288253 12532.2685299134 15689.789999866
6441.6654731649 5275.478762697 2761.83687956482 7347.48186451327 7488.94913147177 8221.71964103779 4865.05380809644 3326.5384797718 5303.73925957116
1336.43579507742 1342.42065548634 1317.15304998266 1531.81542642881 1266.26929622922 1658.09761082441 1101.55308466329 1278.58925015846 904.651589903963
1494.53301618186 1529.63763507724 1211.98345972659 1837.91470928357 1191.64375118566 1164.19363811031 1096.88506713593 1036.52262719183 1099.62052628286
25037.7063945553 28119.4964093197 22796.9922059764 15590.8788683539 37419.5467033908 24842.6184143628 15368.8242102919 32076.1946517237 9339.2595605964
201.008426179421 235.779590217151 236.349400121796 214.845437668793 244.776095848423 246.37007712661 165.844736208405 232.601249875957 187.52380969774
4991.81910575808 26740.9841710014 3649.40486322826 14785.4648594892 0 39359.0695232182 18897.6515384259 17446.0685284304 17911.9366615241
35872.6020503776 22114.5568869059 29865.1568752728 41099.7018826832 34456.5706924637 58413.053894797 21679.501068476 24513.7208712604 20802.9057714171
13421.2426155723 16523.8209960202 0 2655.30361684359 0 12011.3137042954 8601.05369111589 17972.2935322777 14023.9267555685
14173.4744660202 17166.4504926359 17873.9945622924 8556.04440032344 8900.0503321535 12045.577187219 12538.0580396512 20782.4683427971 19702.2569104957
5149.24607325621 6763.70976575869 6299.10545774543 7346.74808735537 5437.34884302915 9027.63048129606 4178.59636395644 5984.17482006766 3472.35637387498
2787.16099821554 3451.07358170878 1865.43581285282 4898.75173340966 4139.42214598458 4532.39343656755 3285.32230496324 3161.8478130924 1953.14281833481
28696.1988051206 25796.7410013531 22938.1294483761 24125.4452504082 23252.912304514 26088.3076921565 18468.5975220279 0 0
13254.3060459704 6815.48955693385 12521.0081025592 18131.3581586799 15303.3109323879 10501.0459236535 13819.1449090891 8936.21697279062 9829.77747109596
3001.68455547184 1378.95532007269 2937.12889850204 1768.86564613691 1680.37661988207 2654.66610052592 1138.69292844834 788.579905930762 2319.8748374907
7531.86347146945 8071.91425468148 7262.41845186543 8591.94708981057 7671.1383726179 9597.57401659986 10553.7833091814 6357.62665375261 5853.01150438944
161.93698976784 147.353168450292 159.647720595564 202.164423452253 187.429220019558 188.945757150836 96.3944607912151 146.37170419176 141.002005246608
560.507018692656 515.107136314239 375.090628399223 503.645833317832 663.264474181378 504.474435096554 361.198069129434 553.355171948274 358.494489089563
1254.45987110061 1226.36255077767 941.635780117515 1068.27258002933 1452.39242538822 1123.05351440689 728.416099512286 1277.90544283569 772.248226536742
6466.49621069244 5916.67550127938 4891.64494984574 7753.44953305045 6163.43719272595 4903.17236851143 4831.10524755346 4760.98159538307 6115.22959960545
10170.457392344 8987.93201454826 10166.5277573096 8080.21567298374 11715.4798748022 13347.1774944996 10395.0106838661 9085.46300877917 5871.71276153126
34310.7056607307 34273.7442841306 32870.8694867379 18823.2228879911 32995.6168379851 18867.4929242371 16966.7719209376 10180.5195986121 442394.064689128
491.641685653854 0 0 0 610.576647989841 0 0 586.908488994104 455.282249020909
3133.68128703497 2703.82489696964 2461.82777465681 2584.95294893722 2576.09195124563 6114.49678316819 2760.60417250462 2193.4926874762 4333.64358754884
757.950454232923 487.179481438127 908.936266483626 1206.14534062355 911.35625125502 566.818197603747 989.783697666702 556.480148645771 584.15016499049
23694.2566245349 12391.2542063623 25899.2354125402 36172.360978155 28544.5502920172 17612.1025344124 28374.5022346068 16658.4075624299 17671.0826106374
3486.16442420839 0 2920.67879544078 0 0 3177.42279554597 2781.98552179203 2677.89626915465 2864.50222769982
2669.93960732807 3138.78119526924 3019.38762563918 2734.77992568581 1994.51044590093 2263.22890174443 1410.92965998914 3246.48363124988 2239.96708193566
0 0 1656.20807392868 3148.20776362483 668.264177112615 4219.9630510861 2206.86112733779 0 1656.20957001828
5261.93935368023 534.866653399914 1240.74054438875 653.612704793915 558.557906361966 552.771332317199 486.23319500545 35287.5173670301 680.131331878799
0 0 2457.4672401119 4503.88783516869 0 4138.75020557144 0 4021.94832585135 2457.02532716541
8430.92798492079 8820.08370126508 4128.41271122085 10205.9949020543 8718.75502940022 9756.13717642385 9197.74264151243 9373.19219359885 4737.80729964821
44321.2786514403 19093.1944415503 40111.3459884806 27085.012516935 29138.0451869793 38990.426538888 15083.1402577255 11787.5171558805 35754.9274263889
12225.1083621037 7177.50614440156 12017.8537846964 9558.14879791126 9581.19277587402 10627.8919329268 4548.16963711142 6508.69474912905 10813.8561317193
335.604211055344 347.588156882001 358.905348965302 367.211390800982 433.124899941506 424.43801672865 279.275359547214 313.642647098026 232.886401464335
8155.01156222847 3261.45538916673 3991.44593127954 7304.30974513138 6654.2582012729 11067.952977082 4320.66850410284 3713.77276901284 3752.80851812949
16763.1416286355 16681.0214686735 12521.1880140186 60879.6380751136 24215.9542771168 16004.5639863415 20656.5338550839 29536.1119079211 62698.2656813211
3200.62170222917 3230.90596958143 2221.76950390854 1861.77062178973 4953.62222687737 1742.54082338698 958.948969109548 4256.68038699933 1313.86891418658
32669.6412012859 36280.8027451138 279454.959674112 27412.9252808576 47519.2450316744 43245.4593175978 34611.382154952 58473.6563693057 14351.8626223046
45021.0163899663 51144.7986675923 47291.9911764697 30903.3978130533 63598.0985222407 58814.9907321284 46484.2891941414 53449.318396389 19481.0929622851
30909.3937959247 32860.672006922 25668.6435861235 17823.2521095077 48191.1272376031 24784.3890929443 15919.3542410825 40302.8559865397 11687.5329068603
10798.8936197734 10798.8588698289 8444.80357322516 16330.0891656467 11177.3673825811 9938.78598571118 6967.09750343233 8690.29537466401 8609.90708244733
0 0 2624.06013509372 1484.36622894344 2399.60794639259 2805.29294004535 764.524581298857 0 0
1660.61965248009 1485.43197778807 1841.30686207305 2003.05022622029 1890.9217756236 3004.10965254887 1249.07717965103 1421.84641849543 1108.89918724706
450.497060386397 220.228080766173 180.041017208765 424.896617901807 359.23513634532 498.579435133182 290.271006085554 264.688409979448 233.203580298807
5529.96785277398 4120.7303032901 4665.49216720781 6823.38025778157 6390.56632357495 6464.29518229894 4768.29507627314 4292.20500730552 4823.90407890078
5931.69984348569 9086.57644849882 5971.36588161744 0 7972.25084144954 13744.2848166478 2808.3062904846 2151.95711459042 2362.94971657026
5614.09136070497 2648.18441960356 2672.02501111186 5522.01036059857 5783.12465326052 5532.32624859101 3180.17929894792 3159.67479085626 4370.9869655491
23290.4920027603 8990.49163936008 13916.3587105868 25814.0346760996 25506.9214444851 21830.3258956716 13778.055712463 15618.1737252549 16851.5993698241
2964.50589504884 1821.06873784438 1950.15431320895 3232.57365758816 3137.53700493083 2903.69111054464 2406.88349185895 1807.75229205242 2302.88316509554
2260.97998149993 2266.7849127609 1414.13261427311 2629.94619719764 2480.04809823468 2691.87891876068 2557.28333169469 2346.97888682827 1353.30134054458
437.834041882425 214.873738861328 149.193376542038 405.319132083444 354.371839931529 454.447920024969 266.192132451279 285.525656767805 224.325643648887
30228.6270045144 12246.6979933779 9567.4921589108 15694.8906646178 11630.2179165203 13674.4215033013 5588.20958807691 8616.02954123201 25571.3604677507
38237.2203585064 41709.4876751579 43603.5694907843 50942.5096942186 45810.3020196453 59860.6845913524 31687.1887947245 44262.5013685052 31370.8939559866
2141.33227298331 458.686428870797 474.481559566034 1762.57826758547 1486.04370406272 2172.023413554 881.110880087227 853.143392150182 1057.64451043467
483.98397896951 317.404084954435 220.832990442011 467.938745167777 438.153758882424 525.103431793405 328.08186844048 340.794179172984 294.435858758014
23238.0643315461 18165.4287444731 20375.9755669203 29332.5286189795 23052.7093459771 28857.7839149664 24525.3619254162 19630.175570972 17907.0552304717
660.834016956187 288.391309139426 352.051634004059 617.404205379658 604.711088485743 631.463332032176 335.892835845653 439.057529883314 438.771306199171
1474.78072004093 1263.60718245334 923.24308379525 1535.53289743342 1645.52511161711 1632.95767941505 1189.43396598725 981.421480384183 1231.06930018544
1001.33162368449 1038.68428644137 1143.97516643165 812.36794655333 1060.11241464699 1339.81458290245 904.216686741122 741.337709074971 600.571394650214
52726.6118334506 49759.2160008447 42358.3087385837 44452.8463186112 36482.2106110716 56438.9063339009 28977.0031488721 40985.9615873704 30643.2634303085
5924.50161763634 0 0 4880.25511144466 0 5927.26004139782 2390.65262312214 0 2737.2407131287
24282.7867755621 23529.9548679552 28607.7038616285 0 18935.1139847033 32421.8779752315 21543.3620993873 0 15958.7479228198
33530.9127851084 36605.0675099761 29539.9478131092 36969.6308042651 31245.5773828024 40963.5466178296 27311.3252074528 35273.9029308973 24648.979606161
3596.36921297958 3719.56444055085 3168.68475178683 2769.92132496537 3601.1435931216 4170.25182592778 2630.19491489394 3572.5629380815 1941.66483104677
320.299725929689 282.056404758974 251.246089931946 260.688737185518 366.513117072998 267.727060894632 164.400014096311 302.529459078964 189.460553261732
5963.13530868414 9164.71620506881 7050.50286296873 89235.1802784247 7864.86656315081 12460.2450062497 12018.7734107756 11496.0275221578 5669.24973116825
772.424019227967 752.401428817502 882.452680878544 752.622409951691 566.703266669967 927.694157425798 534.249625735705 574.422349929325 626.827671103524
267.630935604232 386.58205975337 530.358558205293 506.485759049316 457.139925668325 780.339953410141 269.85997558559 284.629588241596 146.686084755286
2187.38228657686 2356.80069586445 2699.32205722545 2697.57229782701 2752.70632684655 3839.37798507849 1937.76502574389 1916.08183351822 1490.90359613538
9598.49301617301 3579.53977016329 11240.563375757 4716.6091128744 17309.3534380558 15455.3657931205 3173.25354282169 3885.33265261126 4205.62794353768
503.113098697862 814.7433513766 1124.8363061464 916.804622813296 889.729390446748 1579.20385044418 568.205575021383 607.926163241068 405.971702784939
355.861812187385 320.668372360268 326.17738592633 419.419983494838 383.925114951998 331.224732321372 225.970184856258 347.631123506849 310.13963934431
26563.1042962903 31749.7924262942 29109.9401630423 24046.6429885784 23151.6294235249 33160.5255422366 23334.3609018337 33339.6084614345 20724.6111336905
1328.41246983701 1608.56060367884 1864.82932802611 1734.01859021589 1198.94405949109 2093.36815198812 870.353898764397 1729.49192274628 1063.85673836825
0 0 0 321.668974293793 393.190023089068 603.257996863318 0 0 243.676180572539
5564.44825048403 8886.75517320021 10547.0641792368 9169.11680256038 7107.48508299816 12555.9041250136 5445.89689356799 8306.61059429165 5519.9834332507
5236.94878898038 10957.9471711556 12551.5540189987 10965.3898239283 7381.96926505736 13736.7579475813 6226.60613697062 9799.65487014146 7006.54996587858
8827.26203701146 9821.2747956882 6871.71005200993 7473.40997659942 0 8891.07918935806 0 7514.62184625678 8163.37892868068
12226.8423418995 12122.9721932143 14470.1722910323 12705.1618744 9541.43417955936 16335.9658000619 7535.25348206066 14509.2960199011 9203.99604672249
0 469.33235234363 0 0 0 0 0 0 517.014315327631
16788.1523957252 9269.45017351508 14961.6536142298 13341.1382068915 12417.2638575008 13595.7316753608 6092.65502696888 6718.43040992719 13880.2836570447
4361.51635758297 3124.29912067975 3321.35748826923 3757.76139712689 3282.62485887288 4167.24647921369 3060.97883390388 3503.20759407737 3353.07357026706
6006.87498433165 5534.55410944802 26454.0290225752 6871.54440542522 6830.83715740331 8271.32295460451 5618.03581166446 6220.24180831756 6178.81798011649
39083.2492349836 15094.5415045237 32843.2490869949 24158.1379895232 27893.4148127115 32161.3494945336 9909.47908559465 10176.8997136348 33139.5823684392
21649.4185857274 23565.9390680067 19437.539512888 27169.1485003602 21504.1922986509 24671.6369145641 20772.3372965948 23081.8270201563 16253.2305923392
28774.3244175043 33623.2578954093 22364.0071186951 27098.8175280612 0 37387.275490141 13676.9250757358 34589.610405777 17293.736107456
3910.02014140544 4837.43391996611 3480.20826589858 4275.47917542437 2749.11458320152 5169.56291983023 2618.86368275993 3648.44725455487 2534.20281553687
465.328307427056 543.558087195607 547.369311237347 563.537179533612 611.177148963254 651.924295101823 487.776783026335 512.891844702363 434.294178641919
3099.88020691013 3406.96900155958 2437.02292260053 4423.07784443945 3599.11885154398 3466.8325355519 2931.43154469128 2875.66019002871 2811.7361489408
2062.51440821832 1535.02674249376 1897.76204910692 1199.69420486964 1232.14240985887 1470.90804058232 1331.59289459635 965.098545222724 1911.50844772592
761.163564424292 688.606076267377 730.720224816646 846.684108629425 901.198972730653 749.52124098481 428.225077341462 735.993861735881 635.350558007436
9391.3419842448 8308.87097007322 8587.32120778899 8317.93027398628 6907.61624978777 8797.82767346409 7267.33752041758 5704.65053468912 8133.92209988117
4461.13283384682 4538.34557817137 3454.62644765867 3602.59251664978 3888.33241699477 4298.38274061864 2948.93491293346 4710.33111593009 2708.05848866704
686.242510905894 567.425103840157 611.532471093558 778.487618724045 666.244466240478 771.630926728055 488.588990867513 564.97804493912 584.112022713568
1495.57668051496 1378.7229046496 1045.11318802391 1643.98208546753 1579.53564731667 1983.04060084611 1606.81339304268 1336.06295908938 1037.19867701152
4596.27877057664 8123.63599498138 13327.5629129539 2474.78007016784 7295.28785685245 46757.9077278212 6095.38066433547 8961.81563468813 3710.1721061021
1461.52164968551 1283.20856367011 1276.34845007247 1663.98184276559 1630.1112655028 1477.76810419639 832.496742879644 1351.58819152224 1139.87781940517
39865.3550192411 15233.4117999239 10064.564157374 20726.8277231526 16552.4448172824 18657.6210196527 13778.1038200671 16997.2855029477 13647.9146645625
20482.8883953389 20911.2227956243 14040.7603240654 25509.672558505 20513.389695272 21510.76144885 16811.1982970415 14704.1398494974 17638.9369736594
3943.69421630265 1995.79463498602 2420.99537111845 3912.83267103276 3689.49600422714 6322.73141442778 2396.64364791048 1910.73112038856 1711.57101611723
59781.5644687713 63571.2509153618 56332.4719087289 66004.6722026976 66066.1569421721 88954.5688687343 52040.4761538848 58322.3311039291 36038.134406732
3020.27879748504 2417.34536654754 2707.41048003739 3618.51612313872 2936.39153279097 2642.62480904105 2604.78504223449 2260.75802924582 2400.89096865394
18074.0084648921 22395.6399518084 21121.030983552 15555.0855650471 15800.8662030503 19933.1526459787 18898.7845399729 17886.5751216832 15296.8577961514
5453.38170986921 18578.2267371335 52121.0723059656 4395.34874497552 4016.18425004067 6993.90799231939 4542.71470104621 11761.9460707467 15805.5150754691
308.799071918918 288.271577502121 254.042305378279 296.319162098128 310.174803870325 331.508184311331 232.582167602053 291.678686103109 274.42787071333
892.250681096633 935.332392505113 407.505811782755 1658.2129438879 1385.19969541781 1558.75506705343 750.668184288071 803.835425262747 606.017606783162
6425.22584803542 5832.61449897677 5317.17921061154 6106.49867969855 7766.06290539933 5460.58052396554 3601.06963354013 6610.06820316202 3888.09178685702
1423.88022306996 1107.74000092973 1016.44140993154 1222.21718774964 1428.03987694155 1218.65483542405 688.834641448047 1185.15574432174 818.382266531673
81.7967237974259 0 182.690475423528 0 0 0 0 9.91943996198643 0
10141.7406279496 0 7835.64908987515 9422.48842107864 10127.8376632116 517.296540207633 9043.50690733459 11372.2891912406 7809.28642453195
260.744217636058 282.418206341053 226.135398484058 331.313175027884 213.342779016261 348.097159369601 170.427207711245 206.363162629142 206.224700701403
256144.524083735 357.769041047994 1013.53832728246 488.729390765647 2147.89940561212 3035.89574948811 422.384793808886 324.70155811099 400.22129863992
5608.56069868066 3369.42477069935 4208.45110447114 6587.8003062316 6090.70262367541 5513.84725134835 4951.0525297832 3786.30515906688 4181.21456096908
1353.77096739882 905.822865956138 1755.92557904524 2608.06057615602 1649.93960595575 1026.90121898983 585.647105318793 1668.81249575517 1150.990009891
596.923896143577 0 0 0 0 360.643792837935 0 0 280.609793797404
228.008261464085 252.50934210025 269.681924464856 281.37078246859 304.546096883922 302.086372608697 185.960928477537 249.185194513022 209.248995561555
720.498896564462 918.813714518112 473.374407253117 1093.19433982553 964.725110797002 961.300651279174 831.079263826751 742.231866113016 645.32182715143
1924.94349267439 1688.37849862416 1555.33785641516 2062.39362144898 2039.64531004175 2359.48403533874 1915.520030799 1638.57844634697 1461.5927131852
2058.57502837822 2849.59789766747 832.426732166278 6101.50332139022 4608.21016384275 5190.30923002283 2412.6019872216 2620.42954216994 1059.35863263297
1143.44812887425 883.958033504028 2256.37093724014 5434.29602402711 1995.37637978673 35840.7002906532 1030.23071630602 6173.30750460192 78781.0236839725
19580.4013845275 18758.1003291331 7407.40135574891 22217.2285305145 14175.8667225736 15516.5259659417 12010.150074398 4405.22680834618 13148.8535724201
6323.67314690337 0 0 8278.74395760382 0 8681.12522748771 4311.97407224127 1374.62170791566 645.761845275341
44872.6026037769 32941.4068321339 47382.4509219755 70485.5777538874 48491.6280557998 39639.5062491079 17930.1247540756 49688.1415974607 34333.9095200653
28365.5847341583 31246.9615259857 20243.5216519948 40637.2365004163 32428.0721427775 33592.5627478488 26320.2381419014 22347.690856054 24662.5294796728
561.274680994969 513.926725507164 440.804789613879 492.005155923897 654.525208642744 482.119964651664 332.088843423337 562.107534733181 370.179257326231
14443.2570910445 17604.2732454425 19058.1797323742 13041.3322536287 21423.0838222482 29987.5622377846 31018.0027995742 14164.0482972413 6391.08734405997
5015.96189797425 3324.04252695812 5700.64559682484 7477.27206805386 5906.72988008777 3998.01325979917 6190.25952798448 3585.87515006145 3850.65742669619
3287.18320652986 2626.97045626369 3073.02389567217 4502.84977361718 3753.27361946171 3297.89660396824 3639.7790845423 2075.87873581495 2762.5680261003
20622.3763483181 28346.1252401515 23019.3788784168 17032.0180744217 12126.4515977922 12062.1604594591 14804.8023240582 23384.6306081115 21729.4108695026
4634.01665092236 2486.12120984655 3762.04679872551 3838.69105284327 3569.55482335146 3926.37521266307 1710.88512287214 1903.35523025182 3691.6499298494
3117.49182382133 3258.51300487249 3178.82306933706 43801.8365830549 5490.83961794391 26494.024271123 2969.38484287405 3658.72306089161 106136.865628834
13718.2772175387 9167.40643037569 9526.4689103504 16060.0616298078 14511.4981097942 13235.8932020441 12054.7019589216 9316.17243762066 10470.5849197022
11343.4959342957 11357.794496818 8041.33933154271 6064.03706927017 17170.0808611601 3467.80934269304 0 16147.7636749402 0
611.45855196006 865.396059519951 729.561926539569 848.969525388196 630.673964704291 1027.28701434777 551.328727358215 693.127785156115 416.747879941726
56902.8650546448 56552.1706538569 37401.243651341 69403.6902012866 55965.1867929297 53966.9235445437 39529.9856330403 40098.3625908421 50954.0308932652
4857.76253693745 5137.82137936827 6095.91711505174 4891.4326199859 5177.72308832443 7607.29471662407 3707.5188284733 5089.71670932538 3761.18509550035
2518.07226467377 3045.05244560506 1635.60324161928 4069.94824620632 3435.4256157689 3447.06660080178 2737.25625626698 2534.83626300484 2110.68620640214
2236.08461049743 180067.908059421 2846.02287394087 2627.61264656742 2575.53664779351 3318.21492118255 3088.37021804459 27613.8310420798 3392.3413674495
16404.6744120889 19432.850519184 25111.6412424912 19750.3648906466 16282.3103109992 28573.1478619404 12622.7434860831 21097.6012930569 14831.9270488154
1538.23670686227 1551.30879772772 1064.35399751799 1603.36792178916 1386.84078723393 1377.33081441501 1207.12429467518 1215.26009150312 1291.89519378395
0 874.946056993001 1067.1273464014 0 1329.80887545833 0 76.2935803203245 0 0
565.703472818503 733.629754512171 720.448571726992 665.339780455436 405.194492110894 559.913323770122 326.899718219081 644.555592817433 513.74511861088
4598.71139046771 3986.42979563068 4198.55916710862 3398.94168727245 3164.22790522611 4141.72016770154 3158.37318622346 2821.71571176553 3858.15205853023
310.471478276262 194.523790352214 287.898065452133 388.400873183982 342.064873717383 275.219104154782 296.822685441166 264.347700861409 275.06999938727
290.910798188971 247.926158961252 251.747800055703 336.048933470286 333.258107776311 276.156611540818 170.663728110187 279.566833290045 234.458513437142
3197.73003485922 6988.82333401087 6532.87341989145 3922.46134509932 0 0 0 6599.95149293172 3245.92483831649
8132.78801669499 9157.40198923963 7229.30989262576 10330.4088783835 7036.71886599362 7253.51168830899 4890.15216414258 7406.78182064165 6674.69160253568
8961.13637704391 5228.22710799509 4532.85823312645 7563.95180717736 8514.14160184382 8488.65531159807 4544.74592535358 3669.87502069189 7797.40476653977
251.559008827872 229.628313714902 233.051674929366 304.321653166157 299.466870831248 248.951908224061 135.296992355648 266.989964320672 245.045673999504
0 0 298.630026445559 0 0 0 590.2875795444 824.59612540953 0
969.278332967538 0 0 798.173575012325 972.698403531065 0 0 721.811102482173 294.001305013382
1798.36479206368 1344.40130550304 616.532179957763 1643.61014053718 1905.2752975729 2067.31295560156 1253.67707678911 634.558156251682 1664.30597532371
5953.05659440569 4558.13105696062 5115.57395498381 7934.5547197576 6581.1064628043 5573.46007594807 6107.57293868504 4255.32300812355 4847.51215630956
12949.8262284099 15416.031429659 14133.4476176507 12611.83172028 16007.3794666201 21354.0194100277 18879.7489137725 14578.5056379335 7101.68142288961
4472.76031959665 3818.36090725895 2707.38463495214 4332.24021110495 4752.12088045639 5149.3018592749 3176.27676136531 3236.26529396621 3326.92084510171
6363.57047697044 7996.36492056304 5158.30214157403 8101.7256037868 6683.22559244828 7111.67046744417 5243.36669431189 6685.52932579924 5929.15265879255
23418.776977072 26534.5166670994 7951.30751631307 14233.4480449048 19022.2731115745 22896.9899063368 18394.6284136389 8066.67628486671 12293.0779178703
1076.92893151621 0 0 0 0 0 0 0 0
2470.57369684914 1670.09810733418 4792.21493814326 28597.456223334 6554.62717974207 1764.81170622573 801021.042488776 1218.67084177701 3817.03804649793
668.159150761541 438.059262868843 752.660616925173 1062.08288363375 796.829328733288 570.340495033613 628.4632908744 587.495093818396 524.717704626001
12606.2003912124 12706.5910105464 7829.11755571282 12916.578001397 12689.6856638954 13729.9674576429 11982.2102576905 13206.6545574401 6871.87066447796
653.77455152621 612.261576926008 505.859546086916 604.051240812842 770.093904365457 631.421397524049 437.338252419694 616.96769345372 456.348478900352
11249.7594074857 10954.0476546056 8696.74111581941 10464.5566957421 11436.1898678288 12022.1833140881 7842.69733042651 10619.8526428262 6986.81065312682
267.29852815526 246.696178349623 269.712708931371 273.416083443605 250.011885599926 271.449461480843 178.199309389283 230.079535533045 230.071731755454
3510.95785793061 3745.94173046977 2243.10446452203 4267.44353043554 3844.20616394503 3924.25494543001 3767.21599748265 3852.13621102251 2377.74044576903
1514.05400897171 0 0 1028.57440873882 1098.99839390521 1293.39258274479 170.45590097447 0 378.65906234002
0 0 0 0 66.500069359235 0 0 0 22.2654845953022
2693.01336803029 2558.71790481029 1894.90763233108 2509.32975719228 2970.85125789996 2442.95910964388 1296.7575421824 2495.02738102596 1847.32031432715
1515.09862266488 2771.33150942203 4241.81458879362 3125.26402445804 20734.4164746945 187814.760049002 12373.6454235317 3466.08087123768 1449.5214090629
19852.8888572267 18729.4763212611 0 0 16745.5723634762 21107.8845702021 14351.9561316765 0 0
528.815812842208 462.09414559408 407.007532819189 623.072448977254 560.851086184985 539.422090812354 470.676917091332 344.23151865343 493.902557138314
3087.09922957238 1586.05991034269 3120.18557956362 1883.09773662723 1591.411133068 2888.73064342089 1549.01863056295 796.230659351062 2256.83285227597
17479.6161651038 12568.745161638 14918.3413990295 21814.977720529 15436.9711409699 12647.58399152 7891.94224662899 10296.6573133178 14277.1660369232
1376.20534916048 1337.69284173949 1246.49859204359 1862.08667061323 1720.95979470865 1550.12384222439 862.313568760889 1471.65410336315 1212.32534805717
3976.8338849602 4101.99680721622 3891.35637342414 4569.44211082976 3929.68959643794 5046.83808521495 3058.95153665265 4487.94237571149 2940.57987402745
3939.69872266027 4208.53706776059 3248.63413155732 4615.84259152221 4107.71557068545 5162.52538885717 3462.53068757415 3282.92352980818 3513.86555699808
6079.03500784958 5165.96880190116 5966.39033876981 9210.42141398547 18046.5634214078 20527.0372765526 3811.97432727559 13881.2313936261 12764.8154380222
5502.92011187495 6453.32959921671 6172.69647216253 4554.93320292324 7590.89505522285 8433.6692370944 7007.32605615292 6171.78089759003 2640.33729471864
2371.23895050641 873.794040134951 0 2633.03591712342 4213.3980156094 3354.82113264908 0 2994.19400099042 0
454.760943632502 0 163.154533931735 541.364407284007 0 0 102.59028093011 0 329.876971599084
25011.077032551 36416.6574857605 43836.7998518912 37073.2728189799 30578.2962778303 52800.4700537314 23135.8668394319 34958.6363331289 24027.9298880443
23642.2738728234 7266.96269993031 20068.6960185408 35394.8211689073 0 17972.5417191094 24868.1934697211 17274.9772462815 18092.1895956809
2426.06221143214 2650.20762794642 2936.31638977344 2949.98553826301 2714.47498135301 3676.62127824929 2236.80680017767 2366.66674865219 2148.52226932197
5706.68281939708 3947.11753671473 3460.63486995202 3865.38450964828 3856.37723791968 36497.0246072266 33445.2421842508 21981.6791324681 10726.6885920278
1850.13600491652 2277.4829822171 2737.29922625994 2580.73894610337 2237.49099438923 3884.96441830618 1488.42243762779 1984.50176431093 1137.64946258254
15099.2195505951 14654.6371306265 15441.1356883585 13637.8854083849 14358.1194197955 18107.3165052071 10257.8188096167 14239.5090545889 10953.4875794052
5018.10400908618 3533.67184210013 4980.03487218819 4147.90371668064 3833.77118016278 4045.91960338573 2053.8110732314 3287.10830379353 4461.05348203096
20819.7128817701 21444.6684060114 18266.9835030981 20307.7509885792 20918.723938564 27582.7673648617 19189.9816642283 21754.6953400888 11119.0941109314
332.502439825123 356.724239075433 344.963585865871 440.981519631745 472.073977263184 440.786979657778 306.200499157355 397.278987926377 283.987829625659
13992.0376097348 16659.222256306 15120.2155719808 16421.9817455686 14182.2684730909 19535.5683332104 12188.338385057 16869.6711976741 11051.6124037025
6765.30104520108 7224.26405194789 5259.79323893545 9565.46404348057 8166.10898840274 6221.96380764837 4147.33324647757 6863.35736818374 4714.46145486742
1130.52533857557 3677.59955091667 6359.43981050495 2229.48264844785 2044.75025458114 8822.03166235738 3929.78444366247 860.578653650712 12129.6590941645
1483.21829622157 1745.29308628001 1806.35037973553 1600.14472066321 1828.54096158336 2759.80112023167 2463.04638735046 1575.38584483403 850.505266671758
989.266343491042 1032.26154770449 869.57795383428 821.186951123259 746.014731267764 1034.41140499371 656.305729444339 961.677825345051 573.380033780423
13318.9325864209 16107.1515492168 13723.2833878351 13900.1360991976 12879.8166964131 20490.4449658487 14864.1699268253 12756.4310265534 8711.30965019501
5584.88376765897 5246.13145656468 4820.68731843355 4670.57824878127 5939.34774965862 4177.02935739009 2281.07366657865 5140.92028393116 3610.57760175192
6518.61193429281 3901.21241513891 5967.3549909695 4718.69348826891 4287.16723541751 5272.2118566137 2632.42682119292 2524.21241879494 5418.15448776912
1424.56175296848 1206.67745511948 1043.34869843376 1125.93787576959 1211.54853826547 1461.37145635699 846.329702783522 1136.05395461991 793.386874918425
0 663.430323981578 511.982436686952 0 405.420903568365 0 0 595.236584431227 140.332313533894
2661.11784799651 2628.03003015667 2857.47428555732 2485.41323214819 1753.16356487128 2130.54433114364 1360.54556234935 2374.73526854123 2219.57014345672
0 0 0 2282.19819426233 1080.37559697489 2084.1633741588 838.375710257797 1090.73691043759 0
16091.1169926348 10408.4362562567 8353.70703523134 12964.2111976136 15439.5251446909 15211.1609273358 9189.51888931706 8629.9195479722 12526.9062285343
5950.0849194996 2970.69160069738 4402.97448825375 7134.96150736099 6717.30669749337 5017.91189104965 5366.30251313037 3594.41436729146 4600.9753670727
13366.0789551453 11205.6960766901 10205.4845997352 11602.9398867955 15141.2462142844 17117.2218496941 11561.5982544088 7371.41009197018 13172.4732770067
17965.3881914812 71627.8471153411 13466.5768885374 40231.9457614461 13835.6090588538 13199.428813253 13391.3649230138 15358.872602904 17017.1348023045
2137.04761084912 1893.21946059376 1677.88515540143 1767.52537731619 1842.20343052691 2135.72742935891 1463.50383345011 1849.05514774188 1258.28270149409
12056.4593283239 70417.542840534 338670.857838732 22352.0025432608 9446.81489537047 12804.1797570383 8301.91709053978 32996.9253475564 47299.5604380791
2109.18021315159 1496.4990249669 895.907522381203 1803.34485899558 2179.63807482331 2006.93706010974 1292.11523720368 1247.23780074334 1573.64131337157
1313.60584578347 787.351283361823 938.485581578921 1313.53934167029 1030.6415749285 1425.1377719272 786.831772543113 842.568380731254 823.908465146655
16398.6359391436 8084.28308157231 14305.7815496178 11623.5340816888 12744.1497695979 14892.0622486386 6195.41193506595 5957.5305149347 13880.3946256866
2117.30202440849 1750.75576031839 1719.40282959454 2537.27242918745 2455.89645923544 2035.11118059671 1222.23532596656 2100.79605362642 1762.43307054664
12754.2655691791 15726.26833657 10617.1876878877 17721.6662676604 13368.9934357423 14846.016538035 14912.9117269609 32243.7847632687 14643.3076522793
273.837260520475 445.806884741615 475.392885997605 594.937586005069 338.296808146407 637.40465336633 213.253764200902 384.033732867384 151.012017215832
40467.4095309477 27931.0553868288 30186.0651682241 37627.3297789434 36861.8674862849 38427.0446122449 25805.2035217022 21047.8217624341 33618.3086142037
0 549.333405125396 0 0 0 333.832315015761 376.079664503484 0 373.58266987739
2402.48337261502 2403.63710733299 2313.76264937167 2920.17598977623 2339.24078461899 2295.55718192912 1334.48498434686 2543.05035817317 2065.10862679552
43421.6058259213 54088.1534971677 41841.3277529055 52321.6691070684 44960.8475393036 61832.3535113058 47000.8430795029 48480.4060510782 36823.8754358686
471.748914611152 447.713328331303 446.594680460625 554.072587596351 543.753836154806 480.785061437837 296.916760122041 478.527870833527 460.452765569712
29169.9906184741 1038.63704259321 10171.3586530321 1489.02963604603 2148.5234935291 1114.37623285332 2587.25858665404 963.333046328281 5047.23007416773
803.478271974943 964.291011907541 786.639302140686 1712.79582701341 983930.98803084 764.295386354342 5326.82596549794 148025.332766585 549.204282652596
7899.14118134347 7870.11121288122 6196.96190898767 8709.24551637051 7696.90356764761 9174.12161920834 6384.15049107987 8639.86450936382 5724.13877564251
10707.3132355822 7712.78669771932 11332.1930079086 7588.17016619328 6217.67206049395 9104.09323928845 4597.5590985583 5943.28825708555 8637.76395823261
17021.4099264234 17779.4906927238 13382.5655425101 15170.4626457843 20918.7110186856 20111.2912258022 16808.7791663008 18038.5444487668 9658.52167076317
6732.10482549867 6861.80439779176 4942.97817997746 7312.33799969769 6761.57478257158 6993.15769950817 5451.32204353234 7551.62632337444 4752.42252367882
9579.95534019623 9646.69180836975 8238.36834157925 10017.9011782198 10062.9743364173 10556.5944001644 7006.38338669464 9938.37144088223 7113.11127595686
466.571636714572 201.987193417591 197.696957202247 448.316222676609 350.408212912822 508.729606887765 265.665620643854 259.299369372579 260.394788300994
14376.9359774958 15372.4322846873 13801.8366326307 17055.6389068837 15383.0277837602 16950.1284540802 11338.3379228972 16357.1614689443 12052.3428775067
236560.090174553 9114.77004058834 11122.6119370735 12478.2460865067 33823.0484412333 259357.335089778 9515.96197252987 8917.69760212449 10427.7473843127
5750.90208417625 5834.06270312606 4764.98039974292 7549.87244042142 4517.21354706597 4674.52140823348 3416.59417048382 3907.24877775955 4229.96716207251
141.996857568179 148.357885870718 143.584004456818 156.428787415162 152.09827096824 200.720577573968 181.576412429898 147.923541673272 127.485779227102
638170.246989705 617.438301539905 1392643.39820702 2874.75214700082 8428.42352517164 7045.08994289765 147588.690110863 2969.5281372271 869.072877106768
18100.9561400699 17377.6574405943 16115.4564616274 17413.7460107613 12711.8159648661 15827.3645675828 7747.84054761639 12563.1374834436 18383.7741455694
8790.25529830922 5251.89000912317 8926.12422146748 6029.0196007532 5249.24859639597 7688.84675643953 4741.62041634671 3192.13491557033 6820.64893591895
909.040104719562 961.32102562204 609.799430524567 1045.04462970392 1018.36650848076 1000.16052386977 966.179774787413 977.611317016825 544.508714492126
2327.16987918864 1240.30438249407 2068.1006355103 1696.35782646512 1829.44441591859 2186.08683096347 915.732961421951 976.628102683507 1863.65985450557
0 0 1279.35922900612 302.59356337047 0 0 0 1648.37696542977 0
199.66990167188 155.469277890332 86.6951265083649 169.742997608846 193.937501417319 205.835569865969 139.825241387488 87.4961312735307 184.368988914116
4812.13173814183 3069.51042935819 4458.96305080433 3966.90136834196 3468.06269841257 5370.18020626576 2480.87446429383 2636.12501950419 3141.36741848785
5161.96335419941 5577.4838660639 5088.55054830023 4347.30872279609 6042.60775427394 6987.79635817458 4396.36805308906 4602.58872836635 3168.26915700526
2700.93124505725 2555.9806722182 1843.91713170551 1678.11740020586 3932.55184158148 1618.31934654282 871.418444580208 3406.74079343345 1236.07308755897
4973.66739904901 5923.05642966035 6911.2252723263 4022.20403845193 5772.05616955768 9528.62733965909 7360.64549229772 3960.15885120184 2301.44013224454
15024.6391282345 14468.0263345415 11995.4121377334 15007.3544187893 14393.1947511127 16557.5263758984 11637.2910988006 15415.9150917901 10036.4065839683
253.568574542143 252.638349192238 240.332140745071 323.22484835322 280.946933080284 250.186988461966 172.371872343138 248.442766272618 283.123194891696
4626.48766017319 2988.72657545441 2985.6152131377 4734.91742501412 4636.15321533416 4017.53149666065 2858.34758327246 2243.3766644633 4125.45584175281
1116.73915467981 3768.88974155923 3775.68247199211 0 0 4147.92411026836 0 1608.05759523142 0
2625.16500550722 3013.16373149298 1521.23053399763 3308.80908950765 3003.27501354979 2879.20048807699 3568.21975344563 3278.08436605857 1475.08458733289
7418.23376424051 6240.21334356293 7977.1166572373 9654.7020853678 8781.80115009416 9089.19621224654 9729.59080215614 6349.76878387475 5203.52125539289
459.195243529788 585.584169311791 256.259014854657 1070.26035024459 828.157370306387 876.684955166488 466.985970072166 528.783855581954 285.297600770762
494.589898788058 333.773700740397 503.6520581209 655.230236015181 544.068714308727 413.359798468963 519.106777406092 373.996774878886 364.607616742552
355.050371056185 370.657569933024 313.423967134721 412.550829560785 359.807752096386 461.189149168394 323.509772207823 314.820388170198 313.769801573513
7421.15247415924 7715.0264485111 8329.99201804525 8871.15285644032 7480.68762839116 11301.7091225623 5664.69726018221 7500.38243805126 5151.5070352044
11889.1791096103 18871.88268008 11636.6145133043 17483.8818660334 57037.0007825416 14536.059028054 14773.1757283132 12377.44729883 14275.1861921576
3815.31434890265 102.386112649542 1108.97703773142 0 0 0 12842.5972801316 6016.0237624697 3825.81874327792
453.865551380754 264.961317369798 306.333360631059 433.193728267615 424.332656730026 436.383502928813 266.631487528565 300.985486204831 344.490554541073
459.680162208524 478.531875831511 464.146589196531 443.46644907083 341.927101718196 534.37944052508 280.842264167278 410.099195747302 245.287188609981
1105.51828079343 812.403057971934 915.777259367057 400.999370982808 0 1083.29778443601 0 1315.16138516438 0
13581.2987760948 13751.2238390776 24304.4101940411 14901.0831054401 11979.3636012517 14845.4981486927 23723.4624977252 10240.2109477977 11950.5887852779
1870.32954152253 1767.56338082622 2002.53813186287 1213.76660468742 1057.53025991774 1495.74610467074 1304.3442097734 1238.98877305312 1687.80705533593
5182.09772454807 4670.43692474037 4823.42023889958 5014.36287321031 3841.06443988503 4728.443828948 3358.10010981981 3368.63178387606 4290.92481212081
16824.7428827418 3101.84900744127 152274.035004322 4169.96258799113 2639.4784480994 7357.20627051654 2202.51886831026 5234.35382284484 1537.55764430488
3010.82105128421 2512.11255669393 2100.6825463532 8236.44140395461 1855.97210782765 37290.6772290151 3737.79120365499 53337.0931480631 2622.19144208553
27617.9280600368 13167.2949809712 25219.7955305693 20166.1399302674 18802.886282321 26835.1497345954 11961.3409711624 9067.5970576298 20530.9042639926
1734.89271237353 2302.14907463803 717.401453510398 4657.20235420082 3592.75139806037 4025.8797945246 1893.35628240354 2165.35861717219 890.200025657529
2033.15424626375 1522.10373819993 1750.87476799448 2170.46069459008 2080.30976955492 1683.40351220642 670.536045015343 1593.51138129213 1912.12868653298
3676.24294544462 5814.79481952522 3976.51934889049 3919.4949897999 4835.38226794578 11713.4921028234 12474.7268513553 3515.36482761393 2469.94686299249
4658.60481675825 4712.42776681242 3263.61133644555 2413.38234240006 7438.83642744625 2399.02360791391 1134.19641256272 6373.27464543465 1757.62978537429
0 0 5894.11719021914 0 7550.99734745321 0 4005.50430266864 1926.6104808306 0
2160.12468401944 1808.99513071827 2279.42419583769 3458.55664154526 3127.48176272934 4080.6310154456 1515.71335260722 1863.33452625096 1186.31077960909
0 1053.67028915258 1610.45475747308 0 0 1995.79631275858 0 961.697338514252 1178.59404299547
38057.4138984408 18697.1247568788 36575.0445295564 53706.7079265869 44468.8815653931 30522.0426219809 40869.426169508 26738.7127574468 27660.8898651815
66203.8085963913 62049.2006867045 45293.4824057232 66276.1630346384 59812.9672954866 70182.7926196114 46535.6936353357 65109.6301843077 40314.0663312869
11145.6801725579 1242.24309388477 1549.2368736033 3538.7132205339 10404.4794421026 1512.1153810161 11253.0231894712 1317.55077114638 170767.307183221
6667.96473216549 7373.78445111994 5170.588089239 6070.04432324795 5196.4175150188 8022.63714482151 5547.37851717986 6330.05986394103 4682.60868710455
476.299807915109 383.785969076153 307.994000543437 363.877356639425 319.614192471333 445.660333036584 280.453611806958 405.279761472356 223.11793518799
659705.598150667 19035.2640609275 9335.95785679828 5469.12122111497 2552.203389606 2951.13970583387 2113.07638877413 2289.61801036018 74632.3857954629
1970.16929155743 1883.31546402001 1390.57113683322 1737.35922928716 1654.89730058659 2169.94767310316 1440.40693561734 1731.09040872098 1034.69650644983
3955.5552318575 3447.68501479965 3081.51157813673 4488.13525519355 4479.89869047217 3833.418406385 2255.43683599365 4034.00068301134 2948.05344809466
1725.94042638751 1607.40049338316 1228.64087507487 1845.88309307402 1703.32322895209 1814.83256981148 1180.61480902032 1689.15110279281 1102.91051984599
3587.06770501516 3311.68420686243 2661.95954827241 3931.0949218298 3857.17022872902 3814.56914308752 2345.65261253728 3552.68339350321 2491.64666975551
50159.0796308878 54497.8391635456 42172.6574826607 57898.4592865703 50654.3715584186 57707.8716402558 37974.3822939962 55978.2801474908 36674.3699141246
8956.91924927571 20994.4508072953 24757.9063125647 997.50469390599 13006.8588297469 7077.85948197569 0 19622.739153701 20957.7661519554
32059.464530667 81747.8095844632 3643.35709207336 24331.1803884479 26924.3388918022 9936.91316344282 13456.0870580959 44795.8357878153 4769.16670651332
9005.30116849439 10354.5255297247 6652.87374958229 11383.7160775213 6169.50524273671 6256.2751615313 4697.33896802203 5766.53695180643 6636.20302569313
7591.60435777523 1269.74364815363 638.32624949511 13741.3677882845 2545276.27654504 2010.89446971149 2293.60993457628 5699.76121585132 907.327133998666
12471.3448417836 14068.0698704227 10795.5021689588 15477.2672366692 13119.8218289134 15714.7405520092 14399.2789194647 13436.8729808194 7899.83847265747
0 465.912534460878 0 0 0 365.508836823734 0 100.343916841157 341.118293819784
883.164359918865 737.420171105978 432.124345832105 907.259529349003 949.771008102205 1037.45670541036 672.325335099875 516.965423850598 738.453229201526
364.913578078106 396.481984974553 249.385508975002 419.967215773319 431.23495428154 381.256139197748 364.939088449683 411.936337531986 233.548602826869
2807.41253876145 3428.24544397564 3840.17342450727 4353.25465218018 2719.15441208026 4132.04057338304 2202.53138373411 3097.56188759071 2209.36235480393
3397.54218196554 4467.69674877886 4360.39512432897 4821.5749759834 3551.1593849434 6211.2650365129 2844.39387044786 3427.94881999079 2338.66894146798
3605.37701010209 1957.13771163812 16756.7200383526 2556.73731297477 2626.82607942557 2246.92859144432 985.706245720746 2612.36311704894 2232.04913204701
3687.74494559091 4585.36855904166 3397.84006210322 4637.19485486416 3302.9939063971 4553.06067625088 2596.70216434597 4036.6328230243 3000.08799700678
1673.59103752856 1867.52029501471 1740.61853736623 2065.17737417452 2009.51034996089 2286.08814685555 1858.72754163502 1897.45997143337 1511.08709768339
268.464668751746 259.489804940595 196.92822703709 189.060060634722 370.396578937749 188.819105914627 135.875142704451 324.147478505873 139.37669591727
318.255453960758 308.777710100047 245.499087731174 208.808897971983 246.984627108411 212.309992646294 289.606298185515 230.065615730388 316.379977620228
3152.52925322509 99838.535298915 8672.32210449042 2177.86539166008 1617.86013818747 3198.79307372967 1984.82306880836 3993.03231710209 227221.062439135
3179.18477541407 7699.99997535089 14610.8962883152 2560.24290221563 7459.79844758831 1565.17302040921 117068.222826843 1702.85481456878 1859.79853320189
7342.65536392742 11606.7450264 3654.16652340154 20571.1985195717 0 12823.3815880896 0 0 0
1047.48284884652 1435.71648844443 577.427086333879 2747.18723145913 2098.76500982098 2375.06857177252 1149.92023298709 1360.55863161596 586.260323562469
3615.13186920041 3920.93394266018 4067.64735716556 3843.67121245517 4242.50589212521 6257.6465521617 5731.82332630874 3792.47294203163 2099.90733490929
612.520364506377 712.958203683574 668.511453303467 566.561288020085 424.918748118589 419.313492837509 218.572161166272 667.884608052507 531.860464600733
577.668805610714 630.280996967837 477.747914878818 607.952349083369 477.754091177252 658.204660194554 434.531999584038 495.416207154934 442.938656641665
14662.0846808212 18251.3896936636 12924.4436897607 18560.7701309884 13942.8351618354 19693.3195075228 13206.3497817839 17286.6506941981 9455.78299544102
1207.55424355428 1432.26470965675 1120.39537583522 1491.21996675495 1469.74768548299 1603.08333049467 794.697264196381 1368.59604252436 767.061657989167
2719.00466631202 2210.10084109694 1966.71402616735 2687.7463805733 2664.81509327506 2732.00310885427 2138.67381467147 2226.51852436853 2105.65981512239
726.684793847097 496.318895561603 617.269102566211 554.3935545754 615.839595335335 819.109248334503 399.89644951967 378.895834070157 481.193967299371
12183.9607372663 10231.7825695737 8455.96038733825 9241.76648662432 10268.7316768511 11116.1732345755 7840.81392562792 10747.8913800062 6392.84074095957
356.74659192671 431.589212140625 373.556074507603 477.42004798878 331.429997901977 529.905269922444 343.573702255114 361.755886514077 297.469838587994
5412.11496901799 3873.74073840729 1401.88604757681 4167.18573534768 5198.21793092962 5594.52607255856 3704.97801141028 1373.86809032351 5196.59017850676
1622.27591161688 1072.00926242707 997.995263306337 1518.83587904849 37802.9209747023 1244.23537850342 2909.46931721261 4426.58449785982 956.863738470334
1100.57674924489 949.898866014412 833.098906664811 1274.02043081044 1076.04905686326 1108.4658799405 893.16677645118 793.504579715357 858.391029242563
1647.11316180026 1435.79738840688 1456.35542483987 1945.3111138993 1807.40203525941 2354.20992425361 1683.61632690249 1619.09305263898 1118.03516089311
597.527607519495 856.200892842513 661.265136106076 869.875303383085 562.071654943885 827.536707344844 524.840195658447 661.212204494345 552.96468100043
448.792229892697 448.881088671506 510.995243488907 473.081172034101 432.393809488867 431.168326627272 378.773297207338 402.028521601216 506.808273869088
