1878.8489736016 2527.34257054889 16057.1517607094 212855.348702143 583.882597975945 3523.31136704124 4042.45390044636 729.787855798349 1273.18831421743
0 722.832493153806 0 0 931.786160329259 421.832173068523 361.606920757129 0 0
5980.50280965972 6443.92956623443 4929.87160971742 7203.82407996517 6091.62178068001 7431.66741626695 4367.5005185855 5844.4170082613 4396.62741633413
1467.21615428958 850.786973087989 1529.07783285953 933.454057484617 743.129131788518 1426.02199265201 789.160418019006 459.594493539377 1051.65604642211
29194.2057575029 30030.6791603155 24392.3262519864 37743.6342756541 24881.3156507401 23677.2065794243 15064.3599891296 20824.2592724924 21762.9556936435
2530.83867413077 2601.96368607272 2570.59218950914 2722.04556044817 2715.90404621639 3812.79721996028 3346.62044969146 2370.79805147275 1708.5840686502
15021.4637820047 10626.7303479689 17315.0678265661 14196.6770882135 10167.0586027259 12995.8595119468 7070.44869551987 10713.4665026516 11665.9234018935
1227.22690751109 992.188009420291 1250.02607185683 1664.862180059 1395.58714717576 1220.90107871244 1339.87784463851 970.637555949864 933.760992822531
10671.411947367 9723.64493214474 12115.69518444 13249.0300856488 11667.5391670226 11895.1932708711 11417.5329113704 8902.62972502785 9552.3727244584
20518.8062510245 25641.0976122154 20813.8506706312 22236.1233456519 15393.8775471653 15259.8547276293 15470.3182872659 21285.9213502464 19391.2869841368
11163.9207781661 8368.17257040796 6581.07422825747 5043.13417127539 10525.3400587227 0 2557.62811766109 6483.79747123917 0
1806.63868855359 0 0 3415.87267807445 0 1932.89900293308 0 0 1075.36023767434
6632.33002169045 7248.6258552576 5983.02725728668 7924.77930146881 8185.24448079785 9047.55368265911 7594.08939777456 5745.78793058482 5295.51010195798
2727.18492311873 2720.80452720614 2042.67836750516 1999.41658497895 3792.72291536588 2065.24257213573 1338.92786166513 3259.66262160027 1406.04967502378
0 0 0 0 491.294782379371 75.7623669415495 0 0 278.888473994768
3688.70871195436 4852.81750380745 3071.25094410204 4890.15384408597 3693.2859846126 5248.66256512888 3603.52310261105 3271.47310146408 3163.18929872718
10701.6629406352 8451.41365985838 8619.0391627076 11031.739118255 10086.5073458802 12174.6574068761 7201.54785433322 6080.57164550264 9170.93979434455
15606.1554304503 17178.6750796382 19701.7371663171 16353.6077015229 17199.006067807 23650.4350510946 13088.0840648101 16225.8506956281 12852.6024594759
16624.3059596318 12230.8826983216 16877.2120804695 11581.3860251579 10094.0341800749 16991.3337822502 10280.4343017647 8793.28614932389 11396.6125235578
1122.9426220284 640.455428233695 1248.67488413549 782.308528168173 714.574208489912 1358.94793979583 642.367880453189 328.073053366181 734.322446288064
16965.2600639296 12807.2077584071 10985.9217357522 24990.8534319348 18219.7168978228 19944.0299667811 10943.2640973554 13918.3898399232 9693.21783677646
4028.44558492989 1783.37265095936 3079.61192126741 2891.19488837657 3396.31938760313 3035.76127734293 726.587554214873 1480.45409281303 3698.88314066416
1628.08447479591 1382.82634769404 1830.47412720147 1283.95442973224 971.547472542967 1381.54883839269 1060.15102452126 1066.46391904429 1317.93583045605
1153.97640731406 1350.78783581091 1137.13408582652 699.73389908752 809.97741102204 574.093273841627 1188.79221706738 1032.68445290156 1486.69988436405
1838.63219795513 2236.50147505832 1840.22342441733 1008.84703354567 1099.03268964499 836.524437080126 1566.49779349636 1782.51513433511 2131.12205704841
6041.9551405117 10021.2576292649 8140.59832981159 9673.26726600291 6844.63123426918 12803.0129821532 6111.60535285827 38977.6040398262 4830.91894818402
4750.93059369544 4023.99514394978 4787.4759755096 6136.67412002786 4916.18690141861 4762.6318760221 4059.23982632286 3767.86727344478 3578.37317037325
230.408482864343 223.949725380807 195.984492900489 210.870029091391 271.073058671777 208.001015999217 153.099696026854 235.08559576231 158.733987378588
1941.67891930326 1356.35845047701 1809.30544939738 2350.77307592813 1942.92498719361 1855.22874520003 1462.74493992299 1563.26260879076 1397.40445660443
4725.91099708541 5238.7073539127 4814.82435485794 6281.0965658226 4381.69424335097 7962.2561448881 6975.10424462028 5349.43096501204 3561.00879778073
6818.51141000311 8889.35498314952 9358.40894218778 5754.62237708197 9192.32040599168 14617.0447287082 12209.5425322858 6137.89078805937 3116.42297545149
543.447948946806 516.231075073057 535.864726167891 723.770508530814 692.939517798789 537.489015328885 359.070068098381 593.38064953505 602.283141346833
15649.1859627238 18930.6961092557 15359.9659108491 29943.731061742 13436.2186797248 19075.5853214776 12206.8789665886 101599.113861191 12459.6776682908
35277.1811980123 22966.6395792734 21906.3994686403 36516.0754959327 34931.8517998606 38010.0648384698 21166.9380728593 18007.7344397196 28545.4160878163
1978.24901527852 1787.85295441706 1710.36276275731 2247.13103944956 1932.69028208014 2420.92853924803 2128.72582198782 1724.90851557234 1371.55144104219
1170.04380789769 1170.2999655156 1051.27399084872 1306.25726629723 1141.40639497561 1530.65796736645 1208.16125763197 1108.17048759159 790.843720051211
302.67905278948 409.743675048654 366.410230325821 409.287126108542 280.724897383142 383.167594206784 297.666864721361 335.990418333802 344.742066414586
4525.23632592491 3083.92739284904 5162.10175471991 7283.9811701605 5704.12335284097 3747.7727919202 1900.52898805057 4917.14502652537 3336.62167811035
23022.8136886692 10760.694841932 15825.8095531686 17974.9183578201 20758.9763447945 21648.7915911299 8667.10604979369 10970.2749874516 18433.3398210553
2080.92577829398 2951.19417613998 3218.38633034824 1420.9291732406 2921.45619724518 4510.30408950035 3323.30225488371 1863.74680464192 710.315963922128
6870.45839837105 4911.65080252293 6064.52905904837 7065.5247023278 6693.64953226705 1765.42846162206 6079.76441284291 4372.99287545152 2580.87967767906
1965.17914638329 1639.29816650628 2011.0537601006 2756.40117224913 2137.64211148064 2025.88768845598 1980.69909444383 1494.41508010116 1576.59129064462
4911.96500631242 4410.50231702501 4102.92347845972 5709.51535401266 5292.74114189333 6460.18252085976 5334.15595058257 4417.85049314282 3867.94685744687
234.622673167216 222.429152315155 219.665528125175 262.305247505341 246.41439562638 238.330005178488 212.146080682295 232.538164523067 212.311335558658
2913.62647146265 3192.509087214 2525.6768389522 3877.33611003381 3238.19404381419 3023.71613341709 2950.25220242689 2793.40408877193 2748.05376304226
530.322811125296 21875.2193749224 369.397364917732 6270.13489895398 1365.27031706623 5170.74590089149 6464.11625694747 670.789002802825 310.478797447901
0 194.820727794204 2149.64506738082 2292.93337269089 2898.23119780835 0 1709.35116516818 3043.86346827642 0
8912.32751963965 9120.09136330813 6237.48638575572 9750.50432784825 6040.88573947497 6928.02420708691 5093.55243769579 4530.22584637127 6519.61076977249
22628.7414645891 16834.529070657 16931.9286642491 22264.2210864591 20355.7504817786 20771.4281934766 17270.4838345431 12367.277778162 19415.240185858
14366.1697910041 15279.3315556677 10455.0466860287 35797.467414705 18684.480031252 21104.3308380459 12166.1013008474 14165.2791491641 21207.7993707861
616.500471324953 625.211693628968 356.81581507952 889.474427025697 777.469971090025 864.175996830752 472.378421956466 476.373284266074 511.189134851518
477.03684238759 413.766757335201 375.450008512882 569.488587874049 526.617370048666 493.91522332775 454.885415524866 469.124085417829 373.387049440189
3215.31419658253 5137.63668379652 2344.48187186093 4437.8673360067 8665.9524606898 4033.88291340565 2636.31190810337 6446.65171207269 145200.190817204
979.763500046238 791.98118706447 846.515029265611 1163.11822743036 963.77965868601 1230.72468738092 692.442176126078 655.793214833849 684.755090083581
0 0 0 0 227.564468393963 157.645053610451 0 0 0
1470.03851950015 304.301325851778 728.451267889254 1312.65185514284 1504.60841816408 1290.03662613968 508.740358182003 858.03504636867 1067.88879088921
9938.1345866398 0 10496.6388331504 0 9203.85542191028 8507.59526808975 3039.07120736199 6845.36901909446 4959.67140578199
3514.20272330246 3768.29664008848 4064.10567012872 3199.89353997634 2233.91761650294 2929.44671368777 1682.20478146765 3468.29154994646 2872.2141725059
9508.11495191311 351389.963356558 7338.88493887936 9162.0912806632 7864.53954654633 7879.39796692856 4271.57552798916 3409.13853952364 30242.380538077
12363.089720166 14144.9194367539 15230.974063652 12970.037597756 7939.74088563827 8207.27693004378 3787.45953696082 14538.4431152545 10922.4079282505
29137.4505745284 15145.5576788823 31288.5918683383 16524.4138612199 12271.7419655203 28284.5553704243 15435.2249668626 6245.63912473165 19600.1731913387
8118.49117513259 1579.9114339198 3629.51933257145 6823.40463007813 7293.15785129874 7281.98983989442 2973.59342801067 4146.95812810858 5326.13602605942
37430.4803844597 13263.0948079936 1138277.30533552 28938.3516746562 31877.7606647669 25423.5360458361 4431.73530254257 11833.3711403719 50494.6860612642
5304.41984832573 6310.08109951465 6621.12737440555 5250.8758636571 3426.36720889587 3675.36175719254 2266.66967004592 6272.61322150621 4765.0323925529
78570.306035192 45751.4092593075 66213.8615085423 79636.8629077325 80423.0386311294 106532.821636398 48268.5635578947 50482.5296198863 55305.2096455215
519494.047125827 87865.7963659585 52932.9688685398 35553.575293271 30951.6514443347 51042.16589548 26883.186350557 36712.7645405273 223954.593385674
1785.49632562252 904.083169125848 1406.01700968302 2145.62253454535 1863.07702137123 1686.42963615047 1029.76286251917 1436.66068952412 1302.01320313233
8159.71487156732 5425.03816105586 8366.81726720593 5960.36413073268 4970.36143743748 7002.90831040018 3460.72217021046 5060.3767256761 6334.27848887925
8920.77317832811 7165.46326357865 7981.00774236779 9287.11278402201 9966.064387429 13630.3700431541 6108.78545339858 6439.66975799636 4652.00205242568
1683.29812349586 2736.35420541391 2096.25754160774 47072.7087721991 3431.85205126167 1459.41982421058 6699.2814107897 2026.4748973528 32561.3027383071
0 5664.36214767481 629.476119131903 2426.4901455014 0 0 1202.0567835571 5094.68205991693 3921.21518935469
7242.95926492486 5587.66947441488 2256.0582432151 7006.7836496765 7698.037353136 8335.64014302425 5213.27104228706 2761.17238450941 6563.83033420684
7829.64574164026 7399.85357422069 8099.63147101571 8287.31628653491 6548.93343014543 7619.48052067663 5414.13075616056 6794.98301643673 7277.7851433135
487.739983779719 1377.93069962277 149.452554200327 105.059559444899 929.913683341633 929.636600485144 0 750.392858373236 169.196288288197
47895.1964173556 31626.2901769728 43889.0815263979 39616.3904147679 34743.4352995001 48924.1060094244 23951.1668758276 119646.911700432 36431.716978283
3283.97100394248 4789.95291783641 5139.83792620049 4216.83297386873 3217.16804229933 4610.04767856252 3468.17717096483 5219.78836131286 4763.59873097208
4556.97049763963 5958.95320382401 5825.22541310836 3638.07185257304 4501.57354599773 4973.68338116578 3728.50151778559 5580.46987216614 3253.41608742399
22642.3234818564 10546.5096659662 7460.76551585245 6850.38566608592 37210.5638659257 12033.2628271331 16245.5239682692 22624.9620249889 7027.42785873196
14910.8102846394 17742.8390641205 5342.79828687661 18361.8765015805 10302.0883929761 12406.8631228202 11429.4907058185 3451.20408568824 9341.58376974387
15574.7652516083 17981.0487725829 5081.53756457848 19053.9174621454 10272.9017487238 12363.6086747388 11423.0988756363 2686.22157832942 10006.8810224135
10222.8216022661 12920.1565699379 5119.90491705748 11400.4966781547 7646.55203559166 9987.38519695743 8686.67943633418 2385.03530854368 5942.7825037559
2876.06360819531 0 0 12.0487054318846 0 1467.43523546027 2720.88663328479 1977.04578787942 2484.70246368936
8360.46643849575 9600.19309189305 2539.67621086898 10021.1887286312 5267.23859171562 6182.46841153741 5432.07871403372 963.159078713917 5387.11632744273
45717.916131348 45293.2518065506 34884.4082517724 48748.0192491104 42385.8920154424 52500.63600303 34691.3511659017 47232.4376786661 30519.8103230658
4226.94307748737 5508.62860864127 3567.99489213488 4941.00187139729 2625.88447961194 3086.24799823731 2247.51790774802 3399.2668785889 3350.98128949271
2601.26819907976 2819.96840078744 3012.22049404623 3301.98322487883 2918.5053314614 4629.62260078516 4785.84997404726 2811.02213825826 1620.48905956345
4701.83299339328 5019.6467352974 4255.21744973299 4664.12023742085 4605.80192396646 6116.96226014348 3967.77429830653 3546.2611640628 4806.15740389
10288.8483601522 12735.6592324902 36398.7094596705 41630.3208164059 0 31456.1551708215 16077.8720713519 13874.1673646527 26064.9518805527
25959.3203649622 26321.0615005327 21110.7049766793 22515.9993701546 27943.5171202153 25973.3469846864 16610.0343816612 27988.0705488908 15721.8798780235
6305.94206761577 4713.12127293491 3726.45231526378 6096.91833701485 5632.37758083866 6525.95980030492 4138.598277525 5372.58204455843 3976.82983776798
10522.6074705797 13236.9364713712 12152.1571140283 15439.6236166767 12780.8576863646 16638.7119278403 9517.6012116267 11370.9357335417 9567.95286368405
1722.83535337079 3137.48748686941 2910.00761720077 2755.54142500681 0 0 1320.00188205875 2045.89506153608 2984.97177677626
71828.2578823007 47798.9758039579 32224.3558533222 42205.0983854724 38774.1080985977 66047.7540392097 38473.3234300968 34718.5822703244 21899.7652534775
26995.4874770653 22913.5893846905 23602.0619390232 17793.4033004294 23232.1516884187 28258.9291866072 109777.004773429 21122.1426417269 17455.4278500166
56421.5598235184 48084.7013328971 42728.6643658633 55290.3399644392 46304.1179251098 59880.1250673684 42075.206546249 49509.1994521546 40891.4525674796
22829.8359906297 19723.0668005221 15942.7140393858 19665.28443733 19516.6107388755 23258.7022506843 14790.3607523584 21201.96307358 13050.2131450075
10360.7326253526 10017.1023754738 7392.10463932575 9032.30932154565 7860.76476956142 10993.6767860167 7182.32608777434 9958.97485363441 5996.65928783027
0 20345.9693115362 21240.3425365036 22419.6479267444 16601.6132987897 18427.5876654915 15111.4898693918 24931.1485711572 17826.9935290779
22309.0151664259 13194.8160038976 19031.2266267329 34183.1453406657 13510.3801368804 19831.3517603218 10621.9199278492 7493.64857225351 43240.9006505003
2465.11567707374 2512.9918286506 1691.77102067297 2201.18134547595 2050.26541736012 2891.16485043195 2233.67260315735 2334.99710849763 1539.89901616787
8928.42813583436 8059.68778212861 6808.94982748817 9341.28760842447 8937.25790133953 9096.50881434663 6050.3304310714 8544.13155604974 6314.17985985464
10349.2249947596 6554.81593148197 6262.95555040932 7687.80464655394 0 10690.6051244489 5795.20293727923 0 5440.50283857154
5071.04667982846 5081.83769876307 0 3895.050674783 2546.14238702613 0 0 3246.96748576816 4358.10428370298
27984.2347449157 30097.8888653758 23963.1176130024 27723.8151144463 27871.5106165174 40270.681540165 31091.8011054117 26059.1224963086 20064.8257046978
12347.4592861645 11213.9781359575 10581.1478833039 15134.1435334835 13597.5992813026 14067.0509637492 6770.03883656799 13021.0921776898 8973.99755992515
4040.80118846081 3815.19115110081 0 4921.8614755798 0 4718.13344819651 618.057227095127 3934.83142906751 3805.87680375388
691.806470028914 686.327256670003 661.658265923896 1141.61478784237 612.977066989909 1306.30101625289 1616.96396981243 978.384882008578 516.339615211112
11616.0475079268 13376.6445174082 13168.2536402028 10945.6086967663 15123.7009176936 20166.3590669033 18059.7747945694 12835.322453466 5632.5510784081
6235.84130269119 7269.95412103303 7173.17561430114 6638.78637959872 7776.39551590945 11029.2677399684 9597.47784096903 6877.76887984412 3510.72598171749
9469.38035360141 4828.2522971339 8149.3086087441 6725.66696297403 7298.37257619143 8135.6334523795 3277.0650053104 3545.46492223302 7795.56464380732
7311.74162116271 1826.07429614119 8961.13539204172 0 7904.43379243003 0 0 4939.36003849893 9622.56573443187
11295.5992995718 4753.22792849712 6300.29151098811 6086.45056107993 5691.93311050841 7849.06433185617 3442.05727646394 9169.59344102643 4561.36100952106
3641.90132209402 1069.66256760905 1536.47507214923 1449.01567913458 1340.28194858571 1813.45184164482 584.470731024626 2753.71417497505 1139.86998469945
7416.15278187936 8702.60606227474 8627.76062366011 8302.4057340633 7772.89010159091 9587.76501030871 5633.16958005737 8789.2448327045 7313.749470931
405.175646697712 0 900.897841787085 4281.82754228034 3639.63772622511 3813.51034775706 2504.30380340335 2225.98787174367 853.668001706892
477.325832650947 258.679314777012 296.633038670577 472.856602465114 436.751119376904 580.105174982118 292.395948367693 288.829764191296 280.187185907651
6370.28217744448 1590.57081149354 29394.8287363253 977.167877080599 1043.96212701521 49943.5884175052 4904.25305611025 489.650199586512 4685.5964871931
256.745967949115 420.488827209265 394.673545591337 432.407230255531 257.789351929988 429.31402785647 252.575324703796 356.3422970392 294.809535983786
601.572571950685 518.779261357491 527.402769471833 587.235629401288 616.044519914312 776.613329041859 434.968759210847 394.982704427231 372.740165670584
1921.96630030894 20445.423803235 3372.52307537339 5354.9383468561 3875.30704535562 3473.07961299202 2187.69412589051 25272.4063988061 1355.2280562251
15211.1380870295 3530.40278845538 3583.05936184402 5636.49824357191 4060.68311257491 44111.757979936 3698.62788899575 13702.5534938568 2305.21105247947
406.78338140381 452.193038959024 435.731497561886 531.287988075333 490.332700375806 472.718208523412 328.021407656624 485.495705607128 467.015137017616
4651.48120436499 6197.7746759281 4773.96528333797 0 3086.99192407158 0 3848.56308912495 5071.61806972128 5364.66011626914
9283.52422227353 7013.54140933704 10987.9997032785 16379.395802681 10563.5433213692 10301.0605868026 4643.77532664639 9621.68196065282 6621.97661626623
7551.82584242628 7951.76047171476 5810.75192070645 8596.33102082721 7448.89287122398 8728.18771994633 7865.86740650227 7590.84142882629 5124.21870547981
8404.42208555414 8682.84686930365 6856.59507973359 10595.7519432511 7490.0104546688 0 7580.23590057038 6775.27871997627 6433.31342614605
5515.83400097884 2602.55243215011 3319.75453117219 3345.20741780742 0 4399.76276130102 0 3040.88109938774 0
31036.0370100509 22855.5801448215 12218.3185350704 31059.5984246848 33049.7222951489 33978.0587119532 24525.3287749048 11863.5444141363 28092.9188715213
83.2317147999558 99.0207963074353 89.0446777088498 86.519761953709 92.3185174958218 102.604095105024 80.6672314057184 88.9140796220537 81.8113025709214
7837.06803725437 11040.5499135093 6491.37599405155 8784.93895718064 4357.9780789245 5270.23501434063 4404.78322893102 6433.46894690286 6108.04842876173
12209.0109500036 9151.53037655753 9335.27797481051 11316.0309910322 10524.3540165612 12903.5155009432 7163.8558482071 9425.23926982974 8170.14691087197
11089.2781465922 14344.4325843657 9721.91406889264 13102.4955579541 8307.71759129789 8585.17670440876 7304.74106903498 10437.1267462753 9629.56550212892
16106.7959318 17769.661372739 11810.0994579061 19978.1443051935 14598.4158455808 13350.0292640875 12828.5482784727 12674.256609735 13848.261035264
12232.1680037667 6215.36554945378 10133.4036245051 7417.4627766173 446570.970353919 203431.729443136 18514.3258675925 7322.77745837867 9716.63774459503
2485.16373580192 1373.33204259698 2249.54770744806 3210.88862557683 2771.9936930949 2114.28252942573 2397.49492461177 1755.72623586082 1858.87014856666
1566.49506025507 1348.53585950601 1606.19796811556 2323.55610333565 1698.85000134458 1488.95099454015 1042.00759173233 1575.50114335183 1308.42857837042
933.418079523036 1172.81592522161 1260.17884204121 1118.08307832521 944.918533496222 1288.96898074792 788.71317630411 1139.02814804456 929.035215550279
31603.2431863641 17321.4933873424 34382.2280447515 47594.7772190841 37974.5554662444 24342.9591727305 38148.7570011552 22244.733253941 23622.2305935965
1391.71076387933 1402.25539181724 1334.18777836298 1595.35653289311 1304.85501705463 2241.24763100929 2077.53961809734 1439.69429320597 876.072290933809
1139.51291391141 1302.66964789145 633.866058359212 2011.09892918997 1607.2924220156 1690.79192861468 966.337026774253 992.369136657319 839.727832042168
671.983297690281 602.650357550183 713.590796948139 1045.48584384316 926.161827437039 685.55753146168 429.095517934305 733.418947567325 663.695457293644
3364.43276244925 0 2713.10172169468 2884.9684731487 2341.02928140208 1521.89484598681 0 0 0
217.449673191056 266.912488198556 266.657398713551 238.231443548509 169.239990384021 184.797723369154 133.338319983921 262.710531336848 182.558870228618
1050.05728119934 630.965281406271 829.876933680311 1414.3128707818 1068.35380245732 963.37362418186 494.953529649003 821.465805581225 777.791205345757
0 672.8520614728 1271.19434618765 0 2189.60507641732 3361.51716819899 0 1579.10981761114 700.37292285913
5533.34977650865 7263.90300393577 3745.20472471224 11388.3365034986 8763.67834064099 9737.84926328665 5898.85484488442 6453.63338816379 4107.75908287047
23511.1084310705 24366.5751996049 30332.826423498 47516.3353668019 23971.4567128439 32506.4706635888 17998.9410063818 59377.7215380959 29833.1288741417
6436.2971060443 4835.40395992443 3845.54161832098 7638.4459260625 7171.41752120202 6426.24725225741 3980.79951736902 6219.11135052178 4566.73350678998
7689.17843075351 4297.08988951864 7872.78075116852 11067.4424234366 9057.65716705238 6310.13875902001 8348.47582632247 5742.26897321099 5704.66914305866
9507.29607043412 11122.9898640022 14466.5871317423 11165.2052376574 10186.8184197066 18239.6812820223 7120.6105955574 11161.2727585579 6772.02791833057
0 18090.2105266493 23794.3865987727 23295.3952863732 21815.6541436829 36456.1256206938 16091.9710801892 5876.01433236684 28615.3919538351
11284.6985311375 5014.43004949717 11035.7122416875 6564.50853555998 6356.68657697843 10259.8366141101 4498.84893216715 2661.90919488165 8582.91703878481
7030.83940561262 8283.95099989744 3387.99300234963 0 0 8039.98444678508 2965.40044833339 8481.97292509979 0
7783.46990990296 1754.13214946391 4084.0052688779 8400.68146436973 8333.77413608671 6865.22179669596 3419.8966117327 5697.11987386349 5228.13058689756
18007.7880744414 4359.95288283553 15350.7631781463 11821.1817337345 36830.8955390113 3777.54319754143 1170.31186880784 3717.26878031256 3146.86393871336
35082.6534331746 18959.19642908 37971.5210237565 20604.9583423819 15215.0091174177 35023.0241630208 19759.5875767075 8310.35291301623 23460.3263644856
3174.86220436283 4481.41225345519 2449.53769224575 7934.82381026071 6113.58056814165 7243.07157152678 3604.06473216439 4394.45904049904 2061.11987976287
0 8557.1462093027 0 19431.3590162328 0 9872.37508755185 4236.83530060733 7754.27346851115 1206.70238655277
2597.21868046368 2828.35884772363 1519.57444681558 3019.00462090982 2809.49683668093 3157.51770500391 3349.79867846884 2952.77379392318 1425.28398428092
2949.43120902921 2329.56124222992 2321.6173888856 2982.16147932797 2789.11303600141 3069.74576277604 2001.25492204191 2778.01326937893 2760.40638134648
578.919008866879 703.454104817266 604.579829346242 601.517518632339 456.421262223797 779.185776942321 503.405665547333 585.249103368748 615.056430984508
8003.79938114294 4348.23047919418 8936.80822264311 20465.2363793104 27795.6933658518 5831.83660955689 3536.99555518565 7226.47896670286 23878.9841545043
12154.9473716579 56328.2050899001 87621.5327251684 44110.3040393676 7053.64916388576 9726.09269319472 5502.68925776371 5016.23228614713 7793.92044734282
370.681293783196 349.042205896422 217.173851060034 398.801862417643 385.75648221266 413.052581150492 310.466282988551 210.806880327466 349.853221189536
1780.16964415374 1521.39469999928 1004.03579415097 2068.72745295312 1996.2002768121 2093.22126182127 1463.39567661897 997.904669768884 1524.1401972065
3562.25521008219 2541.04584506072 3268.11109491848 5315.66663309588 3685.0201551622 2876.54100796061 1589.05405585457 2825.04741197253 2788.40067097386
3555.53352512219 4008.15842295047 3507.6772531118 4978.43815397148 3616.31787284418 5141.70963522308 2795.75425032655 3534.50722663527 2421.2325525782
379.249854474436 384.837315573543 335.207553024283 296.414187368744 515.377889904705 332.327679211309 185.503915352658 433.349177693434 204.292567420201
40624.2028072054 4997.80774285091 1391.87012080625 2049.31567238129 84429.203494139 1607.44227915065 214818.515352871 3111.47420684448 1217.19959228681
12342.6561831018 12838.4831296742 9388.55478425515 13021.3231226385 11491.6330389178 13842.1170343204 9584.4397398104 12331.6316136857 7993.34962402624
1936.22449028921 1947.26015518334 1196.10270433657 2292.383068039 1507.48089247487 1691.64329955974 1156.87171203291 986.815006929522 1343.94895997762
3159.97746827276 1788.35015544799 2974.49300325225 2276.87315287721 2193.60835872717 2822.07599773356 1043.50238437854 1289.37981150681 2708.1418366812
11759.4247280393 12048.7743263494 9111.61961894445 868467.83029818 11058.5340407671 16017.105311245 15079.1268153506 34384.5058252018 16706.9772388759
3645.93965218962 3231.7006617647 2965.14125576765 69342.2871377851 21266.8802674124 3952.89434325977 19725.1494487477 84287.7146089718 2882.63745098082
846.869565357169 1137.18457395139 887.641149535307 1113.92578832909 548.899141566518 1169.58781089061 549.427605750635 795.786724995684 735.016924162642
13327.2119102045 10263.6244063277 9391.52206392769 9664.6952120651 9713.57665929545 11721.653095153 9123.20036726916 12079.8099625226 10745.3745707287
8191.67122457716 7821.31209972966 6893.76064624118 6954.97760264596 9870.14355058103 8503.31385932208 7125.98388627408 8324.3385432143 5007.67581503156
22752.635204148 23501.1028964853 23827.7629918486 13714.1649059708 14545.0318301254 21125.2117180673 9520.91452408228 6757.01279467408 21690.9770099283
562.620014328618 609.626137750021 575.694514661197 732.226598713724 611.390953181153 629.027926715289 416.419500090387 545.879618229419 561.821601479406
13869.4741327589 11299.4530071089 8522.74553025825 16574.5372258683 12211.3279634796 12782.3537570717 8321.69566492401 8833.3522175412 9701.48822377338
5872.10268897947 3170.35551355047 6174.14245044875 8691.19688937537 6828.22848905986 4826.24238026612 6291.16024140928 4338.38765336906 4280.0768462515
22139.3482757973 16887.854302087 10605.5211392779 17621.4565109166 19555.0179694302 22811.7539781266 16045.190314984 8097.87744823946 20207.5833778305
10039.4302483932 8178.4536929478 5943.82160798173 12173.3489438627 10682.4162442402 11301.5758946946 7765.14857691003 5850.05789433282 8098.35931509039
0 5054.35845329053 1175.26307153714 7128.52094661198 7562.18038351146 7728.58245317302 4025.01425616974 2992.80205243348 423.467343021935
1213.47438327616 856.780507757794 729.592131516395 833.721194931262 958.298707449721 1249.09570721203 721.45580911373 842.486161491689 537.633626826576
1330.09328167291 1618.26521761897 1294.81014017617 1491.96450657495 994.612277971394 1727.5375242088 891.011157002814 1197.44848233625 914.225593257143
4007.57943322488 1099.03890031705 596.382530869942 1237.15622199438 90029.7493099818 3248.78989672657 1115.83582132262 897.194978495042 892.634648844166
6591.41207229699 5670.36644308964 4844.36100131508 5957.27692985668 6312.88820641658 8042.637552358 5205.48844295014 5588.90191872405 3177.99254160901
2925.47222794103 1312.9015409457 2099.48525933572 1756.12390052089 2597.03777537059 2324.68038669094 695.268391183884 1221.12300332822 2408.16199732244
28631.9925003193 34240.4973711083 27419.0597641068 32779.5836835698 27929.4701343897 41821.2457615201 31629.4930185633 31513.4083745194 17880.3587358039
583.332721369994 520.915325932047 4387.55825786938 2208.41287114351 805.780903299386 896.249974501352 155528.997913161 3190.27219752043 18627.4410534972
1556.92224697644 1338.28413057369 1637.03528007618 2132.32943774051 1716.90373533016 1479.9505898894 1702.36149063238 1321.18524813152 1160.17027761594
786.477868031513 815.369486499168 0 0 907.930583053536 404.008455793606 0 0 1153.53891856026
735.308641974869 697.38946405812 457.137892031115 1126.33344329158 1034.6040194418 1020.51736421877 610.079969493418 708.976767251933 493.691468305095
18353.4879789428 22775.3562644833 16744.9910469117 22656.5885430871 20493.0476130995 28856.5948918084 19296.9575660535 18262.2159714208 13049.076352804
2703.29360840005 3153.71477124423 3586.40860955236 3795.62591745634 3404.93298214157 5211.0199636264 2492.39589144465 2765.73071149736 1951.07153887797
882.767811939532 795.101416123242 704.629868844599 624.643283969798 643.42779685666 834.771354194893 563.790155291054 680.807190538565 510.127486817129
238615.074254379 128172.89545165 8229.96903622922 36527.0992358239 10276.2317290057 12213.2007071417 9815.0626111512 11425.7788250845 10370.9608016396
1646.32479247955 1900.06519222016 1059.26101514239 2238.62234154853 1210.19787586588 1758.50196414829 1838.12296108104 1101.52748375446 1118.67515244212
10282.4146502872 24627.7666705163 9368.50796288631 10485.9133746421 20144.5100753519 13154.2444417723 9197.78060784559 10227.7500199555 14191.7840896484
8121.32984738048 13088.2507573387 2972.08179837984 30061.092625192 22048.673478152 25412.2077818314 10466.6171719636 13391.1651470576 2694.45237357355
24757.105477313 29791.3153914338 22123.8162814083 12596.7859786497 16733.4926937592 10425.3801590826 28655.4200917606 20954.6035544141 33382.5243209461
3456.63477259737 4172.2739798515 4282.65363419916 3463.64958830496 4465.32371408275 6749.06570817812 6270.97895567816 3840.28725542936 1696.2357937523
2075.2945732059 2616.68976526021 1909.70504025972 2191.65814861874 1735.75763640117 1873.32266878064 1650.03325198344 1902.46237534739 1979.60577567352
2535.213978618 2804.82650549681 1097.11130446166 5353.50464507985 4283.76442308033 4995.07000215039 2376.72166082687 2302.78812529067 1565.09247568401
612.071354580906 709.555982216383 574.911669121989 705.552263929178 490.155493662157 833.834247210758 504.628656319747 575.811875716079 412.957901903948
4362.99944797173 5654.30087794313 12532.4176308564 6917.34564721472 3292.15345780549 5754.46803928952 3982.72510873787 4461.96009746207 3334.39447169067
6787.07430537526 5858.20938830991 5477.52277769945 6790.90571317857 4728.2568098235 5545.47472400548 3974.49877475294 3455.04098214186 5118.56862625331
15720.3296254648 14835.7657060902 7247.62419835303 13012.1269122949 16116.4728757476 14020.8980902577 14172.164331343 11696.1652292814 13122.8063616184
2741.22017582539 2098.09814865002 2131.29691338757 3308.43537930657 3135.92450667981 2718.1990571211 1470.15090009661 2535.2380840255 2282.01698852295
21663.5924606573 24317.2460051244 12318.454450772 38152.0453110965 31392.3661137155 31642.5099534358 21517.8768623199 35195.6205801974 241907.850425382
2823.80234861639 3310.15784804289 1916.10330648608 5378.92208251251 4379.76444132958 4711.53661584031 3022.37213117416 3085.48429138227 2005.65881926052
12586.4427695003 10790.2657562399 8987.09586822523 13915.2467862451 9961.21031045812 9664.04939541481 5573.37463940126 6374.14830052477 9970.92491687772
232.20671750033 268.099784316823 253.247598541803 253.996613906871 292.466717905279 354.781738530023 281.615512317744 262.773034776578 171.115065999962
1597.71276872282 1848.88524563542 1689.73530850908 1593.22972083834 1105.50723000002 1350.05620438312 921.30084254501 1676.25545906493 1235.88668562062
2672.83030457391 2197.88552279486 2137.70222021034 2930.20584428436 2753.88416194775 2697.56869421409 1659.85011628478 2181.84394055271 2114.96228790139
2232.60952404381 2329.08535759273 1921.70871073451 2101.06561645464 1401.17925775137 1516.91759645456 1482.01508554006 1395.55529439989 1897.60844849445
1125.89983144344 1210.10557171141 889.302089201852 1260.12281426546 1164.7543768996 1239.21739258742 1016.1440863594 1196.98300754541 744.261814173792
1971.049589785 2288.74186567577 1723.25438900343 2400.14311388606 1664.06156748759 2378.6061718414 1505.15919322179 1660.32516175047 1528.76415541508
85.3797303354624 105.460173563607 87.247368464807 104.562939328045 77.0489385178392 108.452635690272 68.0255613585529 81.4968966480157 86.3211169404138
3126.98939678462 2332.11034884253 2800.82260623609 4007.96909921409 3297.30321344239 3208.4896746948 2786.22381254157 2745.98531071791 2254.94955711663
679.87304231559 667.802636837944 738.572311894162 569.761923198267 409.324739536909 602.308161144503 343.026096850601 566.255211426149 551.099886813216
240.203138253784 0 0 0 0 0 136.223577724063 44.60047918222 0
3473.14957963602 3837.05853871088 3291.32252814586 2947.07922149221 4676.59108393739 3995.27622953646 2638.78647633869 3642.06141252521 1746.78583230686
14379.1823706365 96554.342310309 62726.7784101687 59567.6505346198 20561.0609319101 39210.5822549446 17407.207883716 22730.5105226475 18817.7369391927
691.979103779861 1136.51039222323 0 378.447666622606 0 1091.69702211707 0 0 404.451904176691
97.1620869183744 132.046296303385 131.605825981117 164.063721404981 124.123380945412 121.57356788084 100.75740114062 116.948099837978 105.377782876014
11255.2337353352 9890.28444880358 10496.1658500497 12279.4493543429 12102.2299981598 11445.8053157924 6797.4647177227 11864.551667188 13027.8790747631
7982.68930370912 15495.2830020578 7180.21406334145 11635.9007660051 8475.84166641274 10942.4609283095 7792.9486902806 6852.74514314995 4756.83848918411
18282.4173381387 14818.990706476 12795.8069320628 13606.828198212 15545.9809371117 19031.9532291596 11219.2250927508 11071.7113782629 12654.4818931021
1342.57120805827 1029.38918936566 740.908080434915 1441.37979152156 1384.82523395637 1447.69490846044 909.410638292305 1078.19740794661 932.695552289221
1457.87508484698 4146.1612134761 677.03839677185 2067.05394289985 833.196658585735 2577.21585134525 1077.81036126882 2082.25283578072 1027.82414659066
17990.254898957 16382.046338559 12834.4864567 18523.2534043467 17942.5450714146 20490.7306841497 14604.8890361796 12532.5747698199 15692.7298381036
6441.02640101749 5274.83375771551 2760.06840342091 7343.60586461558 7486.96132983522 8220.46372070883 4860.03211249597 3317.13293324141 5301.34035106746
1549.75497049677 1684.3913810977 1332.70470921856 1585.64210935759 3682.55983099839 2059.45890002663 1225.43944999913 1430.30371929178 1082.87958509343
1499.07732522507 1529.64385813075 1212.71735088278 1840.46601639027 1190.96468513396 1164.9925004286 1096.74721370871 1038.47368210028 1096.89391945843
25597.1404771121 28123.2061433396 23039.7587743279 18315.8356100314 41074.5745093654 26197.7280033006 54678.7976623566 32110.1476742437 9803.49641792928
210.726627661713 226.792800545245 28820.0473174291 65887.2574171797 6381.79355344577 367.9409769397 17652.6567855122 12282065.7994637 2167.66840100492
19504.7341523522 27219.9536597474 33175.3868555326 23204.6661711523 22906.4351110552 39389.7456164856 19100.151686965 25884.1019915069 19393.2194853658
35870.7283534403 22109.5563595519 29862.0735618868 41096.1832306753 34455.2062887506 58411.7452147463 21676.0514516897 24512.142042992 20801.6196689278
13976.2532609201 16651.3185046516 20060.25243066 15472.3522456595 11653.9787215215 20223.5983014345 10172.5270238771 19380.6843578231 14454.0573071766
14174.1370379934 17166.4337131215 17874.4733663895 8555.67722904865 8897.43056883311 12043.8278866695 12532.2452497293 20783.4354404155 19704.3758987283
5152.53891246051 6765.95799567667 6299.92169673344 7357.2643788826 5440.61599280669 9028.15620848557 4181.3807453924 5992.31996348554 3475.68709229415
2781.23895236994 3449.75446727108 1858.58304508735 4897.39513066069 4137.36371356869 4530.96116087716 3279.2340253876 3158.72346311706 1950.76232294054
28712.5370305136 25900.3241425102 23294.7795213285 28380.6493234461 22188.4436712831 20405.0548916349 9413.49752701432 17413.9728134085 0
13250.3774775454 6813.38865382435 12517.9598768268 18129.9497956037 15300.8001147522 10498.8570493989 13811.1599537769 8930.6893423967 9828.15553065771
3004.89826367235 1379.70080034094 2935.48483107316 1769.3801624981 1692.76805835328 2653.95010182908 1137.31819284455 781.037268523286 2321.75101382233
7532.71726450731 8070.72578460321 7262.0982502736 8592.98161345888 7670.31200234616 9598.39644942282 10554.6299752145 6357.19878257177 5850.84221622532
165.713420460578 148.612180014211 161.615266454284 204.438037850019 191.160824720469 190.774112987654 98.1648085038409 151.457720993337 144.866826887706
558.958897952527 513.055601656264 369.373586352209 503.07299034367 660.56181977302 503.465754801449 359.854670198107 551.231071961537 355.165318879525
1146.94393755226 1171.73535158297 222.156770488974 0 0 1091.30234670363 358.06762413604 0 631.82289826208
6465.48230492942 5915.0752483356 4892.68581724129 7748.64280286914 6163.65796814399 4905.89137154608 4829.37646525678 4760.13402073003 6115.44705747576
10171.0201000463 8988.61937795019 10168.7180173905 8081.42260757919 11716.9225333255 13353.0369171811 10397.1063935228 9089.99250693699 5874.46574694382
20585.5706004412 18021.9332085659 16625.8042090044 18793.2804014015 14459.8314921109 16868.6658726634 9526.37107257114 10111.1335999404 16130.7339370479
0 0 0 679.701495876499 513.796773071484 470.102897336054 118.974112502388 72.456879118497 431.780817171115
3165.69304712626 6183.99256010719 2416.56796285764 2748.80219883849 1816.14163133305 1581.87833653194 4711.83004318712 3697.89975057601 66990.2816332378
759.270864231818 487.721382891871 909.926968556115 1207.63652088381 909.798025058928 566.674494461834 987.983880640743 558.56427182664 585.649099380921
30222.747486156 17008.3118721784 25916.7133750439 39209.7622327842 29105.2938924328 17709.4536348142 28844.649366983 17833.1224302345 17938.4905837783
3494.95222301541 3515.12523653569 3136.72192808837 3218.33664623732 2697.36433525041 3212.89327717444 2800.78030727643 3021.29411611115 3016.23489991573
2665.23885108108 3137.16386789599 3018.45249476008 2730.65253646019 1989.49897626464 2259.02048480667 1397.7400256953 3243.45663018376 2235.75458095049
2957.70495144475 3450.61623699936 1815.64170747066 5272.57625481724 4462.35469900809 4926.10871696726 2808.42671596597 2983.32702783261 2134.59532156729
663.08848809925 474.873127648972 665.576608040717 526.391560022946 556.657774721969 483.593698652762 200.416540746076 482.641176496368 673.261652258534
3835.86258129777 4138.77553843627 2593.99274467989 4550.57163512745 224945.672601963 4231.04491282044 8232.47730140109 4205.70806967028 2533.33754053075
8433.03868849312 8822.34699596676 4129.78405855222 10207.1327053038 8719.81508986191 9758.5428104864 9200.33695025601 9377.42134797208 4742.58255247475
44320.9354077936 19090.0396801508 40110.1779960193 27081.5047334516 29139.144365938 38990.9588387072 15085.8051913563 11788.9532947003 35753.2249925163
12223.6114130605 7175.79295170353 12014.413609952 9556.4758732532 9578.2808785514 10625.8676505672 4542.3935738277 6506.53931690258 10812.9387734221
0 0 0 0 0 0 197.629262262126 0 209.360262594012
8156.12997549152 3263.92984350815 3993.38260634484 7305.8945418937 6656.4361629428 11070.0311265039 4321.66919022661 3715.84989436177 3761.85256312274
18199.8951190429 73525.7414746011 75986.7452570414 14082.3633605837 24564.6015430852 222864.120802257 15701.8805694194 30533.5584876231 10171.3781174925
685.210850283733 3078.24646743201 2140.95992829394 1602.99192384056 4922.09213834994 0 0 1258.74093446284 1262.14447869242
32667.113502068 35137.5330821668 29123.572977795 26129.2403098682 46786.6014556213 38685.0699450117 34550.5273271426 41805.871886206 14338.8718468462
45023.8860725364 51145.5232263504 47292.7648427165 30904.8712627926 63599.8448692268 58820.0902591103 46485.2857158431 53450.2825329658 19482.1374462065
30909.1724828591 32860.8376618903 25668.9075269996 17823.3754129997 48189.0351908878 24788.057152745 15918.4869662303 40302.4725031233 11687.0717468394
10723.1220146872 6886.87555150041 6286.60212950121 0 10323.1013217994 9926.16557004361 5562.50881306995 8647.17112305546 7007.88297343109
3401.58400951115 1390.18890963191 2626.55128783728 2357.57932802058 2950.3590326882 2822.81503160641 824.788747561783 1260.72519783874 3050.44681984632
1658.64294319982 1485.63639226579 1842.13227957169 2000.14554003636 1896.98598730179 3005.32285294608 1247.79348403079 1420.29444906313 1108.74156621466
0 0 78.1062181951695 32.1986310391031 0 0 0 183.144619723153 0
6453.86300692095 5750.5544109835 4765.30456937586 59996.2375778983 7908.8127730685 6485.04102963657 4819.10204677256 5556.97228106163 5121.95352818036
6777.87973980008 10498.8922876505 10499.4526026789 12108.4591215143 9929.19790234748 15003.4514487647 7479.68659647243 9043.27816925172 7910.17198326073
5612.83380666568 2653.28091173143 2678.10728222761 5521.85248066157 5782.96342069522 5529.68407431798 3181.87511567939 3161.67437378016 4370.92073852832
23292.1472450941 8990.57518052986 13915.3545958787 25813.9764155612 25505.2032387056 21831.3619801488 13777.7335880127 15616.5102456463 16851.5729568834
60392.596695616 16183.2710989215 2374.75971616618 3259.43784692597 14034.9298821598 24295.5651830934 30836.8530265349 2562.6738246633 2826.09025374818
2264.06165628795 2271.20880231125 1415.71971018554 2632.99243580032 2481.32301594616 2693.4811373707 2559.43533022011 2348.62986120496 1354.57471897201
319.33202817194 0 0 0 333.047651934977 0 220.297070337561 0 0
13754.5145507767 5985.43571799854 9215.64230908783 11550.6400666023 10910.3805263334 13286.7618292909 5496.99170450001 6734.9543253276 9358.9365290435
38238.3337319713 41712.5861234734 43607.6034418696 50945.4575282455 45811.4022515397 59863.1388157362 31689.9725889843 44268.4413261167 31372.0355922188
2140.37278226331 448.292401033522 472.119972414342 1760.54833465737 1484.07092052017 2170.56097784811 878.145342792988 851.813515342914 1055.5028328576
485.147605730935 320.636375470463 223.117292922792 468.97257491575 443.146817172709 527.687656613581 329.40947970164 343.277426587168 296.260274010083
5445.05733484981 12863.6527950189 19117.8460588337 24841.1584093292 22977.3966207014 28841.580253531 24231.6807993813 0 17578.2747873111
0 277.991923508972 110.636480434058 374.768641262857 0 621.104816931977 0 0 312.263273330976
0 0 300.097664385077 1513.45493420892 0 0 730.204200266785 0 0
525.35182058374 523.736832760703 262.775863523562 587.400632984304 993.459580379208 1269.68006483109 0 0 593.764232939446
52727.4809051344 49760.3952458188 42359.5528627322 44456.1341354881 36485.0358398693 56439.969909984 28978.3241369318 40989.3087400501 30647.7310355277
6535.97723767957 1252.85888804221 1119.82492418655 5075.93902085777 3835.95593674297 6740.17448138153 2563.04469103537 2229.65307901598 2825.45694892737
26651.3995813404 23534.5164847844 30169.2285019769 22831.6407545321 20857.0806338151 33368.5326973869 24646.3351225149 17647.1267129409 19080.5713884925
33534.3058896994 36618.1437216653 29542.3274574206 36972.2720054453 31249.290466289 40965.1550309572 27312.0964024778 35275.0889765119 24650.1650128845
192113.039185412 6861.41041856121 3182.8583433591 3013.45538299518 3696.68088766997 4262.78402894855 5698.22095687137 17939.5675524002 9276.95936421928
114.079898458988 0 43.6029518698686 0 179.680540020094 0 0 287.26979635111 0
5773.33294490349 5856.92318211452 6419.52599282706 0 0 10692.4511533762 10668.4644997927 6593.01019813545 0
773.170211484228 752.640219507177 881.379986172123 746.958814816445 566.933343025324 926.473930592961 529.324973159567 574.622638633799 629.396035949829
267.101508848605 379.711919688874 530.270186435678 505.40121423172 457.071608351585 780.403781438375 269.481321172284 284.351471828034 145.05597137443
2186.2565051808 2354.28843196999 2696.90546212411 2694.27321737578 2750.86866011188 3836.34591206041 1933.10425079014 1912.44729626444 1488.98285765594
2937.32785306505 3527.67210888821 4120.44929762177 3951.86054572187 4111.3450861706 5909.3180013794 2935.62472703911 3051.82228069568 1938.48147239007
501.283222931065 812.549610789204 1122.80030698197 913.760739598536 880.310354682355 1577.20572378461 567.056730599073 604.971764460352 403.697705850606
355.047310698179 320.102743866755 328.25754074697 420.361355143195 384.370102990365 330.015560082628 226.90678742753 353.421325979678 320.311843131616
33603.6869253874 59449.7126344383 29171.9076154269 29999.2945684561 23221.4908058103 34359.35737083 23521.0668710133 34109.5322977554 27564.1247956612
1327.10853206084 1608.77067147558 1864.16880102638 1735.05804245627 1200.24434936357 2093.01936966791 870.465870033178 1730.07004487085 1064.17043675462
490.507419893162 494.835910196002 542.939247582691 528.520916471021 453.185066549412 651.273554467557 354.939627014044 528.324006428734 346.134941323667
5566.8199208638 8887.84246322039 10541.0203608788 9169.01396522545 7107.53042126114 12557.131042413 5447.95134808418 8308.10362229284 5520.25702768166
5232.62456538267 10955.1990561193 12550.3742134946 10959.5214964694 7379.57491413707 13732.3059369414 6224.04008716634 9798.20863099511 7002.89952177461
10921.4895915317 10350.8242092067 11089.5963303067 9603.02203674228 9393.55991335772 11261.7013875025 9522.15728818976 11668.1863236632 9388.18036174103
12223.5551255942 12121.9915488334 14468.5585261251 12702.6002366967 9539.77387272072 16333.2789042497 7532.27840306103 14507.6907733278 9201.95871681981
760.132485247103 821.87884812571 327722.085606758 4271.5372294337 619.688642846402 613.080025030688 520.309393165741 1963.76007764839 5568.57464077377
16784.5104946813 9268.03758346748 14962.4669717426 13341.6110382874 12415.0678411402 13594.7806216384 6091.70523467896 6718.30188236473 13885.0073986175
4359.45810508926 3118.04314900436 3318.66249934503 3751.99301714681 3281.9518593821 4165.64050072442 3058.42918040353 3500.82369869693 3346.68478312697
0 5444.08328304438 0 5471.48412218461 5906.82962233754 6800.95505143821 0 883.937526424428 4756.98472614535
39104.3960566754 15095.370709056 35884.7354741755 24858.3210458347 28416.226730499 45194.2889891369 10056.9509474648 11184.9702243752 35323.4670157395
21656.9626426583 23568.0214331633 19441.5910317422 27174.5820970882 21506.091028588 24672.4994875045 20776.06675113 23086.309414138 16257.7323588936
33391.1341259129 34608.2130296051 26683.5416898049 34362.8727475379 28852.067095959 39004.2356478046 24794.0737096692 34617.5776578317 21756.0539993269
3910.57560043166 4836.70917298262 3475.58204800416 4275.23947618518 2751.41926472979 5169.99970600627 2618.58202196989 3647.33238014747 2534.90746513867
464.577888518751 544.487488528429 547.519480621076 563.280563353563 609.976962577521 652.781166270515 486.608386880879 513.43536219764 433.641291400562
2942.273180406 0 2062.3590010844 0 0 3447.38971016033 2055.97530267942 0 2625.19864104384
2064.87742397805 1536.8598548538 1901.78338611741 1201.84567577596 1233.53734609525 1472.99736803909 1336.93051335802 966.969226095456 1913.41474520616
760.94024841744 686.182622305584 728.020904580733 846.191055584484 900.919336962734 747.977765498003 427.544932802459 733.743793278315 635.24534410864
9392.28898865894 8309.60157729267 8591.65251903256 8321.26004827741 6911.57046406854 8801.1851673405 7270.86092540393 5706.66719304688 8135.84097896747
4462.77714765477 4541.89531181935 3457.67193072587 3604.11802584435 3891.331062735 4299.41089997566 2964.14597251608 4712.63821970996 2711.85564110347
0 401.809021471634 593.245608408456 0 344.853646531413 668.611517740972 315.247614179176 291.130067063145 554.662920406171
1495.31344737226 1379.64949898991 1045.04729995977 1641.79645328921 1579.11280725163 1984.55949035791 1617.7478524476 1339.83202369069 1036.24443494534
2910.36335053793 2316.26726249962 0 2297.99373849292 6269.21995717823 1864.99821507796 349.961417361723 5606.41073847125 1673.49935822714
1376.34051876174 0 0 0 1389.56048163823 0 0 253.855555003589 0
14284.6219337034 14993.7306170413 9798.23696674598 15833.06423111 16167.0179992343 18635.0312711595 13667.4044152616 10926.7858703497 10998.905859315
20483.4838987486 20910.988283255 14039.0152270484 25508.687643063 20513.612085551 21510.8750169207 16812.4801300376 14704.575443454 17638.3123711915
3940.61227862378 1993.23091060795 2407.42208876475 3911.36558244558 3687.06067642167 6320.52187273951 2394.87173672105 1907.59829837453 1709.90059326489
128230.234657523 67153.0185320319 56338.4258221852 66090.5539658089 172854.942914308 92870.9406657105 52198.917169369 2783583.77807434 36056.3450132351
3036.0507697239 12513.6007666837 13420.457839311 25084.5948195409 2938.55298443156 2786.39165955224 17170.5097123225 2389.26063359151 2449.00857336311
17733.7824594724 20228.6852513708 20784.4824292573 12829.8205185669 13755.3579541455 19806.7161985389 18880.6766457799 16968.5475366593 15252.4986669093
4713.79339279007 21343.7060123045 5539.56215930518 8016.41600649568 23050.7998213201 14507.9187625004 4003.46483535615 302053.181823176 6240.95446152137
296.663281082027 43.0714075853579 0 0 0 0 211.488195182517 0 0
0 0 330.414613445919 1542.32186115188 0 1529.15913968041 0 801.426218688737 0
6424.3330533026 5829.94730124437 5316.37810870626 6098.92505188145 7761.93981702052 5458.70477644946 3600.4691444344 6606.7925663203 3886.9435061593
1425.81536529928 1111.25540818541 1023.35870636367 1247.28708294574 1431.02628424802 1225.82470772142 690.259157435486 1189.14848173384 821.806078203727
297.695674957543 136.572323860835 231.003541833606 214.468733634305 258.308574062639 242.664296021335 74.2248288930583 124.543021154545 263.927036218558
10506.1424316013 11690.2074406677 8859.39127867206 11538.2036012221 10156.0462017615 12157.684504331 9064.11670404901 11389.8960116913 7813.29083041697
260.450395466237 280.030462683935 225.811965374724 331.073302826415 207.462631345724 349.906509485238 168.67883329031 206.067023674545 205.084865309038
288.159246402628 267.952848887581 220.95627524859 305.277451998382 227.754326150106 362.433766095735 184.382172705277 254.22958658224 158.638460224707
5739.39931576178 6796.85390171122 6264.71939889743 6906.97666566696 6141.64430414591 17643.9072323807 30738.6844669495 109211.10238208 5207.19925944515
1954.74033807668 17022.0627437768 2850.49418946927 2806.242032075 106766.127011299 2824993.1299897 1564.94796792438 76927.7319011485 2640.37778713662
497.876303905418 0 0 0 504.996871359028 350.208716239167 0 492.601521863885 50.2013493559332
227.576331003512 252.690234977986 270.956518245612 280.805587363686 304.07624784019 303.314902817285 186.302771898689 250.134475701269 215.661086265832
720.306335236988 918.753152380685 472.427341294888 1093.84704230817 967.19567621533 960.292981914664 831.544907635379 743.352288585422 644.629540345692
1929.96068667599 1684.12265585538 1553.98958751043 2062.48039739238 2039.25006030911 2360.22952783745 1915.69498435568 1639.24413345893 1462.85533609116
2059.08936617788 2848.29273184416 834.230681420827 6099.86550373493 4609.27495905671 5189.28661283463 2412.40249808078 2619.31355052481 1063.23417498586
982.813115184417 840.737405308453 883.219144183624 924.589163392808 1015.05333158725 1269.74527095904 1029.54001818224 815.413822744365 518.123680340557
19581.7175364087 18758.897226741 7409.9504084321 22220.5724119056 14179.796949519 15518.0647806349 12010.6756420647 4406.84389262267 13150.5978482124
9194.07190355002 6225.72177260861 3956194.00049014 9031.95383394324 18197.1136558399 24494.5425713619 9341.01611297604 14723.8906092265 6301.67611992087
45483.793060602 41499.6686887261 47413.8994919134 70613.4557950347 145280.598351012 39714.8927083177 19023.5366034886 54407.1834539511 47087.1168306882
28189.187857856 14979.6479776328 19932.3272824061 40368.5352743263 32108.5235877427 0 26291.5228447683 22309.5948592432 10877.0346213458
560.948816014353 512.301650287219 440.361501267793 492.093557110217 655.013877031503 481.592547068382 333.46281663949 562.87802680109 372.132866940142
13723.6087916655 17595.1448586025 18943.9336558115 12978.3904618545 18055.0724026917 29800.232009643 26478.789674148 14161.0369241549 6378.55671639183
0 265.772899435432 4968.4329285153 0 5861.54957383718 0 5413.33022076303 1798.5667191649 0
0 2369.1519508535 3030.90681973076 4478.31860134551 1069.74792201393 3129.18983466672 3492.85004116699 0 0
20619.1645129053 28344.456628461 23018.091782866 17027.9757094225 12125.3847716425 12060.1322042308 14803.9174764018 23381.3458841261 21724.849827975
4562.40859250955 0 3515.26875005111 3780.59899546973 0 0 0 88.1897895915035 350.999198500144
3091.50748646885 3073.79011392859 1516.43169659361 4616.44650581376 4063.11998248829 4651.00064466139 2496.92511142517 2250.50347313028 2474.02962371746
7110.19937953284 8338.07041180797 9142.28319519704 15759.4410527806 13783.9590753066 3464.96310782022 0 0 10429.3254859831
11868.0111326527 11897.8924519308 8069.51762503313 6262.31030933704 18916.4626547699 5733.9966842952 2742.8280684747 16437.0553793899 4567.31990564971
25778.1876681286 1502.33134117291 913.897019622727 856.304129684312 195087.251997467 6877.53760936007 2622.88255574623 3592.29646939555 9818.86571163595
59679.8217929397 179238.626136956 38173.1384871371 69434.2002158894 58808.0102945852 480602.57184442 40020.251093845 40962.8259433318 55566.954408372
3110.18793125737 1411.16998519159 0 4878.70137472673 3707.75234402142 7200.71218810809 3628.01538261291 5072.41135613209 3360.41890650792
14288.888308443 142697.342237877 2127.86013432838 4224.69541751822 7947.53240186244 7412.76609756508 3518.95519153473 7056.11396519981 2680.08447146777
2230.69535874207 2349.61621026737 2328.63284877399 2625.62905699389 2515.07834900502 3207.39970005402 3054.34860196599 2481.1515102759 1792.34134666672
16406.0060673347 19434.613966692 25118.2687058211 19751.9892070314 16283.4084628427 28574.6780983943 12625.6590844836 21101.0616146323 14832.8730330621
1539.0038036549 1551.7286224849 1061.88175360772 1603.53320094539 1386.88027663217 1372.54202621329 1207.14969331304 1215.05859687271 1288.9201481262
1139.65987613528 1373.49934669247 1373.12331702878 1309.32606816171 22562.446759082 1887.9924435323 1246.4367088055 56296.2480211067 790.207517575301
559.840013302731 731.089551466468 718.031422041866 662.169941274646 404.113814312782 557.752579686095 324.359508194036 643.657718621084 509.601474351746
4595.50930331188 3986.40817069787 4199.39085994972 3390.22657550509 3165.75910266479 4141.85763499829 3159.72204371633 2822.53533222022 3857.29910261549
391.364815484084 592.609632667247 6526.07670152898 468.37998307242 370.182841998207 490.755168759834 249677.272831017 9695.11156423828 315.234009826834
554.113995322172 441.59932851578 492.141743030995 31395.5348599784 1609.83711371735 13318.2457140774 360.235344756426 627154.133624049 239.789375237757
6361.39254051713 7046.67293033219 6545.86601041125 6222.15944679395 8017.10698364525 8489.52384498129 5777.767844832 6607.86847870746 4260.30790337103
8129.62843420473 9153.73678985941 7227.03872486392 10326.1848225029 7024.35279429307 7249.15313954484 4888.18397642791 7401.29343007971 6673.9358085083
8960.77375089715 5227.94615342849 4533.54179812181 7563.83819556945 8514.03257742253 8490.17876674093 4545.60724342203 3670.73048225067 7826.79002793183
252.404673141352 229.855208377684 234.192359326856 306.030477372445 299.632915027673 248.943998779503 139.434026644542 266.737883949255 244.784627067441
1203.1873563505 400.923117325647 769.802519032085 1384.60454739536 1328.67397407372 1051.64846500745 839.542670714163 836.469217109382 822.604612245666
9520.55597282166 3357.1396308558 972.733089717952 81861.6946173547 2816.9886824166 7311.89980589251 933.976307403561 3953.61804616405 5740.33810160315
1941.49923408873 11017.9378063558 619.884724836627 1955.9807375539 1929.10425010852 2332.95161859782 111022.470103329 673.908669386309 1704.92288510757
5953.30215891202 4569.30612316806 5117.06428573237 7934.6150086529 6580.76560137187 5574.728697478 6106.45526821975 4254.49541641771 4844.19020826608
12951.8470341586 15419.8561208783 14146.320243064 12618.3767914311 16009.4738891245 21364.9018543388 18881.8719099629 14579.3768554813 7104.35016536226
4466.82371008149 3817.44019842368 2704.31884197695 4329.37021486091 4749.71593418708 5148.13072524676 3174.77468469278 3234.77069865479 3326.03618042773
6363.42979804068 7995.8749802787 5157.60988482608 8102.81657920179 6687.26291975768 7112.52947768397 5242.64597007244 6686.43485913521 5929.78630238736
13098.3390000184 10280.7377121993 6677.6295969716 13947.4531913838 13584.101424315 14341.4230279713 11813.1305878254 6611.39154657162 12024.9776439784
1224.2958147494 909.976609209105 497.413494565865 982.161423281053 1145.52551488077 1165.78498475919 875.615606515358 487.625685835665 1157.32736482313
1691.98440702429 2829.69177130029 1882.38884642253 2623.33201677091 8301.07012966508 2311.74667141754 2765.12478957801 1406.17929221649 6585.93132126479
672.540569843441 439.208535960789 754.03645687478 1063.10118565418 799.364023471547 573.673234692347 633.483428744632 588.190294511075 525.713657258604
12609.9426802822 12713.9354073237 7833.27094808515 12917.3887203909 12690.8438910006 13732.8315838369 11986.8811896766 13207.0728205263 6879.79953011468
651.394714561665 605.348744580236 503.559758187473 587.651437276942 765.777225992876 630.460732851516 433.819930310339 614.117459729268 454.863775425411
11248.4925899396 10953.6028116483 8700.90177741637 10464.5358958107 11436.6368525504 12020.0910385599 7842.42673425748 10622.9008158472 6987.26753967594
269.012439835492 249.21270208251 270.740673486346 276.510615199669 250.906757881833 276.132284785975 180.10450010712 230.645624888866 236.460119221686
3508.56813388168 3742.49427144166 2241.75430182726 4265.12813553032 3840.7237997098 3919.9977433299 3763.0793968059 3849.84020581498 2376.9576466595
1643.13628468963 974.65893814764 1440.90590207118 1229.36648022695 1229.46527413537 1308.39366917981 464.597009254367 801.243456155149 1438.57290538078
95.286414292043 97.1700555882319 73.0924341775331 105.078395361261 89.7472193132214 110.342013572468 71.8122007264171 58.9168644067425 88.5797461340621
1883.27819789295 2180.5588899008 1640.08032155721 2426.24512787864 2895.81170877494 0 0 0 1645.70613964962
1497.28305348255 1435.84146117133 679.670198066101 2753.25907704781 2333.23825437858 2489.55379091682 1404.99455191258 1193.65595185077 1040.86351565526
19875.1282062928 20487.2346933017 17157.092341082 19945.7341729628 17065.4940653296 21499.9035150033 14347.7732041206 20318.5324501891 13404.9025022608
530.731644882609 463.479537776483 403.343702390628 622.523353868416 562.228891883495 539.506696212141 469.105347967302 337.550645988734 494.346037066665
3091.16247158738 1587.3776476819 3131.55081526063 1884.53670337604 1595.40649823887 2890.60014649545 1551.6662338415 797.590849318673 2258.10404877379
17468.3827429575 11475.2662622461 11867.8004105954 21596.5548439703 12234.6192168202 10253.5237875894 7246.64581736009 10287.6026693908 10852.8936370108
1379.03115690209 1335.81809222732 1246.69512302246 1858.88378255081 1720.23515333098 1552.33227623039 868.655977026431 1469.1705730059 1213.56658978613
3975.12911207277 4100.42166655385 3887.49760511594 4565.43558775633 3926.95967792895 5039.25568510526 3058.27495337224 4481.6387553336 2937.73453350695
5773.59838429092 4848.75299733696 3389.35835971523 38291.3960384676 4168.82934690192 6005.64936731222 5528.07837297653 3292.73090301011 3581.83895876738
6600.40433023026 4526.72908494867 14906.5410562095 20977.2982796515 13285.3717832562 5132.5767873987 1786.26968942058 7513.45833583803 6598.47872802217
5503.38529085027 6452.14657436364 6172.89401839317 4554.34587387489 7588.23785399349 8433.88938909018 7007.30073840799 6177.98891143945 2641.04248714423
3830.38981113379 2310.20452850349 3900.86954124812 6213.3986955782 4696.13419480622 3620.65087774867 1898.85785408908 4204.40786982874 3173.93854623857
483.775891766968 449.390556415506 311.470120007498 564.576567359634 389.953566821747 434.892074337492 349.543459046068 265.788054103006 346.052118508739
25016.1771571089 36420.3318507284 43837.6281304053 37075.5178966831 30583.46710005 52802.7050679345 23138.6153553544 34971.8012048194 24031.9878964326
25009.1603843754 9844.70999022581 0 34852.6450043133 28580.1836109838 18653.3024658648 26311.6730559937 17210.9347528785 17900.2016065284
2424.5318214962 2650.73375579961 2933.74394745009 2934.20583281423 2711.37005682796 3675.20971846578 2236.04056681453 2366.7069867885 2148.78644408875
2660.7607218433 2985.47341651934 2832.02029022211 3001.99925652223 3202.7315287492 4008.88443652842 3222.88082676237 2863.2484589339 1810.0963319701
238.402556970394 2042.95962813042 0 2110.15039082464 1597.12587350345 838.919991962313 957.979087730383 0 0
15099.2394953357 14652.843216181 15437.1703853064 13636.6739340259 14358.7429538172 18113.2760767564 10257.7404111804 14239.6432831998 10951.0956944496
5008.47189061725 517.518645422256 2309.41410149789 4086.47864391574 2386.57336900069 4026.7961760995 1913.24663121014 3275.76740962487 3284.42504209774
20815.735516362 21445.3931005286 18266.7502255283 20307.063549548 20920.8678836077 27582.3968816004 19190.39715765 21753.4047978078 11119.4602777065
293.084251999254 261.305705627286 0 0 0 0 296.952772254786 0 0
10682.842930654 10864.4627534817 13862.3606535299 13661.3702774608 0 18013.9656342919 10669.5327279956 16759.9776398935 7961.73951710501
3151.77594686847 7150.49111206099 4116.72167648532 8834.10075651336 0 0 3238.84698905657 6767.6922520264 0
1129.85887994766 745.718211050093 1292.50322677748 1683.50099818289 1338.52454893095 953.838993434945 1289.34310540233 863.453350474385 871.071112881612
1483.1459433351 1736.9546825733 1807.05751039801 1596.71715968675 1829.26130870989 2761.71301391449 2463.20324938906 1574.68905371928 849.935292839041
988.38426379231 1030.11522059553 866.886541800748 819.243970445423 743.552239695391 1033.68231897015 653.928399157833 956.926993238758 571.637101499098
13310.4495569352 16105.1124944237 13720.4436568806 13894.32285115 12876.6355823135 20484.8584653728 14862.7610726148 12751.6069340149 8707.01048128957
5591.78338455167 5247.99626580464 4823.93686637404 4674.05388774459 5942.8726794622 4179.84551085156 2283.16444925905 5145.67998523518 3617.79078936591
6522.04759113222 3902.37277005734 5972.7629544476 4719.97661526654 4288.12595074196 5274.78209133693 2633.03255586378 2525.94968135885 5419.18733210432
1424.34683409351 1206.56944563412 1043.53639298856 1126.04512338239 1207.35692892161 1459.86188981632 848.506720657079 1136.03602020448 792.496218683234
682.391290899779 666.377543815307 586.917950318079 678.74325609371 820.5385282862 634.526894474558 461.707294849185 702.175875071929 436.722780225471
2660.90826063595 2627.99648759585 2857.51553390466 2488.87217211277 1751.64590407137 2129.30409340788 1361.13347359875 2375.29961380173 2224.9284052093
1412.02906603601 1506.48898038719 686.526090828027 2281.35436689524 1972.2279651466 2133.08961596247 1264.33211172265 1128.19238925195 1098.6529064205
16091.2303209299 10406.9306188624 8354.33369663567 12962.0979476523 15439.0891283342 15210.9123875345 9189.92430972788 8630.95987475766 12524.6853683664
5951.84175928484 2978.04241258907 4404.55608738603 7135.80625700366 6722.70377127664 5020.58526223953 5369.93081587163 3595.26517559724 4606.9176776244
13208.5167409918 10792.0390813514 8400.75399449294 11380.323346476 12111.5779854854 11296.4616320682 11159.3689471012 7341.91505621555 12716.5043947906
17027.0452028163 20648.1449542247 13112.869326509 19012.3178670097 13674.5732807367 12949.3665626438 13138.0924384348 12943.1827508295 13590.2912896047
6789.65210251741 2355.94194297771 644123.032601538 2050.97418447323 870924.810288191 2550.35496647736 2984.30285403234 1865.38548537021 9740.87447543068
10313.4443661676 12375.1699712975 8819.81847271933 10806.9644724166 9411.9687811966 12613.8502510467 8245.51182022696 10307.5688196414 6607.86716255595
2108.97858942516 1495.9343082092 897.050505017173 1803.31332368877 2177.70785720951 2007.17370328622 1294.49975827566 1247.95648754049 1572.6747676813
1312.72570474896 792.589422473635 938.52594123294 1313.41322385664 1030.18215455127 1423.7113622028 786.21525576899 841.705857102336 822.636526897211
16934.4241337748 8090.66003138757 14313.5579850868 20682.3504035047 15014.9453195188 16524.2785020677 6264.05747324556 6553.35147228456 17500.6084732141
2112.93739703373 1686.42265753369 1566.26164179906 0 0 504.7844802095 0 0 1748.1918300221
12650.059295713 15690.4612713996 10606.5738735455 14048.6183924154 13326.0541622008 11873.1801861432 14915.8689369494 12247.9231848651 14399.8631988292
276.896732654469 452.888830885103 477.208310859499 596.308199990605 343.446707847986 639.949357848564 214.255590929289 385.503262506937 157.109353543757
37613.1414578255 7415.6604860794 30060.7126655615 37616.7070729714 36653.8304785231 20326.9390884461 24592.7423124857 19562.6545521712 31109.1683931728
547.635945570056 0 0 0 0 0 0 45.7668089411856 0
8419.62835257189 11134.8506482115 2333.50681938558 5098.88394645475 16051.4805254288 2812.31035133053 5949.97496612754 4806.39066539774 2104.8519186581
43422.2734237803 54088.7179882997 41840.4094699565 52321.7319217022 44959.7874374309 61832.6048043281 46999.1952277402 48482.607133057 36821.2210565948
882.910389846048 4463.10710607213 3105.27794365455 3795.01274492588 20104.3837686195 481.25783005052 3109.35960799506 593.495793109214 119342.964540228
3905.55548617947 23357.8208504433 1839.86551909875 22632.9462995786 2084.27870183264 3965.21828386397 110563.80866008 796.944330668504 818.330191141882
808376.916938146 957.806485830339 41498.5178953576 849.248439794774 1127.21278993149 794.446791205891 541.129103682667 760.346461630327 595.562811327411
7897.23734872367 7867.61562377155 6194.39880070747 8704.88092862809 7694.01338941574 9173.27096706577 6382.86344902344 8635.50576104223 5717.81235208909
5462.82994566623 0 11281.246801494 7444.0065973773 0 8945.51042112562 0 2810.06745744741 8550.31895063166
17025.0874757636 17785.4418129454 13383.6544529643 15171.4132923529 20921.0269062455 20115.7418011694 16811.8243471861 18046.7139986932 9659.28315670455
6728.88682983388 6859.31448222829 4940.8484443759 7310.84924788482 6756.27153257219 6991.50540165069 5447.77968328354 7548.2097114385 4751.04375918208
9578.61005879538 9649.98715790398 8237.98578008899 10020.4142876109 10064.0004410103 10558.8878645775 6998.84545160022 9939.36853635657 7114.79306351525
464.991450912823 193.765414124648 195.349022417536 446.338284802717 349.217685573496 507.983366103217 259.297776084136 255.310702582597 256.308713044593
14378.8136633265 15370.0559081203 13801.8344386058 17059.090604593 15383.3560982103 16949.2441895757 11336.6683176764 16356.4777704659 12052.1819253435
12650.4860621417 8870.38335539304 10853.9295319039 9823.81157854723 9118.3771059169 12676.5033425872 7752.32150083707 8015.27823160225 8444.925366062
5755.47478817549 19709.7904693376 4958.84512510591 12613.7525390168 4532.30594164297 4992.92878655223 4870.27756069074 3910.515101322 2433442.82509382
7583.95320450865 213.317277271607 19220.7856105656 1622.57833481915 155.138994443955 216.17472380339 9711.50084165864 7166.22420677707 925.028249526894
4245.26845883582 1112.55760683848 76790.5606444923 2676.99497139233 1399.90925434099 997.890151810128 871.372304321221 5296.37490487113 8332.15135514585
17019.8634924156 14385.7963933398 16075.7710522647 17293.0574219673 12666.8478979497 12985.4616870103 7151.181801848 11499.2897175345 14218.2601658486
8792.64908699963 5577.02773066023 60816.9724634486 17951.7437264454 5454.47295019266 10972.3206879088 5593.7733292121 3218.4722832662 7332.30579392624
910.190672132383 958.871301926218 611.386939891506 1044.84523087566 1016.40273710563 1003.35308981989 963.398010976554 976.458346489278 544.565206463886
2310.26816021633 211.200513524984 2054.45720747159 0 0 1199.02163028718 892.566199012677 0 194.908219186411
2689.39848643185 2492.25578394738 1399.20537999544 2579.37632438221 2889.11375166032 3076.11372329096 2113.18317278059 1739.81119209992 2240.6203967419
199.211917558054 154.78538704581 86.8384843043624 172.834141216027 191.960585987733 206.36548655376 140.812227440874 84.8004065278984 183.77257826514
4810.37186741526 3068.35726243528 4464.87665607753 3966.40011314189 3467.07866647315 5369.56505531454 2479.89088986643 2636.02953491476 3148.87699851219
5162.01734336964 5557.88061454278 5092.12751356955 4347.62686209339 6044.13039290879 6988.29294343629 4395.74899476982 4602.21785471263 3168.51436647859
2763.55315081162 3511.28824161544 58091.8090023216 2053.0391724318 9910.02627667866 1776.48449021071 1052.79832767766 68248.5680625026 11588.1217062858
4978.90048204689 5924.62389105157 6913.67813695181 4025.61986477494 5773.47642158868 9531.03153039455 7362.1823380248 3965.35173269807 2302.42412196376
15021.4226471218 14467.4316766736 11993.4988902263 15004.0977233461 14391.0103907257 16553.6450440104 11633.5885968462 15409.7270797657 10034.7877746728
255.447755921359 255.438729673839 242.677966399222 324.078221020132 284.660067696016 251.296804704545 175.771663009622 251.239207119856 283.673079517348
4329.3526282871 2651.99712334496 2825.3581993192 4521.09654632187 0 3397.3212532424 0 1233.35166749573 4118.46235666766
4629.86779137659 4421.77389041492 3932.87143386881 4469.17486008972 5302.14203734598 4251.43995629749 2638.28008508947 4790.0359036595 3014.2415245362
2623.98145101428 3013.10808170446 1521.81988822021 3312.14546233836 3003.22378642929 2876.30771094641 3569.25300907742 3269.20050248416 1475.90543108258
7421.78917033885 6241.79418740371 7979.0128129953 9656.34133823429 8783.7814223799 9092.05788829339 9731.48927284744 6352.02898899203 5205.37155972295
1276.46550444003 2952.76279788745 2098.45423671678 4149.8676711358 928.442925426234 18475.8067874241 498.656066803865 924.777460452007 375.9132865253
490.177943229323 331.484654260567 505.995901617336 654.240703332354 544.822541219348 413.364749137311 521.512289721746 368.048199031364 360.993325707938
352.007424171653 371.296110472638 314.226938292343 413.141210730791 359.339593647383 461.156344002937 322.159624960708 314.929361318421 313.127491693576
7426.90080304225 7716.09840850927 8332.09628065066 8874.09019829078 7482.51217475033 11303.6275552335 5667.50093142961 7501.48734766697 5157.01688716326
11741.9767776667 14140.7023323126 9398.21384111934 12224.2202369713 9403.24563810662 14239.7782350381 9898.0797691746 12162.0560813952 7410.05812918491
39593.9178341166 9899.48076113017 4329.77031501828 37861.5076616975 9095.18993843596 16233.2274464448 14951.7142676633 8478.3239633419 8584.47147316513
455.15402707408 265.735905638108 311.139902656958 432.807950356167 420.652623469125 436.374428325677 266.206476906867 302.027108700853 341.846147835866
462.839657599993 478.905707529341 466.795660005387 442.92045710705 342.405114278782 536.04442121013 281.239216250877 408.38651158724 244.232526590697
1353.585634253 1225.65229112419 1086.19677818362 1192.84357247626 1589.21412031097 1143.10507533025 774.902204562822 1322.24642590443 911.903611779205
13375.8895110493 12967.777603118 12009.622166251 14079.4195508743 11069.5783547017 12801.3933439642 10223.0685305914 10233.4713944951 11022.5088404823
1861.80579945401 1765.92780006962 1999.72858394949 1200.0434024121 1055.38110385936 1493.91809045055 1299.41651478125 1237.63180018657 1685.14625751019
4886.30756442914 4010.86265110598 0 4694.84278640137 0 3898.17143288283 3099.9500532169 0 4254.4710731117
2232.93246663031 2138.13663249936 1781.66512930571 2012.64030691504 2528.21914355572 2685.253042112 1905.17030451023 2158.02246116244 1379.18889237993
0 1719.53971339092 0 2127.26918390858 0 0 663.261959145728 937.030343494064 1678.74824555888
27621.2271996447 13169.0728026569 25225.9182725703 20172.9439126885 18805.7875635602 26837.3667262473 11962.5736907432 9069.60080437227 20534.5073975755
1738.90218001844 2304.78706068495 720.371532327422 4658.93757748783 3594.04795703939 4029.00512894116 1896.98595892916 2167.26398249582 893.332823028426
2030.84529828534 1522.2138372552 1751.97176662109 2171.50303727432 2079.84453342491 1682.62773056776 670.489457667737 1593.6657329585 1900.56698972734
3668.68976884498 4059.97924201573 3794.63781132753 3357.45471525893 4484.63554635821 4502.87899249204 2857.43637772525 3485.90174218269 2460.11417960798
2951.65408662288 3634.24910846776 2927.18409669261 2223.53368976863 7439.13328047228 0 0 0 876.055201531135
8678.21968055872 5133.27772544581 6117.05304184311 8156.6767586105 8076.18181598038 8412.66695761169 4022.4346778392 5846.64980545182 6168.96541261655
2158.56999712237 1808.53803687601 2280.148294918 3464.17399098387 3127.54287934698 4081.28796765743 1515.81291208551 1862.76055971382 1178.49890872455
1988.26974558616 1115.54076159852 1615.8438645153 1669.64341621175 1255.11454000955 1999.43516261332 1202.4660342071 968.120042075897 1238.15563922689
38056.910932316 18698.7494139289 36575.1136295004 53710.6364793064 44468.520050754 30522.8946805332 40869.0209887784 26738.086369433 27661.1164213435
65224.6271838737 61123.3970581467 43351.2137044306 65389.2303038303 59441.4658736498 69767.8331761822 41605.8478088307 0 0
1167.31131385518 1005.24304720194 1018.4791209491 1110.5795151494 1275.6737419171 1492.54216865471 1056.26944780647 877.683967232724 650.239408674443
6668.12071449495 7373.05995605145 5168.65869424731 6070.43683881276 5196.25895931511 8016.10253494233 5547.2978398732 6332.71509997829 4682.56717675321
476.885568219644 387.802335617381 307.86177293612 363.988573065596 319.767628227835 444.446808169649 280.614843508157 409.005938955277 223.403452007314
2576.7605886622 2454.48637029734 1692.61136177001 2263.69149763319 2090.3230157454 2878.76292061619 2059.75716928652 2286.38970463913 1254.89977946631
1971.95453371775 1883.07368882383 1387.98288353419 1738.52377422225 1656.89534412133 2171.14415775132 1437.53235731375 1733.26771870548 1033.89224949692
3964.41548510606 3448.7599805407 3080.75173263742 4482.5979026439 4476.06149653694 3832.05216006903 2257.04823714491 4033.95527470923 2946.83314233297
1717.09227529619 1605.39500339773 1225.87106408832 1844.12389368049 1696.97395546006 1813.59053420247 1178.05652490992 1686.17133866634 1094.6028120453
2695.30061797599 2981.5282102549 0 3243.62205849147 3414.27506246642 3422.42516063532 2106.63022070141 0 0
53842.9608647524 57971.3443916974 48151.9246845516 58117.6982215154 55864.1069739231 57811.3150519247 38221.0592449533 56540.2631144159 43314.4325772322
11459.9444117705 24066.957029254 25703.0922594879 15619.3662979397 14317.6123175094 22492.5039624071 276484.742044357 24339.626507411 63666.0469891537
5678.59899604772 6755.78127203991 3566.56375245079 11598.686447039 9348.00641722672 9856.87537184943 5983.46825188786 6489.85515426082 4191.29260904152
9001.45501895688 10348.1781673018 6651.95271590671 11382.1423977666 6166.52964332357 6255.37564946433 4695.29678148853 5763.84637283847 6633.25748240724
1272.39330880124 3017.13131579945 3694.96611265363 3323.74835036095 2149.85666087983 5661.11827252516 2240.1662383779 1829.00527558885 1675.71588591088
12475.4471518449 14070.0489786736 10801.0381280675 15480.0902080368 13121.1740423132 15717.7355197693 14403.4304896306 13441.2696244188 7901.3686383226
241.563066216685 0 555.218414782744 0 0 0 0 0 0
881.427637303802 736.080668891275 429.261558885851 905.677556028677 947.317072175985 1035.50968182889 668.500417623751 515.879661030414 737.810539057967
364.695805481966 397.557432395735 247.610648843092 419.753588319545 429.494381961158 381.613086923886 365.924259342454 412.79105542735 234.143843315365
2809.94095338625 3430.39266352522 3839.27300272667 4353.32711459212 2723.21498592029 4131.59768096544 2204.05394931372 3096.63936385266 2208.6797405373
3399.15947604936 4468.05352408702 4361.09815875325 4823.27686982312 3551.39665169442 6212.857266778 2846.0773315711 3427.93318617085 2338.48059418404
1691.79941869866 1544.30932735544 1714.76285146743 2393.95937990793 2333.15149540546 1619.22571261632 952.086085062749 2028.28432779263 1771.88057117049
3687.74347798975 4585.13474912663 3395.10164337956 4636.62077823053 3306.65736263818 4552.78939658888 2597.06070108705 4036.5833677318 2998.71949159738
0 979.201684556682 1606.7698063676 2042.38316034836 0 1489.01582494105 1833.535867511 1055.30744355304 0
0 226.907864118621 172.450133440235 0 0 173.137988908748 0 295.523233369534 0
317.124574024733 307.287655982874 240.295880885215 204.398520915135 242.422299595435 210.953768258846 280.008721219861 228.860623420706 315.110109371847
2041.8497119955 2312.31421558159 1932.83045546094 2011.01328340459 1532.48031185838 2326.60142652113 1639.28527066602 1966.2291492766 1389.70347905581
7320.47903981006 3593.26296677384 2692.40704644185 3148.214155485 15172.5060174588 1913.36626395537 5823.24936710699 2258.51483493055 2748.58950157456
7509.09538103686 9523.25430639834 3419.40607033792 20140.4508922128 10291.9560484832 0 9378.69181756293 11155.2117283961 5091.26273587996
1044.87595429443 1434.67663040058 573.987206772793 2744.18003297875 2097.05562125166 2374.1860313954 1148.47255379077 1359.45566460639 582.673539842717
3613.24011743963 3920.34924077096 4065.36343568057 3842.93146255445 4240.5300920645 6255.29367100712 5729.10672367099 3791.7564693262 2097.8983755289
612.900124318299 712.85494442809 667.551407081966 568.14727928093 427.089675854798 422.207467782339 219.717077411391 669.000054156068 535.141747561304
64280.7501460081 60476.0122601163 1385.90359759896 623.096100395827 946.648544772418 9729.22407107086 9762.21776082553 9194.79725142273 201611.951082274
14658.5424625777 18254.5983440278 12925.1189087064 18561.06577128 13943.7358648163 19693.7842847676 13209.5887874093 17287.038880469 9456.54670358754
1207.35083051354 1429.80413463282 1120.0492161114 1491.69985641936 1469.37054251418 1599.80665398821 798.694461680099 1369.37078002935 767.69210059914
2718.65687188885 2211.15061537963 1964.54709026146 2687.38162537385 2668.08733890018 2730.86962737008 2143.32507922711 2225.06184451826 2099.07708747654
0 0 124.383705216798 0 0 224.897973941304 0 0 469.637759063746
12178.379193416 10231.2633827192 8455.91939297943 9241.44430439215 10271.2047944009 11118.0897119036 7835.47512295743 10748.2506691134 6388.14618389017
356.367473383645 432.380917628109 374.833764943224 482.795388593241 329.731641691257 529.004148368943 343.694852267241 364.319937406458 297.857778624537
5099.01289245221 0 0 775.834386715196 0 5398.18481462814 295.964578046722 0 5137.20276245158
11562.6783216775 1066.97602761119 47505.5454116104 905.64743186216 11683.6005165285 2544.83113090643 814.701133346553 1473.39077133389 815.843835059859
1109.43356296625 950.04867620262 833.312163041562 1273.70793843728 1076.40666481606 1112.54327534693 893.623840202306 794.290251305375 858.664392578798
0 1394.34161459947 1246.78234782982 0 0 0 0 0 996.415157199777
3177.79280517292 908.974093879514 2338.19438766485 2707.09859629915 957.411033794664 8602.44734132776 42559.1173709907 1260.83789490124 993.229944422577
446.690112310088 445.754506107574 506.705110478455 472.011431116366 429.781086570646 423.969757149602 377.351400166955 399.971210064397 501.093919480691
