381.502220410549 286.891999067199 0 0 0 0 278.238299933065 180.413477735256 284.981093613013
4380.70324518918 947.820201190991 1735.86959203046 1186.6002125474 3178.41476943673 46184.8217576199 825.455317591166 1251.14182889504 2175.29817410053
5977.1016749494 6441.59248409166 4930.33289892805 7203.68207670169 6090.44654896479 7431.64225932899 4367.34559387338 5845.88430721436 4401.90906322746
1469.08292013286 854.142116966422 1530.26727274092 938.760677708089 750.639387107628 1428.12623988333 793.072204759702 461.104967177622 1052.47738551433
57946.5517736515 87609.7858089644 28949.967640508 249017.130262224 24895.2770712602 24097.0349032934 16018.9163552751 21228.0468458964 22278.934533732
2525.31173982526 2595.7681653485 2567.20131903728 2718.69433202712 2712.79183946754 3809.06844838139 3343.33968118802 2369.33688854807 1707.44285853905
0 0 0 13383.4331586351 10000.9236766308 0 4327.74730086365 10655.1539357083 11643.7059509555
1230.77827412721 995.719513680776 1250.87721460749 1668.09356446138 1400.12332810432 1225.0725181133 1343.45261035367 974.633821093184 940.71643174899
11319.4958884549 14207.8695126889 13031.7368803916 568756.784260134 13849.1129614612 14152.738119739 15873.1154819009 18002.8593192583 10972.7243157645
20513.9528224066 25633.9844331553 20798.0756789964 22235.5894624813 15390.852705679 15256.1344499793 15467.4133944608 21281.7379655329 19386.6583391755
11386.318368196 8797.02087095608 9720.21313264742 7933.01491200597 10604.4599883658 13603.961908928 7351.54235178177 6725.21266723975 6118.03148290626
1894.50704885548 0 884.414124589951 3437.53666195986 1494.63055085239 1868.85278508839 1448.12012974546 468.350916287548 0
6633.01646309962 7248.75559612561 5980.86019362763 7924.83339864263 8184.1972359408 9047.25794659693 7598.69376283621 5745.19031101886 5296.05671616939
2726.31697477015 2716.77136667338 2039.7722640815 1999.35626988131 3790.60389128863 2065.59169991912 1342.44108443203 3267.45072628246 1404.1663520974
550.602379135453 458.867495300296 374.134875747747 510.972561059328 595.511730918519 512.835484007061 362.935836924956 531.858225714389 311.506333034077
4018.25547818233 9425.38065920064 3107.69080671655 4949.31309868264 4696.13437908096 6658.83203100514 3633.64267155697 26810.7304070447 3165.62822147581
10704.6549769639 8494.88586747748 13165.9178257662 41079.3751178538 34508.1293141818 13689.9381767464 7494.41007962022 25935.4920019604 9342.42614592002
16439.0955034433 22925.6349532208 29569.2601586439 16435.7338824488 29632.5080501294 23685.6164126108 13101.4021715338 16457.5272994834 12858.8270333732
17232.9004645969 12667.5582277806 18199.4338649353 11794.7491352658 47347.9803829975 69297.1522738016 10324.5497821193 8816.09486979455 113781.125427589
1115.36552467718 638.135592808899 1247.93166853119 781.39988467287 708.17519370164 1356.86146557736 640.539852731488 325.67385500059 732.577568673469
13750.8258316331 12003.1310664259 10480.6920866757 24482.0023926356 18213.7769957775 19683.2189924952 10199.232547204 11776.6986605022 9152.43069132001
4027.81656810627 1782.24612348754 3077.61087865652 2890.56506911856 3394.96315488198 3034.90010802828 724.876797502221 1478.33680962166 3697.3332757747
1634.55327192077 1384.68794749127 1832.29165445066 1286.12943465114 972.783383705934 1385.04573283529 1060.78474799652 1067.27916353549 1325.81868009794
1150.73820893394 1350.1065762206 1139.35334077204 699.785291191676 810.322089234425 572.081551975814 1188.53082355141 1032.31774983384 1485.87201051467
0 1992.50169955406 0 0 0 0 648.558137835381 0 0
30339.3922098425 53900.2136286392 19316.7975477399 15242.6277995951 143635.813070435 10313.9424535704 5668.2720420357 7031.23706182494 7076.2094675307
4756.27637553166 4023.77120474878 4787.13324118145 6136.43529846941 4914.01617879322 4763.35240671946 4059.58145646591 3767.21746593089 3574.62957599134
228.980817871873 223.78294388107 194.906812732738 210.938298393969 271.257276735539 206.133825329666 152.23544260768 233.76229737124 158.603820198332
1940.48817062832 1354.07926794438 1807.03222392583 2347.55303209735 1942.36203192095 1854.25381339511 1458.85346048479 1561.21528721008 1394.63208417482
4724.6674718285 5236.32339084248 4812.36713042526 6273.25742774994 4379.79117378696 7961.29190873146 6972.53208462854 5347.50784217322 3557.1084984576
12560.7882521264 20016.3156603021 10381.8275853206 8714.71846569106 22374.3694741256 25911.5334534046 17443.1107199826 7191.22230135883 5597.79950429067
607.437760895109 609.548240520655 655.720360217704 1114.06791637564 5866.17797491077 1592.01826614577 805.93628148013 1159.06092002327 704.684614042871
15627.6711636605 18928.959415373 14170.4556295834 16226.2759191087 12719.5289166455 18990.2409248436 11942.4290624656 16547.2214953417 11398.4310880481
35279.3404431707 22969.0284563731 21909.413908028 36518.100519349 34938.1547521765 38022.8820866402 21168.9032524915 18011.7770930317 28545.9619385763
4701.41949384339 3696.43313014617 10189.7100152723 2869.85250939474 2673.97673895915 44971.5623299021 22977.8754298263 1944.72239913164 5748.73425117114
1170.64030198095 1173.42301020915 1055.0330431507 1308.37464707645 1143.61274166916 1532.88467272049 1211.92534074994 1112.32463631471 793.349629296557
609.900812577881 17498.8160918645 16986.5632774523 789.749737213619 308.187818442956 1457.7231398544 643.491491549901 27348.2003992118 532.425703101827
4523.80378953672 3076.06785558938 5160.55068733154 7282.82900923555 5698.51103094927 3745.39214694579 1899.36295745385 4914.42142525224 3335.94514435104
23020.6565009543 10753.6191117581 15824.9052736916 17973.0658881905 20755.6308735713 21647.5362202692 8660.47018795168 10951.4143647843 18431.5883597381
0 2883.17557381279 2642.16857325752 665.935239772782 2693.97987404291 3913.15785119233 0 1453.3081858032 0
7009.0257810296 5039.54211721978 6386.81545960091 8494.80027922416 7043.424036424 6154.58074344358 6087.19032751851 4854.0983832468 5534.40259876625
1965.66751874768 1640.22594004141 2011.45134867448 2757.37474433965 2140.03588163616 2025.44045819821 1982.08511421911 1493.54703028432 1577.23113617243
0 0 0 5647.14461506096 0 5526.95184389688 5202.23928634045 4189.01160782809 2162.45569764489
243.144161392719 233.961559426611 220.220527901365 264.637130523786 250.202003449589 239.628056311704 216.258042696919 234.663998180472 213.93774227452
167033.058490097 3921.60562418361 8511.24661434424 228597.159901623 3247.94357709744 6045.10713918222 2995.13219431689 4479.94092023232 2949.73547644267
514.152959328451 668.943112232349 237.291610213606 1340.07001410003 1037.77919367279 1177.72383642191 533.376216346117 639.49370326194 290.873327741673
2897.09743383329 2754.21670584071 2298.16768361006 2357.54443840096 3634.39284121504 2637.27653139851 1899.93314605102 3133.95567365552 1622.90703128688
331.755455955457 1451.1303647402 0 9660.3294838085 3310.9810730483 3814.43630557531 2619.22461444546 2748.25177069114 6010.69852755249
22626.8339907593 16835.7324084468 16929.9641809785 22260.61260376 20330.0965529881 20772.3469088132 17270.0156900694 12367.5862860881 19413.6654559202
13979.1959814513 14834.8588079518 9873.72737392668 23925.7364684571 18636.2634772251 18123.0477376293 11443.911275519 13517.6829426686 11438.3350449258
977.887956396084 631.78771085729 364.559335498157 23491.3040544364 777.458209693077 873.240633936388 1465.04103466942 657.140518282319 8900.61085503706
479.247323802759 414.065550098206 375.168471960232 571.538317481567 527.952838368924 494.132146034042 456.324795008755 461.944800323256 379.584752653822
1997.81477418921 0 1972.63831590849 3905.12549214406 0 3760.97473114651 1581.496213438 0 0
976.514939601577 792.804934581245 842.995928459206 1163.23184364594 961.991226323064 1230.00064293878 690.398948280481 652.836824437362 686.948594060783
305.639584051032 293.680915829049 243.921605045729 470.118291605724 291.16460609383 260.910379766033 214.023508732443 222.967985855983 220.234520601056
1475.51603354852 307.992989855546 730.840670921152 1313.78589527228 1512.53708284942 1292.64082240041 509.992032124455 860.79998294444 1071.66576523934
12950.0043223015 11444.3218117056 10886.436866063 11359.0709289495 9220.61535437716 9054.27965403014 3760.67956635213 8731.68192676891 11172.1475028529
3513.90729319238 3767.80723924584 4067.02486305763 3199.78961255414 2234.23583464512 2925.54526322864 1683.94416784758 3467.96921667715 2873.68794923908
3006.39694569925 4991.48440671923 0 7217.86280957861 1158.59333332321 6582.2765837803 1840.71452313553 0 8282.79452363742
12363.1931411475 14144.3977748 15230.0417286316 12973.3841429129 7945.13483982822 8207.04076326728 3785.6451904856 14541.5210197063 10917.9382395478
29572.2946196505 15573.169248306 35958.3308181341 22409.4118723925 87545.8166586509 32203.6199014322 15751.6865043532 6257.70278985758 20458.6046637055
8117.38912877987 1577.34036717704 3628.00447020429 6820.36749200109 7287.16504335822 7279.08351805883 2971.75651601279 4146.3877327263 5324.83025761739
36129.3122804504 13141.5646942549 25299.732778999 25964.4329742897 31857.668940604 25339.8184910827 3578.49128273863 11052.1105370426 34073.3818768834
5303.56359876005 6308.14542685769 6620.11175361123 5247.01492775141 3424.92101675188 3672.32653585067 2246.12099250043 6270.70638207072 4762.67765545694
78567.681099804 45753.5170860346 66214.4478573297 79636.6802211981 80422.6329928393 106532.756639915 48265.2805978228 50482.2928452767 55306.673417971
42643.6071238717 37428.6576651603 52854.9139877956 35450.545987053 30506.0870788392 50995.8555109145 26809.6931763433 36602.0735715785 40482.1630917166
1781.50988062004 900.603139669262 1404.59093676156 2142.85460315782 1856.23147891593 1684.95997009278 1025.76568074935 1434.25563086698 1299.06289919224
8820.05300194457 9784.46987118916 8474.99315884841 7362.62507893039 8556.30416745926 11849.1392943561 4192.20443910118 5187.03233213181 6365.14313549409
8922.28837771891 7167.29104856846 7983.03946572004 9290.84221230224 9971.99636437216 13630.8249829851 6112.88017160418 6442.13748777007 4653.33923321177
1562.83898325567 1443.00941056485 1139.44847818525 1213.16521306952 1703.21492862394 1412.37431189768 920.748156953345 1485.14163352724 848.584477356079
5506.41081853834 5833.99452550947 4655.94788237559 3017.90404321474 4878.87517382062 3676.76653878273 4909.46650066119 5210.22258455497 5231.26955508782
7282.50746359412 6029.72463404001 8316.59873499049 7271.71529888774 11178.5587752663 58797.2330035996 32350.4313282015 2775.95602655182 6631.58545430495
0 6873.34501678603 6017.65808563515 8124.49089003335 0 7329.29929214286 5391.24301386234 6507.66795916449 6936.81517360484
1403.90872300512 1415.55128683783 1253.71108290812 1094.41897084333 1320.36386357742 1773.66656890374 1379.2852189315 1323.11168591273 841.417274806323
47584.1498819131 31042.937570474 42030.0090558512 39209.2441042929 34561.6085075343 48546.9039595527 22386.7603133102 25374.2260709518 36410.148546222
3910.06624514695 4838.0249213057 6116.81613253989 9166.04685663231 3935.86630234572 20632.7845659242 4425.77316755554 10173.6341591681 4760.90558703406
3356.88715039024 5887.72940491846 0 0 4499.19170471679 0 187.236596327021 1962.64110248437 1171.80335968713
6616.44982145541 7499.04884958495 7445.6665073863 6734.89530436246 8350.39466999847 11615.0633912369 10732.28212789 7206.24444727602 3545.6705637457
14706.4499098679 16945.2922560095 4681.56068056519 18358.2553292087 10184.9819443751 0 10279.6545505143 2911.01316822807 0
15577.7615986853 17985.7479761923 5086.40553761149 19057.7597674277 10274.6448268528 12364.8557403509 11426.0825219962 2688.5062872354 10008.8864200819
10216.5509476986 12918.4448815454 5117.51326162722 11399.5900096358 7645.32695166359 9986.34053655731 8681.72433146358 2381.99549399056 5941.59451783489
2952.74385204416 3263.9919143911 2721.64016572064 1252.4117748297 1982.41034023924 1613.33244569588 3170.00373695623 2103.28533119329 3307.79537361388
0 9526.41905758305 2346.88715005489 10014.1691034755 0 5990.39534563767 5326.50342598009 0 4695.36189654654
45714.7293542422 45291.0507232582 34879.3245624783 48745.5967985409 42385.1150278171 52496.0829014448 34688.3993134602 47229.8423681131 30518.2385407518
4228.70694588302 5509.47911981411 3571.29591659954 4943.57200148034 2632.81877450486 3090.57348206962 2249.37988382207 3400.25849612554 3358.95137611128
0 2806.9481380151 0 0 2042.01860708225 4321.61594866145 0 2778.24612857255 1337.3228791898
4837.30787170276 5404.0862215923 5366.6802949261 5592.10322772605 117481.961059605 6177.65715286065 7436.13896648408 40126.9485491264 5833.90334020712
30313.5269151865 39946.4588418778 38822.6625229446 42115.3229805483 34322.3910688965 49588.8399079254 24815.7656215905 37737.0825908886 26126.6116737216
25960.6043617614 26321.6353447823 21112.2135378091 22523.8621736157 27947.5075022566 25975.3107727021 16610.9146955891 27989.3184665114 15725.3456358392
6695.77483222428 44896.1461829944 8658.59250391697 114843.622699773 5650.17335494501 6535.13743524384 4180.29499255255 72630.6075398486 8606.36513277337
10517.387916897 13238.2405660239 12152.519183425 15438.7638520979 12780.8526294836 16637.2948626866 9517.0907115626 11371.4014964685 9569.14568616177
3350.49287291882 3156.49787353853 2959.64404762597 3246.91325338422 2564.81409593731 1941.33521677718 3022.65720162894 2347.10997353501 3112.04701065684
33023.7942730341 35661.5487786496 31864.1637576815 33269.0210455344 33944.861223565 43912.1986838738 35946.8253652682 33353.2679014137 21764.1236123552
24859.0745840333 17768.1780567528 22465.1160011529 17538.0212164269 23228.3271350743 21599.4071513796 11769.9340660528 17651.0788559045 15410.3226117597
56493.1796300058 58211.5478818174 43054.4508476332 56228.5413910607 48297.3046759771 59884.513291494 43650.5221527207 60662.2021413024 42605.9187248764
22830.1733689995 19723.1033112278 15944.7111057712 19663.7598725692 19514.8835938291 23258.7739693788 14786.4925806295 21203.3167010137 13049.8635567326
10397.5928499779 10669.8725866165 7400.67119197959 9781.51199544196 9167.83189253833 33055.1744643841 7484.02526170931 10283.2017348532 7463.31296889058
23284.3135865313 26609.6079012507 21834.7012692663 22570.7470087372 18905.3634924237 20151.366096616 15164.0943464672 24993.7438351516 18646.8749668147
20042.3763775306 12370.0795775235 19899.9699464127 996279.442159823 19926.4442408908 24011.8319568943 10533.8663184253 7564.15515233648 15987.0644470949
2470.75689081687 58236.4590378212 9096.98732717371 2676.22178891153 563276.888512889 10744.375094303 3059.16536105319 19853.8353265105 4017.91621701697
4054.12341236861 7866.91264984826 6536.79096393313 9307.02523416681 8037.00419622814 0 6044.00316642328 5689.36324378698 0
10876.7245375326 8302.13905215255 6380.3758313887 9052.67393156438 9145.32408937642 11130.2605490046 6855.4632391386 8945.19097561572 5437.19255162821
5121.83081538996 5191.42675416175 5361.01854675801 5389.2170164428 3515.37407565005 3411.342878728 2410.19662636015 4538.4172840283 4483.76100530318
27987.0652418311 30099.4773757842 23968.1066885416 27726.1296173548 27873.052004639 40271.6807787226 31092.4962105788 26060.2437066682 20068.3448416378
12347.5152126874 11215.7592432909 10581.3484060448 15133.5935574372 13598.1725577037 14065.4560091642 6769.42311143032 13021.4185960145 8977.99433966962
4815.07860650341 3861.34920908768 4161.98311907556 4927.35409535056 5385.18119607637 4846.89969799878 2717.12190299419 4070.82824693604 3825.26896483919
696.202022620662 687.703894016176 663.659131263545 1145.5291304626 613.858691003406 1310.97689817834 1619.87897145312 982.084694423973 517.784858072655
11613.8720307789 13371.015032903 13159.7433341106 10944.5346513465 15122.8796571785 20143.5534637078 18058.501523548 12834.2940471008 5629.48929177431
6234.23013857882 7271.00870345771 7173.41128636887 6638.68077317628 7776.39919039474 11027.8400195601 9597.19084538859 6879.76750452707 3513.65357948018
9470.23579333216 4828.02364872864 8154.76554577686 6725.4024783467 7296.30475200101 8135.90314001449 3277.42312418958 3544.76983317802 7792.96258615034
10770.4362749804 8303.15764138939 9525.84657727723 8371.81393146313 8175.55799342711 7960.19043041109 4388.15569503812 6380.13479898428 9640.89114654685
11295.2135366975 4753.64031897666 6299.03296346824 6087.75747544725 5688.64385358371 7849.39267712355 3441.11294751563 9168.41493498192 4559.0380483724
3651.68475708615 12109.7248882403 1856.50582117325 1561.49481439794 6543.66599656528 16312.8140842494 1432.93100296757 3770.71716216091 1370.63546957846
5804.71540246822 7531.45422645671 7841.01095686264 8169.67729776752 0 0 5582.1559096882 8783.72783480466 7063.6873054349
2423.16378468502 3105.16916168207 1296.06549926809 4924.25139984942 3823.73582345307 3956.33483164943 2584.37940678035 2502.42203271239 1869.38307394622
475.572823636853 261.322382971706 296.607231561865 472.25997112534 435.428903589619 577.669938826513 291.778835412356 291.483041768319 280.248037789243
350.829586497757 381.291972547543 407.190936345492 450.572274254723 408.287089858985 341.863755577722 339.326116794308 377.207594294098 471.0690130617
256.221018006644 424.212277570752 393.81141761057 433.902150368562 257.59428334568 428.914983200504 252.042573363052 365.781905956752 293.935861830575
597.486555912127 515.373103716049 523.222268855649 586.178245290652 615.427172365239 775.670427903628 432.750491957497 392.991567835143 370.792344465828
1920.89651553387 2106.41045536803 1391.98135242484 3594.30811287379 2876.58918136814 3076.99841204768 1687.61971079084 1978.44125970871 1315.05165332461
42853.9131426379 2223.53129622175 163555.419077853 5000.23952727659 21923.4201735528 50574.5985072147 3836.91368426205 102324.174034303 2280.19530641594
410.63679237132 460.343900818775 438.100309703008 533.408051499904 493.032962271791 473.472245743539 341.184936591074 487.08476383323 468.559653390308
5021.72641866931 6264.15255763086 4882.69023960914 4388.00735877498 3965.97195552527 3710.4328091749 4245.95123448833 5101.27133314822 5666.04397412242
9293.41181379054 7014.42272355901 10988.8081559497 16382.9000875646 10564.5384771093 10302.9379835144 4645.75928123007 9623.55704523669 6625.38784452618
0 0 5807.33707168752 8392.68365648714 6744.42779126864 8732.10283306823 7067.52349169975 5089.75026445374 0
8657.51975105254 9167.15690553921 6868.05360269332 10899.7804071691 10642.0308980268 8481.34524970682 7584.9450956792 8627.71600383338 7128.53212090352
5525.93006839522 3045.47024424751 4010.600084805 4726.64467277321 5189.36073341881 4762.10912115561 1972.8320037678 3060.98952925551 4572.96075421347
31033.7507268553 22852.1565983939 12212.2752504875 31058.5806824671 33045.5563820061 33975.2315200829 24524.1262141716 11859.0334101159 28091.8399716115
84.133860151942 99.1808396440017 89.1089778770439 86.0292577555132 94.6683189287938 102.342984349639 80.132606867866 89.2674602473205 82.5071532689569
5036.09048679264 9245.4250425747 1598.07920703603 0 4154.14600707068 4789.5431808473 0 6395.97371478211 5483.4296559166
12205.253020026 9150.38288326222 9333.76179277838 11308.5409692111 10519.5921520953 12900.5617253973 7162.84462770661 9420.98333845237 8168.74014830994
15543.9389808193 16718.9442561896 14423.3444414529 17364.3430209951 126464.214165507 9766.47910353232 11970.8378388943 10529.8039590091 134446.17594632
9967.07500222059 15316.0827391478 10331.5115428 19108.6350210304 14429.3995410065 0 12803.0670210825 0 10664.8938849581
107.660419142108 0 6847.60190939204 0 6790.98727973259 5596.98390923084 1608.75520420378 1027.3639337083 8120.74797542369
2484.5156927852 1372.1927709481 2249.87106422962 3209.72453144391 2774.37869165079 2121.29065153812 2396.03103225455 1755.31773107119 1859.64368309461
676.644016427689 0 0 1004.41550790285 0 0 0 1561.29644365321 1139.87544310153
934.720974924689 1177.56579952729 1259.94801096086 1118.23247641621 948.283254954692 1289.86188375579 786.657893064133 1137.45169392576 930.562201977493
31603.5922027717 17322.1018612874 34383.2589944746 47594.7657564226 37978.4964904945 24343.9096529574 38148.8179884079 22244.5530963124 23620.8840138143
1392.99312046885 1405.24338317688 1335.86522366663 1596.81420198311 1305.6091339084 2244.21996154223 2079.69586644464 1442.08063806616 880.569322261221
0 0 565.179004058317 1840.16872506509 976.118826991303 1646.66224016806 349.825015355039 0 283.080779286573
673.969866977116 602.923548808329 713.325802101928 1044.88430379057 932.202952442757 684.752423526833 428.217821320495 733.007411769775 658.948240143151
3293.0199436498 1949.90787444632 2568.62577690131 0 2360.19060207665 0 0 2890.17044883857 2454.64563440367
193.346501249423 0 172.235955300165 0 0 0 0 47.6417974874522 0
1049.84331054496 630.525136988204 830.498830942479 1413.92153499222 1067.91446141308 963.598299619213 494.580852474889 822.735899130284 777.849080833223
2962.78413821271 782.68540681002 1299.22908864191 2759.3204653265 2758.8616439748 3403.98475968666 1387.6501969685 1603.01552635653 1610.83092089883
5533.61133752797 7265.16624857474 3757.16916326768 11387.1460133956 8763.90393634733 9739.64352438425 5898.2114125059 6453.35529869671 4105.64112105126
245506.571743769 24446.3784182953 34973.6204506383 36033.3420865064 24276.2966614868 60773.9258474561 17486.0133360993 24580.6505037153 27309.2663685742
6445.6770829772 4837.22027822143 3849.59598861595 7642.84528163212 7181.0966732859 6427.86465370661 3981.90401025251 6221.24014727257 4569.04932218269
7686.49136644058 4294.37031480267 7869.87416861112 11065.2570080801 9055.426316327 6307.19223120722 8346.94528303434 5739.83648857424 5702.12509685725
9511.99251616348 11123.3071403827 14463.61547017 11165.7564942903 10190.9453743002 18237.733489438 7120.4839485592 11160.7806212777 6771.98677051692
38519.316958013 18586.2472795384 38191.6704390817 23324.6958786521 21832.1367924414 36476.3222156291 17330.1301626647 10248.1991048773 28883.1530588604
11397.1087457292 5042.79429830657 11317.7584557219 6912.49857906402 13956.2893197721 10292.5510764599 10284.4765352925 2659.71993708029 8845.33817737584
7228.94835479843 8387.24124025244 3502.80300751784 9369.05094634819 8239.48989853508 8210.46247017021 9814.22539446183 9222.11489174091 4073.73846536872
7792.61215957778 1755.30476675346 4086.60428283253 8402.34401126336 8334.57562610914 6866.35547925451 3423.08132900182 5698.76548969396 5231.00669396078
1277.8311405813 1472.04926047735 0 3967.77988158287 2413.00231132543 1359.77174186213 0 0 0
35084.8192764138 18961.1229924153 37974.9833822149 20606.3962170359 15215.7376002206 35025.0117385364 19761.3596379676 8311.23460733433 23461.8969591145
3172.69943557691 4482.11663612648 2448.38500123909 7934.44904579139 6114.17816035364 7242.88884185448 3602.41894424648 4394.29703559487 2060.36479738227
5051.63681858287 8745.86165952038 0 19378.5016047522 0 14018.7218905717 2682.98301530112 7700.09401040754 1821.68524472301
2598.93249883085 2832.43571670508 1519.95337390471 3018.75519082026 2811.48611895927 3157.74370335987 3352.47937331246 2953.71571246232 1427.73527247233
2949.84775745055 2327.40593628468 2320.48872912079 2982.11204577812 2789.69733865995 3069.25615179141 1994.17269861939 2778.85430495701 2760.3188556824
576.964657287634 698.86873797786 599.776184826363 594.811843243207 453.073172431655 776.670443900681 500.159433852206 581.761632708685 611.302387379473
7889.30636130327 4307.9328964016 8317.80721824574 12529.3031304738 8967.14524293573 5780.90526368606 3282.39423544968 6870.64854263534 6719.61736694033
10069.7130007882 5582.07108458204 9796.6758552971 7763.33403969382 6938.45781274575 9715.31569891585 5234.6273180735 4402.37073099443 7403.13221662791
423.295058851854 1156.12979127794 15540.9177537209 644.638884224574 2458.03023476799 4618.5532960728 29415.265681748 337.534240288542 2038.05291548399
0 1477.93987522766 0 2007.57908472181 0 1480.63281754594 0 0 0
3565.88574263999 2540.02451520082 3266.15686891266 5316.37917675344 3684.61963318278 2874.30629977788 1592.81919899587 2826.12421796584 2788.18350336629
3555.39854455617 4012.47064312742 3507.00711426395 4978.45359806774 3616.66460442097 5128.97494058145 2795.99927456279 3535.48826206105 2419.98791152149
0 128.683918364897 0 211.835301508141 0 0 0 0 128.578611980341
1387.64808683156 1370.20951237886 1098.1217690707 1485.98347595759 1272.32479256711 1540.73819804217 1042.04326768936 916.253869522 1195.92142329821
12066.27462321 12601.9095753135 6215.90899566115 13015.3925025586 4863.12559086518 13725.8177453739 0 11918.3064795007 7821.13728736258
1932.91887855739 1945.98293623419 1192.81123748141 2290.19439285741 1505.47523560647 1689.19042888707 1152.74807874802 980.88131929679 1339.04803228961
0 233.841663002402 0 2180.79970817169 0 2309.41097746651 0 1185.97170642738 1704.35276861839
9804.76077422702 11530.1306638152 6860.20209869526 12262.5522461311 10250.8711782083 12331.683745539 8191.05561093804 8516.67188245304 8514.76242119928
3607.62310767008 2850.22452608216 2740.16596203958 3013.23898180727 2872.06991897041 3912.55710446268 2011.74286200644 2843.21969356549 2241.06886266151
844.957528469596 1136.79687076394 886.312005190497 1113.01567904453 545.438411752348 1161.11623037529 547.970759158962 794.936626776563 731.039434162711
13329.0936763892 10262.4143438423 9392.65938177812 9666.32448108113 9712.43095907791 11721.2653466578 9122.98905471828 12079.5455691167 10745.949004449
8190.86123053128 7821.80525732713 6893.5619232925 6954.79887681373 9870.21012783943 8502.75904396093 7122.90890225276 8324.25965656981 5011.31447579083
22736.6371381965 10349.717383252 22820.6148379742 12946.4643702099 11587.0037375981 20644.7601006421 9488.71840908914 5150.2725388584 16819.747709919
562.089319003702 610.224433221359 574.876823865139 731.433734252044 611.82536622265 634.088002038333 420.53951006672 547.229106277484 561.315698658601
13871.1377971269 11302.8630308822 8522.47250083498 16567.7867081745 12211.2556921027 12783.5480258163 8322.00720556059 8834.22170935677 9701.89171588172
5872.1261281615 3170.65612421181 6174.94902351574 8695.06258501191 6825.52375381527 4826.50005645028 6292.4114560072 4339.8120851557 4279.58921794024
23214.5003727906 16947.3448485127 11117.484396931 17686.3614926799 19693.656037154 24081.6920020156 18349.544175371 181176.143445765 21810.6780643315
10043.1516376971 8180.58738827837 5946.74032299405 12176.2331249234 10687.1570477781 11304.4528308159 7781.23858754209 5855.34412242666 8105.31719078848
28101.1063523741 6281.61052498128 60168.4343797377 26390.5185449796 12378.6738163143 49308.9069193806 19020.3672303047 5707.22656748408 5428.2514380769
1205.81241633267 854.603711105033 726.902303319335 831.389626250532 955.53055904653 1246.50034541271 720.146849649922 840.758916431343 531.527639821409
0 1334.38058888308 0 492.787569995088 0 930.101834371545 708.828221900242 0 814.196636121397
1070.48183272502 913.826934976703 589.484520852759 959.085106161432 1045.31777958882 1129.58588575445 797.770710939301 621.85542773887 865.656136982689
6592.00478244225 5668.45906306834 4846.65406008228 5962.49951913491 6314.10861928546 8042.04311343579 5205.9247758543 5591.03105432773 3178.5739317825
2926.24550669179 1312.47899024638 2095.45656746386 1756.85365419648 2599.63227179159 2324.27291147591 693.419594313684 1221.91263610415 2407.34973101529
28632.7959534863 34238.5725547539 27421.8538889819 32779.2306911985 27925.5497573681 41819.6215720573 31628.7102096226 31513.7858682472 17884.1738024974
540.655709343894 461.400974253315 637.289707976627 795.503265074377 612.206629532106 442.272449787447 702.490430925883 381.402384896868 439.396780545332
1559.45580785033 1340.12180981839 1637.88552368342 2133.21160027538 1717.80107832361 1482.42604212656 1704.51686231611 1322.48873135671 1161.02622122405
1408.64901571828 1595.36311507443 1191.59769741128 1537.48869778178 1008.41590166651 879.762271718745 984.978339252671 1052.46616431278 1284.55727714595
735.991348997473 697.379669127255 453.36394842482 1125.92056016517 1036.05833827697 1020.25469992336 608.734404305919 709.047726288775 493.216390118611
18344.4520531371 22769.8421120878 16742.5592532803 22654.4743625534 20490.76047762 28852.3836600917 19294.491317049 18260.3887751699 13043.3070490693
2809.22999582139 18665.7108622608 3771.98691719029 4238.36316727115 3499.18063289035 5642.96380797742 6087.35455951294 6894.37568082983 2000.91202930725
785.637840173235 0 692.970030644743 0 0 0 460.909661737218 0 0
10463.7412218978 8011.33806973148 7788.93786861755 12601.2361958207 10193.2951959071 8402.90521568396 9733.4464138424 5806.79491066581 8403.95247089634
1646.12361624345 1900.76054955918 1054.98405356191 2239.6018391474 1209.97795544504 1759.64689728248 1838.65866539133 1101.58764448553 1118.84353482409
9664.50981030825 10374.5177947079 9368.92156046853 10226.9314958335 11634.036257213 12318.0332591981 9167.31078101154 8972.67555955939 5548.31583865441
12354.0376544974 17670.5703713311 28777.932651293 30221.6392507846 22700.112493524 49408.4507935231 77133.0758356735 13726.6853656258 2836.32369939775
24755.3703254248 29789.7854105387 22127.9487636308 12597.4417041524 16736.9778515509 10425.8837798459 28653.3652520987 20953.4696416417 33382.1121434211
4453.35281521701 4759.12287152708 4400.37039526374 5417.71064570713 21679.4790460639 6977.76419755401 6629.99525663081 3867.09067364743 2828.55024350341
2075.25528910511 2618.93568454361 1906.48119661815 2190.93482450895 1736.11973375057 1874.03510678177 1652.13953755584 1905.06397416752 1979.56290912062
2534.24118182556 2801.39207350346 1092.96463369113 5352.19556893455 4279.54356815173 4994.64385170291 2374.24431036006 2292.93290513476 1564.6364179495
0 487.943981631197 0 637.097407739482 0 778.157155902789 518.667554780734 0 408.63572451952
83283.0147606366 480584.845465178 4028.16524155594 4922.85892408176 4132.34188922863 99815.8727977044 149490.723870387 4115.12664871352 57691.9672765256
6785.4369865883 5857.47848783465 5475.35588757811 6785.51803860717 4722.53783780142 5543.25196945689 3968.94374850786 3452.74432941362 5116.3704685823
15721.0940050377 14835.1272090713 7248.82350947395 13011.7151317485 16117.7729443313 14021.1810302808 14171.9533209848 11696.2497532447 13122.4723357053
2738.98854984792 2097.74912967925 2133.13663478736 3308.76617924535 3135.2020163015 2718.63190917673 1468.67855723141 2536.61977277178 2281.59710421199
0 0 10216.1576398348 34349.233436516 29329.7036740758 30524.9890195645 0 18890.8860627255 4602.39828333315
2823.36249423346 3308.95629252822 1915.06874662282 5376.04905264239 4374.17049159377 4707.80842226528 3017.56942745057 3084.08762300111 2003.46560251732
16240.7659076494 26675.8843274327 664047.107848375 14611.6074562626 10020.0357491737 39241.1713479329 12486.29926467 6374.44486802786 11141.334059948
40139.1634314261 91338.8506887375 382.870933755383 266.291810875172 319.607650691691 4099.84535403561 824.770830161999 695.361562792647 3609.77135325616
2165.11773347183 680657.82428493 2414.35828423358 1599.99194691288 4026.46280088215 42020.3076808481 1089.87201234716 2044.48193831967 1228.56451482516
2675.06784628412 2202.67006657916 2141.77310024407 2932.66550475808 2756.39562899798 2698.92033259373 1661.89608053493 2190.25317930711 2116.39569596123
2229.52932749047 2326.46909402346 1919.29607249007 2099.17452669333 1398.23838484535 1514.93737634376 1478.53472970011 1393.86659897121 1895.110948687
49626.2429765683 1606.42745737571 1274.15599773566 60639.7807523175 1203.34430580073 1246.89962046744 56339.8049076221 1212.86754913286 1499.47415798821
1972.08339523118 2293.99029112595 1722.98934275777 2399.79412008994 1663.66492505357 2379.30398049581 1501.09752132365 1657.98945822486 1526.95346044929
235.645339280362 198.2650087216 1697.47377006359 1650.31639025056 87.4024721472331 6015.95916515417 239.489941190493 413.99337404394 1743.02367366489
3128.03777173897 2336.32591004329 2807.72950228613 4011.38535230292 3300.05553578055 3211.2796340213 2788.41287619314 2749.63763087001 2257.28177419507
681.197649001211 669.520300188599 741.020315603641 571.569270564817 412.260491142909 603.027616967777 345.978166248611 574.451403547408 553.054087258575
282.717148567029 265.077912413404 227.776749899087 283.152843053259 271.999450725427 293.936039991326 225.107329063404 219.611448167071 291.421046860874
3474.7371614587 3837.09318888153 3290.37410519013 2947.3467510731 4676.25752489447 3995.29078544162 2639.6205422578 3639.2445418669 1745.43906461405
14161.6412557677 24161.0337225034 30319.3212515366 25555.5282477581 20436.1322988108 38960.8177751114 14293.0614460919 20915.7227429376 12231.3625269653
0 0 0 781.117898676983 838.602737532737 1340.00250372455 275.679495624068 0 914.31903744361
0 0 0 0 0 0 0 0 0
11255.2700065226 9890.15900165376 10494.877507438 12278.5780105748 12103.2013815196 11444.8814644703 6800.07293249484 11863.026095232 13026.0974934365
7428.63650649301 7816.54093208292 7273.21315589822 49329.0718442538 6642.5877188718 12659.7298046221 8966.24758220896 22503.0731737816 5023.85198033222
18274.54977036 14815.8955444702 12793.7379633842 13605.0262041688 15545.2847403157 19030.2164720179 11214.3845928843 11070.3358311232 12647.1006663622
1340.98387233504 1028.48996655507 737.779052010953 1439.4635293075 1383.25855563695 1444.15852948541 908.242378736203 1075.8265877931 928.019478172614
400.377314804982 379.650738159044 311.846825750589 284.858477695022 417.769408151431 382.696895117811 265.98102030143 366.462137202553 190.2944343998
10921.9711987234 16203.3194189 12618.3864456231 18469.5443474456 17530.4343890059 20464.3809006626 13946.7506198002 12431.1313707865 15509.5293107958
6441.75309580971 5285.04726769646 2761.00126760801 7346.70246340511 7491.89290909267 8223.12072754455 4865.20445893741 3327.38799040954 5302.69391161584
1377.74034849984 163547.159743919 4074.22895903461 1577.92382690908 9810.52052776471 280780.967653446 2063.72354482676 6153.94715907181 951.782574430164
1501.19044309153 1530.96462029146 1214.53863839135 1841.71608252848 1193.99450004664 1166.56294607408 1098.19195803881 1040.06909304365 1105.0359197285
25184.8327229252 28122.7845590212 22827.9267328601 15990.4144359118 38346.721387192 24850.7928810187 17063.6287142209 32105.1434573385 9698.71930239163
200.704819092594 221.052110953276 236.670392137258 212.64602798969 244.557140643056 241.117550577926 166.070894021229 232.546954427517 187.218279488063
21073.1225261462 54420.5036235174 73703.005715625 23425.6502200554 22916.1364996237 39491.5092788979 21725.2740004845 25954.0832782417 20758.4981172908
26812.01342094 18492.6028337623 14621.6020717286 37739.5887416107 34013.3995322671 57862.7384710051 19922.3682800795 24352.7402089628 12187.2088644136
13974.989081458 16651.4637378813 20060.4514096646 15473.2361305553 11652.1453517803 20223.4013790147 10171.9882229656 19377.8071893231 14455.4002686519
14436.3154436034 17324.2261492474 20253.7804381737 10001.2018063413 9607.19490269393 46901.052201841 13053.0512690116 79784.2022937558 19929.2600016271
5148.25497623299 6763.76526071735 6297.97387380466 7347.59321378652 5432.94518492786 9025.96054373475 4180.52418743699 5982.68337306971 3471.31458251841
0 616.715337212976 1763.63957609151 0 4103.73503736384 4080.76638440618 3225.13719975462 0 0
28755.3064144557 25928.5734552431 23370.5672753806 28425.8569886763 23262.7994903475 26096.5252583586 19175.8013460658 17464.9685668479 24593.2336885709
14398.771243941 223959.539922911 12590.4552539211 18570.7192695099 36035.9423760029 12868.80354454 16363.6228254087 11190.3879197976 10429.0647237208
3005.74731321289 1378.85241157356 2937.6495136522 1769.63679686455 1694.70354508924 2653.80206699822 1135.50140820618 789.766564960456 2322.28116053433
7531.86454953325 8072.32164872388 7262.40262837242 8591.8430332325 7668.48122587711 9598.33444669768 10554.5162958511 6357.24602670957 5852.92362152373
158.285514259469 147.978375263533 160.164824929647 200.941404321826 188.540806842887 189.685683899367 96.7733435880878 148.068001205045 141.230570259759
338.594630733698 0 349.611533578151 0 516.701290024778 0 0 49.6935849199093 0
0 0 0 0 1405.15748127229 409.566249962028 61.5426692907624 799.974130545754 0
6465.99988940449 5916.32534523553 4893.15697243659 7751.9222108061 6162.50488666151 4906.27336365465 4824.15841571847 4759.2264594652 6115.85223993059
10140.3428675316 0 0 2515.17248700073 7932.01813024189 0 10320.0337302897 5612.21198033367 0
20585.7056941979 18021.4768636637 16626.5799027363 18797.2494376731 14460.4023045671 16867.8052906379 9529.23308919588 10112.2918950839 16127.1141262223
711.7714772964 613.06911831402 636.084040060103 822.539393306261 804.409293168398 719.145469152379 429.371643601328 657.973650035689 637.642910972247
0 2208.21829606155 0 0 0 0 0 942.571339952721 0
0 0 88.4378974432665 0 185.21608543066 539.551185258258 0 0 520.568632559355
23694.9606256494 12401.2142563305 25900.2104909635 36173.8455236404 28547.7462723753 17611.1397736866 28373.7311271443 16658.0158423697 17670.724027963
0 1312.99806423937 0 0 0 3072.24326573166 1061.48324195391 739.281740452098 2255.57729322737
2670.92038532342 3140.76591485671 3019.57425918209 2731.37473420359 1992.83737495186 2263.97608448819 1399.62349121717 3245.10091464159 2238.99629893852
2956.39305812685 3450.1715130736 1814.55703649597 5274.88579905812 4462.92898969732 4926.99330379841 2808.15380971183 2984.40621415485 2133.15074535128
657.069983291799 474.628061368663 662.87872928959 524.94936591016 555.150745790865 480.502982466307 199.536347940234 480.214087758204 670.090031344693
3797.20952304655 3986.48845797571 2579.63951856948 4544.89984266335 4101.32441970488 4152.10309375633 3975.08507640254 4024.17099372937 2530.52834689608
8430.88917630188 8820.00853925051 4127.60045393613 10205.0697894416 8718.73981697032 9754.8806991921 9193.65032615257 9376.32381543147 4739.51131546962
44319.0454604237 19087.1329420504 40108.2361158047 27075.7877461932 29137.169435698 38989.4975188444 15081.885555917 11786.2179196981 35751.0817680826
12214.3358930838 7170.39297084396 12012.9321352758 9556.74880614471 9578.2020363239 10624.4590430039 4546.74749571409 6506.82055429368 10812.1297070651
335.319176806878 535.709962889982 860.213055535196 3868.44119297219 888.795464347299 19409.1083977668 3697.93528803518 464.802792835934 402.632240636925
8159.95492850174 3267.3904782772 3993.12170271068 7306.27201649841 6655.45993785283 11075.1956080195 4321.27096811747 3714.90894773212 3755.29552446536
16750.7738091933 16585.8083229638 12516.561622004 13426.9293134568 24102.2957820618 15343.6705490854 14846.8411776256 23125.0066259797 7560.40116843914
3200.77014988001 3232.82510531851 2222.22903354178 1861.97347641452 4947.39851550372 1742.87994831855 960.019489188464 4254.83152510202 1314.8134807369
32664.0159559316 35138.2290273676 29123.3064618312 26128.264971993 46783.2212383945 38683.1878434965 34549.7491386208 41806.7058484463 14340.0854535643
45021.9032962382 51146.9073402061 47292.7568806548 30906.8630748464 63600.9459818685 58822.6311174521 46485.345384984 53450.8806480324 19482.7298243994
30654.3178923594 32649.643824777 25409.357658112 17566.159813739 48184.9918499749 24633.9073352455 15596.5374999974 39860.8409400435 9315.45670413113
10798.2535309309 10799.604536175 8444.39237576454 16331.2578108819 11177.9419394762 9936.85024212376 6967.18465707352 8693.45947357086 8609.39545279531
3399.9133096537 1383.74355995083 2625.2663432106 2356.39802205562 2946.16032206953 2820.99228408621 819.495096614476 1257.14482148637 3047.71817401965
1659.27223084904 1484.91213572138 1841.42562553841 2001.20668000077 1890.28136451389 3004.18903536042 1248.51230988573 1420.81845280935 1108.78754712959
12366.9789760253 15437.3667863331 6159.44473389299 16995.4239212667 408.940724250161 15237.0993365744 339.784798730392 2864.48626161515 13573.5923113251
5530.86758015611 4121.57010791079 4666.82361191889 6816.42935236087 6393.92481263231 6464.01223247303 4768.75232729582 4292.50631102631 4824.22704645686
6998.97464379154 10576.7623152907 12624.9303773499 12453.5541546716 1221489.80310734 15049.3582604537 7793.24531047877 9726.359938331 9875.84565085256
5610.13794311506 2653.35133206092 2681.42004654453 5519.96299808861 5782.72488805842 5529.47992347264 3181.96382943782 3158.88268124644 4370.75295451587
12704.71690448 8924.50694363031 11344.7441926873 14863.3123795772 25500.9909270633 21560.8199360447 11193.7123063136 14551.0737866345 15037.0680062261
2968.88325580975 1823.27851534083 1954.00013024808 3235.00954513893 3142.90081364402 2905.3882273849 2407.31251464281 1810.64112521354 2309.31270120606
2263.96227071928 2270.15488027186 1415.81838137423 2632.03805295873 2481.57748090084 2692.35948745693 2562.57585758968 2350.80644781046 1356.13630499312
447.967935432101 216.176338606973 151.197791407294 406.626213400245 357.127274759678 455.197813604423 267.919698474747 290.549817497433 228.75730804597
13763.6590170979 5986.09631451423 9214.20543708107 11558.2768031973 10911.5533511915 13286.2862982769 5496.68840908256 6736.31026495845 9358.57526240907
0 2371.73768429128 43010.3420016408 50754.0293788913 45691.3828035438 19568.692026092 27289.1620532876 42283.9254843157 31331.7411213761
835250.353946709 482.337541159589 544.15817503656 4539.60233713818 25378.417916067 9022.11460583051 887.969152068381 939.822924118171 1079.89841082697
482.33154394295 317.962880806081 221.447949289686 467.405113277144 437.889352626461 523.710499213476 326.179533931207 341.295411454324 295.576650587943
23237.4307932488 18165.2959119896 20375.5352116135 29334.6104377034 23053.5858095397 28857.3419941927 24516.2764473097 19632.4215165635 17913.4577773088
660.416295833711 286.174333026567 351.301356923192 607.141230135125 607.072285551857 634.521344311946 335.116964965572 440.622336447114 432.280975350708
2177.43537939429 2880.87108674159 8608.65630970437 2716.73480549482 1705.56364832743 3050.24347393249 2451.48144444031 1036.31308149786 4121.68377658729
0 797.5970483921 0 0 609.509388901543 1289.28556970021 0 0 168.329170464671
52661.9753992863 45130.039922544 42287.9131206918 43810.2026686053 36015.7850436537 56396.4991161605 27940.725481774 34011.3473656266 15967.6398225085
6535.83993085727 1250.45604402212 1120.54819846054 5075.45401720351 3833.46748924241 6744.65035882468 2565.10813097238 2228.83948488786 2827.89659859843
40611.0338102291 24844.7210545234 157936.9259076 27270.4082240766 21589.0169574267 34020.0930193382 26346.2789851045 23085.7102146599 20630.0351808023
33535.0815793541 36610.4691871382 29544.1786889721 36974.2873745361 31248.7375006294 40964.638147068 27314.3472867608 35275.7224907165 24650.1868340089
3589.99785337134 3730.32849249071 3171.06548598497 2769.76399390367 3600.13354115699 4170.67436618181 2630.62284263491 3573.88993616374 1937.73291386832
4393.84900873919 9248.30004723898 1265882.55360726 419.641890407517 16888.5384723106 3414.23405177172 400.265555935906 5324.84374963591 25667.7993429477
5948.87394388912 7429.66779321466 7048.14369937623 7790.5238397523 7822.48337984744 12371.083168775 10818.7946369461 6756.69366891755 3196.9647442489
772.956567178997 750.733421327829 882.207961039499 754.066347429362 566.53631075585 923.010951911242 531.848010035876 570.906458762074 628.547944227871
269.94236597757 387.79257180081 532.82298045727 508.691798262825 458.236394452566 782.956304073107 271.688039461244 289.662302664389 148.778815767046
2186.8815649764 2355.4456402815 2697.99030268567 2693.68865452324 2750.17251278282 3836.864878227 1932.98803431923 1914.00077063037 1489.89902330302
2938.01363946861 3530.89029450874 4126.51067251839 3953.91406666953 4113.97813631869 5911.67099708411 2953.00460631524 3053.54774819513 1941.58269503123
501.514807153631 810.691604655874 1122.9767428734 912.827444609273 884.63066309879 1578.17050167981 565.297295457906 602.412226313017 404.109630047221
351.64457306546 318.77534853573 320.447045010196 418.035129863166 382.631440243807 323.912024078159 223.81485714511 346.046521750274 309.147881128821
26562.6576181759 31750.2604737257 29111.3612850861 24046.5650624732 23152.9372099811 33161.3014796464 23333.9444114928 33334.9513954951 20724.5528235095
1326.93797363895 1609.96946951955 1867.12359812299 1734.9813688576 1198.7148750777 2091.80266252394 870.408655658989 1730.16645071284 1064.19101673833
491.320323149671 494.018609578715 540.853710549759 534.979503059377 443.159716940847 649.079540277359 355.123923229656 530.52678340891 340.983911114068
5567.76789938936 8887.5841325175 10547.537413731 9168.9403798015 7108.11149124563 12556.9298190224 5447.91636553394 8309.08355389482 5520.13069946423
31246.4471641105 11418.7688126991 15916.4934562266 22807.0679692832 87092.571318355 13740.6766751079 735074.316772744 12739.5336179715 8994.74665174151
10922.2490101502 10348.7195973514 11093.020101651 9602.12320632875 9393.43941756718 11262.3356517381 9519.25422041648 11672.4858043864 9388.35095278411
12227.054831747 12123.451175187 14472.1496181675 12704.9325947047 9541.88729705881 16336.0137907615 7536.11613476741 14509.1558195457 9206.55676686606
563.649702376887 561.419064127251 487.04321475126 541.649901934717 580.155181892123 579.520544814462 431.736847045251 488.352751658313 594.691895882749
16795.064689159 9271.24679511855 14963.24846772 13344.6995926234 12418.6550515428 13600.9431935195 6094.86876189862 6720.18973693855 13887.3263558666
22094.510050827 4398.00664092547 4645.1774752834 4182.90885144759 11758.7283400247 4236.80036609655 23023.6047298441 48155.4643129017 107054.075776877
5481.56844266502 5455.23581097825 5968.63250938632 6835.24864514166 6424.00866218914 6870.28491649661 3662.23998259321 6210.32375076488 4979.26267765932
39088.478003866 39147.4639475774 37087.6107313364 24184.9095132437 28300.8498074195 32799.8448907952 14018.8379456757 19246.1458188991 33703.1113339877
21656.6243642949 23568.7535973786 19439.2722131157 27171.356576176 21505.5231315075 24672.6550264736 20775.1675008613 23083.8464332601 16260.6081623089
33389.5805964052 34606.0983187808 26682.0356652094 34359.0374526751 28847.1201217951 39001.7963058289 24787.1606660163 34616.5360089338 21752.7508053588
3909.83513989733 4840.73292366299 3476.58377682835 4274.91700304517 2749.45056345956 5170.47898810892 2621.15427712149 3647.2335073887 2535.73280116819
466.202836519674 543.482127164542 549.048000864456 564.531882549987 619.549267696707 652.813247875329 486.947492399108 510.835642998441 433.365642440188
3098.81994455809 3405.05942590783 2438.55254812662 4423.18957129983 3598.6235809985 3465.50352568763 2931.27373455022 2877.0847009269 2807.4961366136
1007.32471706319 0 1896.02961529842 1184.74794493463 0 1464.42119176823 115.755317255629 731.947034825806 0
759.913149205903 684.660747570852 732.091938464973 845.085567093802 900.085648257322 748.663272259199 427.716749997079 735.7306310404 632.590357870367
9391.45029126222 8308.31586013661 8585.93233089109 8317.65503830383 6906.88078517721 8796.86879504795 7267.32237264526 5703.92059656875 8133.69441981678
4461.1659032876 4536.6111521273 3454.30712438486 3602.71344676759 3889.84363308574 4296.81534018943 2952.38152142464 4711.19673364866 2707.58054569836
682.567462920552 565.08815915494 607.859007571875 774.808898879847 662.15271896903 768.201987172429 485.304868152795 562.841441263504 582.73658996294
1470.1387378118 1100.32369382377 0 1528.24260264498 1563.19182406173 0 0 1288.99288877859 618.095053332635
4483.95021221494 4470.19277288017 3032.58430657905 2382.49934904782 7100.87757425185 2173.80759960813 1060.47451153946 6174.56626397626 1722.94486448719
1458.52944714006 1278.58169690969 1271.75468338172 1661.72232932495 1625.31883649923 1464.90875383826 831.822180637 1351.176423881 1138.89619057013
14276.410098726 14983.8833059708 0 15009.3310190408 12959.9466499322 11763.3740132632 0 0 10719.8217223904
20482.3881933335 20911.0666107905 14039.08595526 25509.2379612653 20511.9144137749 21510.0455985171 16811.7913783352 14690.8118947803 17638.3121050552
3942.11736227617 1992.94313778158 2419.31244876667 3911.34237383404 3687.53512697643 6320.18456117637 2394.5097080646 1909.59493672796 1710.60263104887
60285.24733111 68046.1929689171 57333.5678548542 68555.1872842078 429433.701523255 91102.9480084445 52067.0393943732 58830.5497307214 38233.5730146856
3020.49126099823 2412.44447368288 2701.34463867915 3618.84998411122 2937.08375393135 2642.82668328651 2610.978502176 2257.16698186559 2401.81878795712
19382.1344773685 22448.5809390406 132956.569973003 19219.5994503032 15997.780830747 19997.7657161903 2356701.9237656 22088.4720586928 95936.4740398043
4685.87455388525 6099.06647833646 4715.1536967787 4385.09229516866 3967.60843379418 5629.66717828022 3957.99038664353 5361.1482797446 3467.50060292492
309.438641988239 288.791401570115 255.972359336678 294.40876134388 328.934674374795 331.191672394166 232.555648082692 291.397452064705 271.72353923977
887.914668750514 935.189366066451 412.459128046916 1666.40162465268 1383.12247856327 1559.3601737604 750.904964241182 805.844252247052 605.865299625698
6424.46348910473 5830.08676664945 5315.65013313503 6097.02623646049 7748.81663282319 5459.72756615726 3599.76468921918 6607.73384791507 3887.32902368333
1424.38349548497 1076.48117230939 1015.87448409124 0 1255.72647155803 1210.19109548707 0 574.205112473691 384.857454399123
299.868548041714 137.5905593941 234.585117456264 215.704050782554 260.39272231723 244.949461455737 75.9738701524684 129.496119917929 265.951324594933
10507.9771609928 11700.3980142383 8861.99879910913 11541.0647209319 10160.7445364446 12158.3432220944 9070.24759372535 11390.4171558335 7815.21195155155
263.960325380201 284.429172305712 228.108380936001 334.256004883782 215.178034228032 351.459880000606 173.408437474481 208.517176853458 206.913796846169
0 0 55.3230224186963 0 0 0 0 0 0
0 0 4153.26905364208 0 5926.23813650348 5479.82745819442 4888.44084229277 0 4165.47560188637
1352.78325921629 902.531335882716 1753.82852116659 2606.73021582981 1649.32324711485 1024.23820602699 583.383624745065 1662.91508493374 1131.56511330354
625.352896200447 613.120635670974 447.437724317071 424.47032588256 935.215415753962 398.863309825647 227.884481049412 797.100527677994 285.292220009739
227.972503383518 251.764981505276 270.364255297016 279.82321047369 304.042119290662 302.350211482994 186.940869812179 249.727008435661 210.237902887037
722.176591080546 921.609960552434 475.989578369548 1094.65191761977 970.759376542647 962.435646709864 834.180470372925 746.386183104128 646.970414737248
2415.88856996784 1869.92526062283 1753.15908006684 2647.53049184187 2086.91178289301 3949.21621068005 2245.27657991237 1658.9913376086 2388.70772887954
2056.62182809642 2848.42440394568 835.309462441106 6101.53169438805 4609.85134787722 5188.39184956397 2412.97568557544 2620.52883812837 1063.70180646737
984.544825918427 840.286749263294 886.69138757899 920.297756952168 1015.0577791305 1269.71080553368 1029.3242502235 813.163007043778 516.778978953797
19580.3741312972 18756.9003521911 7406.85170678373 22218.8081171621 14178.6719545159 15516.7330815476 12007.9269371809 4405.35889566831 13148.9239397345
6436.15550606164 5925.96731454396 4337.0013179182 8809.44144596468 7593.66340959422 8682.82102287789 4380.45603824341 4665.85869080242 4703.14894538564
44873.2290903461 32941.4151880645 47381.6488025657 70485.1898323913 48490.5122917297 39639.5447309132 17928.4614683082 49688.593528236 34330.9362522127
28363.3717948601 31245.8094522346 20242.8460319978 40636.5300747905 32426.7535634646 33591.9045445131 26317.0634036495 22338.943502647 24661.159987026
4902.52397315127 554.18169765454 2917.80994730672 495.61266302503 875046.626364639 846.977248580349 1002.50007841681 79762.1447092779 70505.0436383145
12725.2257045627 15843.9134403449 17937.9155996497 12887.1453506222 18009.166919092 29789.6863120027 5174.42179984547 13506.6192895987 4415.74884040789
5015.37890000498 3324.40911732063 5700.5006321162 7481.1264409558 5906.69872806224 3997.41944637259 6191.85721561597 3589.45814474583 3849.46674858843
3284.94911807612 2627.45848398579 3068.65495040193 4503.24316327182 3753.24670937499 3299.8618798097 3640.09163310079 2074.70709863324 2762.5826358427
0 25585.9865785017 20636.9883741641 0 12070.1209651184 8753.34069134408 1241.60036464605 22629.6366001073 16722.9527813716
4632.77321517633 2484.08408058553 3756.09413337072 3836.77148883487 3568.61388168647 3923.36328586235 1709.85794051583 1901.66748728024 3688.22627805189
3097.58239490156 3080.85295918751 1518.83494504963 4619.89190920413 4065.59757222424 4654.52249634053 2499.05350325347 2252.65146640203 2477.54125011999
13717.1383945314 9170.45176277544 9525.98872437906 16061.9144038288 14511.4777061217 13234.8730886305 12054.3235590575 9313.9989440894 10466.767756468
11869.3231229316 11900.5003328228 8071.59456054565 6264.492554857 18917.1628294248 5736.20732167161 2745.96168320888 16438.7415950322 4569.0145316536
630.495576196514 5776.75777540867 1375.06514668566 1411.83715835457 38057.0179320584 1206.23901852376 3148.69674765697 4431.06463936226 523.028011929157
56902.1058831168 56550.4967267881 37398.4404719313 69402.4002978171 55963.5948410051 53965.3369982312 39529.4361439046 40096.7857673651 50949.3150317183
4857.04293068245 5135.61715083576 6090.47429449082 4890.14050598383 5156.15145019012 7606.34534974103 3706.79153248726 5082.72556738413 3758.92804815886
2511.39177209585 3042.45421448573 1635.79870670096 4069.51066209033 3434.5586540439 3446.0718728631 2734.94419023984 2536.07839384074 2110.37157259513
2232.55785100807 2348.55415693061 2327.25278556201 2623.45172846906 2515.60136345233 3207.34062052729 3053.89031078383 2475.35286527239 1791.46598316452
16404.580839301 19431.674389336 25115.2791062893 19749.1054578926 16281.9943849712 28573.9867283481 12623.201647765 21097.0646148961 14832.2644562904
1539.4140376618 1553.30011461566 1066.1019583003 1606.5798820047 1389.25703138361 1380.83127827759 1209.21685947564 1217.18825229246 1294.08911534334
1099.65947071613 1227.45233513059 1100.04605590587 1121.17475145878 1359.37736548097 1588.72712485347 1228.43934600109 1098.96591463495 769.968563138012
559.999959309132 731.536621175886 719.276927153351 661.921874469024 404.237948410332 558.599713789197 325.343705330701 640.879588501433 509.505422592086
4383.5781853872 0 0 0 2759.42570283245 4123.55866177187 3147.32310634332 2601.46817750737 3252.01650990859
314.335837696094 195.26251105057 295.570739213696 390.63174354091 345.446310779401 278.774475656846 298.570006478425 268.607974942284 278.351790625432
249.081581546256 0 0 30.5023288322151 0 0 0 0 0
2604018.75276126 10889.4784068593 8016.26340488924 6342.2007584715 8729.13435140569 12844.4925744107 6374.65402981798 11557.5014000546 4270.36752081101
8111.00981739013 9135.15096249154 6914.20533385807 10151.1884268142 0 7175.20538270011 4178.79816040765 0 0
8960.53600249673 5228.36125146757 4533.09432769558 7563.08650195308 8514.02649871697 8484.75789350312 4545.21072339193 3670.1084280112 7826.44397766059
249.205526781495 228.571783706537 225.709985381301 302.771926515278 298.153347132337 244.71891291232 133.222985603395 264.864106749678 242.501865503978
1201.04118654773 394.69301609878 768.617848470699 1383.58964627824 1323.17040978981 1050.63493070389 838.331889785098 833.478186640249 818.130249871169
1272.08006058744 737.007650279341 701.689714795072 1231.32215482699 1095.07340088201 1392.64284101797 852.824366151099 746.866142024798 737.71594934576
1798.1456351087 1343.18374710191 613.222611788592 1644.08547753812 1905.8194837676 2067.66637476146 1254.47285289888 632.663486660563 1665.66648418697
5952.81940154885 4563.98435344492 5117.16321022594 7934.34310750801 6579.58429922831 5573.97607148801 6106.65287285185 4258.6560390465 4847.68802899295
14210.9737389614 15458.1368049019 14170.3443242971 13046.4192175492 42984.5921688481 37467.5070956089 35837.3478996807 14752.3991690294 7214.12292993824
4472.22549331313 3818.66854096868 2707.4169805035 4331.36075798606 4752.12575267419 5150.84406454888 3176.35578802578 3236.23000415895 3327.84813973264
6364.02674991929 7997.47921773836 5160.08477117991 8105.78564066897 6689.29531243369 7116.10475015704 5243.71352686788 6689.04808042284 5933.52325513317
0 9715.20328828431 0 13708.1121024645 0 14232.1160063754 11744.4717323062 0 2890.05308431561
1223.65437091823 1415.99658254611 545.350153775942 1979.63751249892 10432.8333932477 16610.4901744768 926.487845494945 3480.99859265991 1256.76547292759
1669.18562817698 1657.23380526645 1001.75445705762 1829.45161316714 1782.54757169089 1760.82149048265 1566.63933313034 1199.44014767344 1621.23812724522
0 0 698.167125388489 0 766.378667160568 448.721726001536 273.165914296845 0 106.22467045056
12605.5069722884 12706.3316218372 7831.99074762389 12916.4038672316 12689.4712724321 13729.5689834053 11977.1492747612 13206.257794802 6871.70955862567
653.624136167624 608.124237094246 506.1856596846 590.845010027904 767.238612444119 639.565783577065 435.357395768182 618.713129828037 457.733566674224
11473.7695305181 11891.6136886398 9375.44528032648 13913.3061698185 12304.7150631053 12406.60643859 10149.3352546617 40248.2560083894 7145.68531101248
264.124646061267 247.660963532084 269.090372811392 273.738717608712 249.18389152928 272.493254375094 178.403057093766 225.36390908378 230.433136149695
3509.43950311997 3744.63044327141 2243.27769351782 4268.27668071115 3850.98524687604 3924.42023529978 3769.78401386312 3856.56607477195 2380.11619503506
1644.89971122276 974.031074394581 1441.78283444324 1226.75526720317 1230.32432519161 1308.56472762923 465.336641926261 800.71213162334 1438.33749915783
0 0 0 89.4020362323057 0 0 23.327814525779 0 0
2690.19207363105 2550.51532387298 1891.18571589111 2505.74581340886 2965.54105145904 2441.06880769993 1293.51024267126 2490.07866759111 1841.95500229364
1497.31806656937 1435.65383168997 682.641707826781 2752.5888648988 2333.03425175749 2487.38263285581 1405.95012895967 1194.28015361237 1039.00853456585
19878.1720674105 20492.1547435432 17159.8451270257 19950.1830433021 17070.0085128072 21501.0332165526 14351.1400406208 20321.2572154971 13407.7058102513
0 0 0 414.551944229213 550.192554867052 493.194104662695 0 0 138.673549392944
1717.17833503579 1497.89656167899 1762.17877075956 1626.19525063604 0 2873.1578644788 0 20.8204594467376 0
19015.824827954 12600.4510365309 15215.0959218085 24932.1664571835 15896.8455189744 18650.9086641349 56340.6967241816 10964.1711755888 24488.8387483589
1376.78723397893 1333.99881188556 1246.70612549938 1859.90003765932 1721.01108957385 1550.91133330443 862.633061380783 1466.14288998349 1213.93618652324
4079.73866346339 4316.50117386504 4279.55652900395 18913.500435414 8576.88670469887 62644.1500001132 6531.84833912579 11832.1996042584 3085.52971229263
3937.52019150828 4205.88846760284 3246.62728163786 4608.69002460898 4100.85137839695 5160.8572984892 3461.05905585655 3280.91905032638 3511.84589795439
75479.1673827973 14301.396424434 113064.014699886 10275.3741143944 9298.17626390968 18667.8369236781 22584.5687172364 7466.07049036291 6346.9892298404
0 4467.27097859048 5619.45954902937 3603.50928684 1971.02493251616 8188.6181254805 0 0 0
3845.58701302082 2307.89414475004 9561.13735292376 6728.20496330982 4748.56288843932 4732.44009800639 15051.9557837048 4289.34824802435 6965.71501861241
484.653662018922 460.270836348789 317.036003629692 565.975088934966 391.062954523261 438.016359552075 352.866774786073 267.953198888722 347.393429952016
24904.8050646786 35506.3017820852 41815.7507695795 36583.416107221 30497.3138607077 0 20221.9107861529 34923.4551907887 23953.4254714464
24217.5850542611 9258.08191729521 24010.4184078923 18762.5817791925 18104.7381694408 17963.4585931383 3737.99168010911 10288.972575991 18006.3187455633
0 2599.46807528055 2539.11826458742 2250.84298699091 2381.12836874557 3546.24184925459 0 533.994918254476 1495.2535397343
2662.63428090442 2990.53798324421 2834.96345233939 3007.02419302101 3203.92612721132 4010.83991960846 3225.70334438845 2864.25407836804 1812.06570307277
1886.72055321618 4941.16995746507 6080.81103484524 2664.76187440743 2795.27508079741 13286.0328109324 5854.41427584889 16328.841772132 1226.27030373667
15100.4495192295 14653.3988492926 15437.0019529993 13638.2376654983 14358.159638899 18110.6444459889 10257.7587002776 14239.2867894409 10950.700477116
5021.51351125426 3535.66050309816 4991.40306919424 4151.69307039992 3836.04991488097 4048.68818544454 2056.92708663156 3288.40230454798 4464.65797254712
20821.0746880796 21449.2952719807 18268.5210252405 20313.7978830213 20923.686764715 27584.4165424589 19192.0180597593 21757.0812783567 11121.3148568333
336.724879736726 357.940892230813 346.266303820925 443.908415713195 474.235683916043 447.956807136016 307.166323237731 399.024415868234 288.568655854728
13945.9375532517 15764.124509929 14899.1204154371 10718.5990587717 12093.8541189049 19531.3886882131 11450.210179655 0 3198.33787799228
6768.64989257751 7226.25237506844 5261.82887889301 9566.3385371372 8168.68062881461 6225.27595072196 4148.49109632032 6865.60751802983 4715.41977184149
1128.53353486808 744.196431993402 1291.66249367959 1681.31275518601 1335.36210357155 952.219391111749 1288.20149145704 862.813778266556 869.195593744584
1484.40744633406 1747.312485335 1808.53428974059 1602.29941843536 1829.69317471758 2764.40283363728 2464.07149271486 1579.76640501189 857.389873312493
988.034046658392 1029.70952044672 867.527488057607 818.147778641591 743.946709561688 1031.69063365713 654.562876165637 957.141327877545 570.350875000599
13003.5754615104 15745.8473516002 13698.411051429 13836.4882901628 0 19995.1899846446 14406.7330120853 12743.0891971399 7106.1423071707
5590.12195043838 5245.86646715207 4822.54487395943 4672.4571512431 5941.31592237099 4177.36109918366 2280.21860280018 5139.52354842549 3610.31726939167
6519.35398138984 3900.57321906523 5967.21512329085 4714.11081341873 4285.60685712077 5272.65339270163 2632.28249011599 2523.93218789815 5417.32627740294
1425.20612389391 1205.33292291908 1041.91663993874 1126.39062514336 1211.70747863509 1461.25127083759 847.730955635824 1134.86927790659 793.298501648963
685.430407822855 669.837132539195 587.939971135738 679.855269606884 831.358197427146 644.509080888445 465.187415484496 705.952240220661 437.418144998589
3329.36457409752 2631.10835457623 3876.97739162597 2524.1682401126 5359.0017360393 123383.018131646 7741.42786362442 2492.41566464936 7238.38194228454
1412.6225965847 1504.99011700676 686.159221673513 2281.32194125876 1973.50232976791 2133.01017083115 1265.50141838174 1127.88625948988 1098.73328507702
16092.1530074904 10407.5275713761 8356.04075276132 12961.497985021 15439.4570465135 15211.6516183998 9189.69324276386 8630.92678219541 12524.0534302849
4724.09237982571 2971.22359511005 3324.85465896168 1569.92183502284 0 4597.90700230731 5292.70698538612 0 0
13209.6218317223 10793.7383389314 8401.91115624285 11381.6591620211 12113.6633108343 11300.3800825707 11162.0636727025 7350.8899601286 12717.1502183781
17088.1241555117 21230.0136610149 133070.332490348 40523.1251129343 19521.0996530697 175201.05098356 29951.5005762846 246478.532099803 13723.5315914019
2133.47674159771 1887.97661223919 1675.53900693464 1762.631419703 1841.14224858814 2129.10831105893 1457.3562458266 1847.19965021328 1255.19324711588
10311.74538071 13369.4248847977 11891.4488196147 13865.8144227271 12286.9790504826 27822.8998902546 8274.72784221234 18020.3760903252 14977.6625789425
4552.18614330556 1518.07286358972 34849.9475405115 1848.76774885184 16858.5016457385 2597.16075743757 159334.332954354 1819.97696573701 1847.75524252507
5919.07036665075 966.904059578518 1681.42793268746 2633.63400594527 1425.90177919482 197012.875859486 23231.4660526845 1136.57752506048 834.095147749501
16401.9562880106 8087.04999564581 14303.2072580549 11624.0825871403 12744.3860206162 14892.7297652284 6194.82733470939 5958.95567283146 13882.1073132842
2110.73180197658 1749.88069150244 1716.23169051349 2534.24665229393 2452.82516802943 2032.93320945845 1219.6017093881 2098.49840345037 1757.99859039326
12650.4222385433 15687.2927878381 10606.7569777069 14045.9306518744 13325.3327027998 11873.1129662605 14908.4468965062 12249.1345717707 14399.6463756258
11046.2966842871 12455.8249135494 758.268580595434 3731.89818743495 6880.61247450359 701.122529848665 106343.700665791 391.22264850683 2065.32691872673
40469.0048834801 27935.4134739398 30188.4817372928 37633.2242447985 36862.8831158671 38431.112811892 25809.2482685852 21049.9292348152 33619.5907221329
798.495496951673 593.32026322212 14750.2859263449 789.19363380556 11302.0193380262 223138.988827411 1643.9785709266 1070.85556429574 5156.0740583324
2516.37848146254 2829.14486829279 2359.61000711943 204066.204269084 50246.0508124636 2363.7028398704 27662.0535082826 2885.60385545149 4413.58304067987
43423.4860014337 54091.8683853013 41843.1735370436 52323.841845589 44962.3695385024 61833.5330800665 47004.8215327204 48484.8237864277 36826.3230835071
471.826826227147 447.898527054786 446.794660904779 555.216895199856 543.437303813966 481.980423073856 292.44966232282 477.244344863585 460.576686385885
0 333.879531071021 865.327158529823 1016.11668279156 0 786.14512592237 0 0 704.940732702493
602.591329505184 759.378725223793 663.331677589244 803.805347402264 502.145481596553 752.847975388956 537.264664127959 596.137563229358 478.114906715901
7930.5199475607 7924.20492590503 7818.06153868819 37077.4257279081 7808.78683774538 9179.31253900144 7318.54328129413 9005.91295676091 6370.23301878544
8954.533644269 7696.39314720647 3447.77685366311 4474.86755628663 0 3054.34724137358 4420.63000110367 0 8105.8209757473
17022.8271270968 17780.1505882104 13374.7843039707 15169.3359885331 20918.8238272351 20109.006949289 16809.1419307523 18042.7339624715 9656.76050713628
6838.41480174442 11048.3378507475 5794.31747426218 8653.48651568259 8988.28000109515 20589.1337654271 212259.490265077 10110.8068258656 18160.6054403436
9579.66323801468 9649.55578291866 8239.42981673267 10020.4734635147 10061.7964227936 10549.9633683438 7006.94048088804 9939.97959704598 7111.79746343422
973.381200536401 1319.92555774285 1208.38803815422 1290.26674905474 6733.71404607556 45827.3199137158 768.937132738853 35629.9235430251 889.047370867028
14373.0234657841 15368.4046978884 13798.7971283658 17053.1322808724 15379.9456423166 16946.6507261117 11335.9296247668 16354.3078349877 12051.5817875769
12648.1595053035 8868.93664139889 10848.8904730096 9822.38717823185 9116.42926052976 12672.8119595507 7751.54695076804 8009.89209236651 8443.55318320367
5754.18980661077 5834.74132787693 4766.94328983394 7551.71562019751 4520.25187828494 4675.80004926439 3418.35707426448 3923.49336625584 4230.8898022801
143.674570798399 151.76736801395 145.927323294293 157.677701573562 167.170603496994 204.101366628423 184.452828917138 150.334733121453 131.66658686432
1145.26143599861 611.468476521032 1041.85017382854 1626.25132259452 1335.43778846025 938.827337148371 871.578071440236 900.566200913834 864.197037898377
17020.4248412593 14386.7980265647 16075.206061467 17294.9563799461 12667.5364331443 12983.2591247897 7153.05243618157 11497.7951818685 14217.9967673895
8585.99593006297 5222.07216705181 698.77952278928 4647.2731180126 0 7583.80957684519 4722.48319258488 3158.90459976108 0
904.952325861755 962.461721848005 610.006888743191 1045.73702837872 1017.08213246354 1002.97460275429 966.508371141154 976.929003685763 543.608634916748
187239.765102437 5240.43204747095 2791.29688992084 6382.63971784554 3751.10138542141 3948.72746516271 1206.86112070254 15590.8663209637 2122.08913531533
6971.32208747944 2496.28860265395 2440.19365028809 39670.5199529012 57382.8101273601 3094.39346022829 2789.81494189419 15203.7540434115 6621.13022718849
0 0 0 0 0 206.447312641826 0 0 178.010020863472
4809.05388264012 3065.82468092976 4454.54255432279 3964.18651387928 3466.33716014865 5368.65325330236 2478.23543006113 2632.36898612882 3139.44733873624
5163.73122487008 5580.18193947851 5093.52332817429 4348.87221963052 6046.01148760734 6990.33518316891 4397.18988179977 4604.83805857342 3171.05455975744
2702.6637999226 2555.08128216208 1842.31332036355 1675.72465940603 3932.34418092679 1621.44531817287 874.537431125754 3407.62082119433 1235.11497403906
4975.77708717136 5923.96688748295 6911.45631631059 4023.73521789178 5765.94690939314 9529.31723767905 7360.33668102915 3959.34812611365 2300.53368561692
20578.7533502613 15422.2964606472 12029.0067591256 69092.3331850839 24954.4493935777 41788.0162463898 58625.3742100026 16137.4051359108 20412.9543198453
251.792034572709 254.410581020156 241.313165452111 321.021638789895 281.245925619382 250.427997261334 173.662772566296 248.40142855264 282.47752352812
4627.80160119995 2989.3834160584 2987.8099971026 4736.67713411785 4638.08249255427 4021.37558188985 2862.53026940096 2247.76876113615 4127.73539772874
4625.15445078262 4417.70526167139 3929.40243852006 4466.35085458537 5301.01719698567 4248.40742145266 2631.12659891262 4785.68394644799 3011.86490148054
2625.10903671091 3014.08437857338 1520.46471786117 3308.23506692363 3003.75522481193 2879.45249270493 3603.17300868016 3265.61858421787 1474.48710688982
7421.00648451356 6247.35291583105 7979.19701310686 9657.42400247245 8783.11303451235 9090.22423937225 9730.65036170101 6350.50189600253 5205.89683067271
854.908533343495 1298.69174199214 16064.5402734676 2463.26317469978 11124.0216486671 935.433099635266 3986.31535403194 4307.96801128259 12161.3432947564
0 0 493.941334902805 631.685748456524 480.217714264187 0 0 0 0
352.649431108323 375.531669559559 313.909249691304 412.471501659745 361.832676006271 462.678536941668 324.6758705041 315.247136088934 319.421110351126
7422.84712769449 7713.91916292887 8331.58010881092 8871.0896016055 7481.38793352017 11303.1153488847 5664.67980675815 7497.61990496311 5154.36586755027
11742.2600207843 14138.6238559775 9397.55361576013 12225.5511104599 9402.71827587838 14238.2476805329 9897.8795517147 12162.5587322365 7410.4693962795
5163.74234093188 4217.37004962721 3850.98630159497 8772.36614715955 4675.65636333331 9677.66823063274 13310.3343312572 7263.87735338916 3872.23620893286
37441.1027877002 2973.3178729859 530.375666029214 21814.7283551686 37509.6251218342 557.928532443301 267.674068433035 447.828656730156 1358.6667286496
3618.57213458773 622.115646211062 2308.6194878067 1192.74861971512 2739.73035251142 564.651625360052 2597.14474088938 16781.1590669887 37254.4444068502
1345.74667782604 1218.80124365802 1084.10666488442 1191.79730945301 1587.75091566762 1142.34762495328 773.336008896719 1316.95236998714 907.036111498314
13239.6228498908 12708.5820262432 0 13031.4269314108 7352.84434946458 8130.94638599403 10103.611201095 9141.29806223314 6850.79476444767
1867.57196078829 1766.45942846174 1999.05585817735 1208.32747416471 1056.84467241932 1494.41001635364 1299.44953489337 1237.54456489717 1685.79324890547
5181.41402723511 4670.08764268554 4822.63744804983 5014.50723644975 3840.53083126845 4727.38181721346 3358.2152095722 3366.42073999607 4289.50626913417
0 2116.90413852255 0 577.017104580831 0 2245.21076001647 1849.1935238055 0 0
2349.56938560316 1746.63667428019 1664.13890247125 2288.09101282226 1836.73465937512 1819.0858830452 988.132657846124 941.336494301006 1898.35184556196
27616.0115004113 13167.7708845714 25220.2668975501 20166.2287221998 18803.1541723953 26835.2845491507 11961.1700374788 9068.99295645854 20530.0946337474
979.882860135819 0 0 0 3129.9804892084 3986.68360879846 0 1907.31919250849 0
22150.4265380584 5333.34122207412 1939.75361213316 2265.68310780565 2268.14874994581 12728.7597473167 676.200613823311 2194.81865105884 5286.89002342212
3667.50451193356 4058.8711081774 3793.84940106981 3357.30150728688 4488.12918045849 4503.35848957653 2850.35146676102 3499.02421448435 2459.40511134459
4713.08144111136 4742.78234751733 3466.81764954395 2476.36371557991 9005.98435430873 3290.09476312824 1811.59083802734 125613.530121729 24675.2796962298
8677.71823544186 5133.14922915862 6115.73205122041 8157.3131532383 8076.48935973487 8414.10630689187 4021.86119383136 5842.92345738341 6168.86476176424
2159.84195395159 1807.52574402409 2280.14687940355 3463.7278163172 3125.39361474324 4081.80828236046 1512.40042467973 1859.24898752343 1183.19725021732
1987.77062664114 1116.29446077575 1621.04957524169 1670.30878218893 1256.08909017635 1997.02460870256 1202.84773569629 968.948565633434 1237.76161795111
38054.9056590675 18688.9514164416 36557.0097453081 53704.8838068045 44467.0309191554 30519.1460750924 40867.7865285632 26735.8420787044 27658.5379702001
66200.808034097 62046.5472510476 45292.615055303 66271.7240672971 59810.7273558136 70178.8132307383 46529.1076919895 65106.6374145063 40312.7171434083
954.032900496534 581.654051681389 0 0 0 1131.02106335785 996.867768207896 0 258.061332378495
6668.31558632456 7374.71904578103 5168.53619926044 6070.1460151836 5194.64420999676 8016.41941564425 5547.82633069944 6330.4627354084 4681.87810031442
475.866216814552 388.299220311539 308.605786714644 361.009618497832 319.834389977798 446.355760450509 280.405718067556 408.930029607819 223.76226958045
2562.55437843872 2452.37910896034 1689.62505949883 2259.97031037325 2089.1454846164 2877.34820275762 2057.51065831393 2277.5523273884 1253.71097647695
1968.74985672715 1879.72974792242 1387.34824996984 1735.56163762084 1654.08946496521 2162.88343550349 1435.47869832636 1728.92870164283 1027.49181095133
3953.22164000406 3446.24256044807 3079.49567019049 4480.87828871881 4473.80031758444 3831.17236768785 2252.51022675444 4031.96008367314 2942.69265708621
1721.05289724932 1605.7166001168 1225.44207988135 1844.64454050081 1696.99572912289 1812.21010133312 1179.3381913612 1686.01663840144 1094.93377990498
3589.0262092956 3313.4649117905 2663.29025574354 3931.94412246764 3858.01480225039 3816.31343663542 2350.11235950715 3553.51985046659 2496.2827583078
50161.0308422387 54499.2697732055 42176.0236827179 57900.1668842954 50656.4249501166 57710.9412348655 37976.9297865769 55982.1216420367 36680.3054062161
10381.2541834806 21060.3688821659 25066.4829347401 15614.7425575897 13401.1071253245 22129.2379395437 14852.8509473941 21188.2833174743 21029.5295809666
5696.27002411151 6780.21387651837 3577.15517327697 31927.028698296 36403.1425419952 9891.36145883889 7504.66429442778 9940.97517947476 150657.126427468
9002.82010578993 10355.3242972009 6653.84606499283 11384.530487045 6168.98622307225 6256.58843260641 4698.73414893177 5767.51263289859 6636.00069717902
1222.4692264572 1248.60531171071 636.950532575917 2056.22723428382 1764.56012943079 1992.10666049336 1123.7606738596 982.150177237059 890.947811747175
12468.5554568752 14067.9828991488 10792.4614595321 15477.9982623876 13119.8200676883 15715.958866656 14402.3132289469 13437.2239614402 7898.5837855068
518.692227194551 14468.1479884281 1817.0999363958 535.114177811577 5935.27833916076 19703.0984952767 483.298836698169 31613.9383285546 412.669627216838
884.243508788956 737.189668729772 431.747695348928 907.445297347903 952.665681688562 1036.13019916701 670.786520793211 518.506457856277 738.638783115319
0 0 164.676468317514 94.317451570251 0 0 0 0 0
2812.64549502216 3432.04695709998 3842.37218172773 4353.73599144798 2724.66063993071 4132.58237598219 2206.71874973165 3103.66138875628 2218.72684159894
3401.52966982935 4468.79798938744 4363.10048331372 4826.35080217346 3562.46739339407 6215.35951837436 2849.47541224534 3431.700581218 2340.21345169083
1702.92826768857 1544.07616804749 1715.52836756198 2394.08121366329 2333.84032540514 1618.65295337694 953.25720572911 2026.74756704302 1768.45624370159
3691.33930768984 4587.33572916917 3400.21396100316 4637.73710557491 3307.4735079541 4555.52865597523 2598.10379942905 4040.21794928622 3004.19437627876
0 1309.49716680306 1646.32453699887 1291.23769592669 1486.42678841731 284.804141498576 1851.6762718291 0 0
0 0 0 171.405289227668 0 0 0 140.719205684438 13.0998414107748
316.131999292987 305.829789430612 243.751739131971 204.206775663872 241.516255498779 210.202970457294 284.031300930215 222.46156500569 311.975542633797
2048.70327711377 2313.31408184349 1934.43841861173 2013.35227846117 1536.58302444539 2330.23061795092 1640.71925382329 1967.77288857416 1390.86016253756
2347.0326621744 4307.04109923312 5619.68262905345 7192.16712729326 1966.08879068486 1797.49952948895 1836.39026428557 2838.40919155712 1705.54554766285
7542.11866117761 11856.7978069033 4384.18210080233 21031.0862980911 15744.8875601713 17511.9520942574 9540.85909952957 11155.1557428032 5139.11822412021
0 778.569843922863 573.871499162252 0 0 0 1114.23234012252 1265.83690488747 0
3614.94956105654 3926.56039291088 4067.99429819065 3843.6847336608 4242.5715328843 6259.09773426401 5731.10539356374 3794.22691932261 2100.15319141165
3916.80969494007 250343.706926851 1521.58567180285 5478.52075213677 41105.0405315404 543.332051145638 541.72540556655 1716.65785785636 9451.44762056142
562.759084446185 0 365.613072451819 508.652677666708 199.883596573176 639.621363158394 415.456596300409 0 0
15499.9439039001 18256.6515232409 14203.7956328276 19101.4373624286 17085.8402108015 20081.346727506 13454.9686596596 17946.1399834309 13061.9010427945
0 1430.78384449459 105.967441734891 0 0 1548.64115059304 287.575661825018 0 515.294548818594
285.133686892436 2077.77811069617 205.939575617291 0 0 1800.72899082002 0 0 0
23.8510976121923 491.983950437252 573.844619264091 557.883291247999 0 768.828311755036 0 288.665770360541 412.877193192101
12170.1091349038 10230.8063276628 8454.148203451 9239.61524235454 10267.1051307038 11114.6191983105 7834.54540613494 10745.1985404095 6386.53695442962
60.6479763786463 403.916312447247 0 0 54.9529589131242 508.249790406517 0 0 0
0 3161.09320084646 1215.05075667223 3204.72635920946 4486.5825180016 5413.54029992628 3539.96821339552 732.419244955535 0
803.505539935254 987.484481743934 811.077770504563 903.090739561683 670.175539399831 1020.28059495742 645.887602132343 771.651971804941 681.741359624223
1113.16041479713 953.262160014669 837.353373068796 1274.96373686229 1081.10335935641 1114.21272704088 894.445008525075 796.238021194042 859.73300779684
1647.75698470229 1440.64845827993 1457.26793310916 1946.62514939499 1808.8493196693 2374.06839145823 1685.66837883712 1621.31520515433 1120.56181206045
596.867960965231 855.550125116159 655.135116112564 868.687306165388 560.086200738579 826.165670926966 519.930727893074 660.632297496934 551.033799643847
444.477741461399 447.683910196184 505.812727262489 471.947775266154 431.102796468683 424.032648518132 378.073536441104 398.722672323867 505.952864767656
