411.110668358331 400.891861709534 302.916954063606 613.361450718123 296.231137306581 562.648788128198 701.283850838191 458.672441284753 313.997343811281
0 0 78.2503801441805 0 929.624842868708 506.307878014198 228.435473097205 0 439.88928154302
6301.46327385868 7144.51168949617 7881.98545823934 7468.41525451859 186937.990559602 10458.6120908213 4963.82780705492 232802.491448568 16314.1488194355
1258.45785198976 824.958997480378 1052.45410579258 0 674.457011218481 0 0 379.657674478464 0
33311.7803654168 30057.5725534603 24615.5495852951 39431.4487516688 26936.694847871 23935.2546345324 15076.1127403291 42583.3542713165 21914.2193919366
2528.23463763341 2600.46030929116 2566.24639573529 2716.52445243946 2711.88600552314 3810.6066992777 3343.49329641238 2369.42312828105 1705.53985517259
15025.2890481185 10627.8780584203 17316.6450080444 14198.3389009267 10169.4305676969 12998.8325493972 7073.01042123151 10720.3337594074 11668.8542245478
2226.89416115582 1743.95353795111 1770.86169886542 12651.0032601172 1698.06536616019 91693.6775490434 4417.93993618994 199720.640406175 8136.93559230005
10641.9666698224 9660.00299797042 9227.46479746344 13243.3848985273 10837.3272617886 11670.6238928839 11347.3565899973 0 7991.42734804432
20517.3954097653 25633.5149549291 20809.5386407527 22235.5966118996 15390.8808219403 15254.8427062308 15463.9495887116 21277.8743852195 19386.4667519887
10964.2792605056 6690.4605074145 9566.79793813413 7776.07400579646 8369.59891712716 0 0 6162.57074455685 2444.5016984193
3373.26064047256 4580.0640275981 1092.00768999174 4053.79814829493 2195.78049943188 9747.37204616406 11719.1285281662 85571.2364145654 17636.1509231146
7434.80229573147 24141.8597406771 8223.96081300402 223908.432744695 8212.90115813256 9080.01503144441 9406.0526574109 10526.4108841889 9003.54477278307
2723.65124246557 2715.16531828628 2035.83897039261 1997.42567185879 3789.21810771387 2061.74508477871 1336.20011092931 3258.36945591191 1403.11084413915
0 403.828483759023 0 380.043044138256 0 0 223.131714971908 0 199.24558443789
3730.60262089553 6220.17913765373 3072.1722338907 4917.03912571949 27975.5126755046 9811.54530252393 3662.687868566 3894.66978297155 7944.51772022029
10699.4565904174 8448.12446223846 8617.37638784743 11030.7207586156 10084.1624834887 12171.0400479032 7198.10018005233 6077.62030971676 9170.05587124425
16570.1944600142 40888.8478683946 21944.8785400806 22667.6016838969 17293.7386669054 86444.4815627133 20068.1346516013 16250.5992643986 14394.920596096
16626.4620868811 12234.471260149 16881.642960016 11583.8339990159 10094.9300744685 16998.310945819 10281.7682093144 8799.47560182602 11397.6023398617
0 0 1152.91993904359 0 526.986877107707 1330.95638081826 0 0 0
13754.0743569894 12004.9703289802 10484.6677562089 24483.9668350461 18215.9046630188 19690.9043850431 10204.2719564022 11779.3289517311 9156.56920161434
4027.89695543868 1780.58441419637 3078.30598253768 2890.31055443913 3394.68168669131 3034.20157929364 725.153069175826 1478.06514225414 3696.29519314357
244.701332156073 0 0 0 929.455992804945 1376.78485240993 0 0 0
1150.78604869524 1352.39494708542 1137.35917961806 699.130873663437 808.432668771175 572.610834601501 1187.00981516852 1032.24137993981 1486.90751517757
1834.95562899494 2236.46099704227 1840.01353242812 1009.04305581176 1101.22422634372 839.439713086468 1565.84836927811 1779.07442840578 2126.56909411461
0 5595.41432120397 0 8384.06403403881 5813.73846687184 10156.5702776345 0 6911.35697412839 4102.39601562841
4758.16056257262 4024.68298093208 4787.65609870544 6137.05566463584 4916.09148048979 4761.78870500854 4059.13924248396 3770.82575125304 3576.99846007786
231.35637837199 230.21540333611 196.817820643425 213.16640219602 272.505349467563 208.491851459421 154.201011620344 237.33741279731 160.467437022787
1941.04131609574 1361.57745847107 1809.24862875443 2351.44800668206 1944.00709305236 1855.47016607222 1461.68658086124 1562.82132748623 1397.7506663447
4725.94239856782 5237.80209222202 4823.98830900722 6280.57309860159 4382.28015633432 7963.97842186561 6976.32192053453 5349.4539224045 3561.29568581994
6817.72725986801 8889.27530762352 9357.15945148251 5755.10629308506 9191.16107210234 14616.3414420925 12208.6591627463 6140.74805006437 3113.78867662553
540.95788505587 515.05228933438 534.442860501307 719.095816482466 692.529554643046 535.522295797488 354.292985509694 591.994599019201 597.993865526766
16635.9632199058 18960.4906317811 16808.707578404 16474.5279644355 14091.6341549163 19369.9113544596 12696.1961888241 91265.8082662134 11694.4476547998
35467.5488840698 26286.2064680709 22208.0567492415 36532.5521100867 35188.5459545592 38057.8022901029 29674.2620952432 18367.5747833442 40032.2814938918
1978.72172174488 1804.843357943 1709.55680814651 2246.55588382252 1933.48270696568 2419.60889453958 2128.98413171005 1724.77337311564 1372.21823000262
3601.45333405928 1804.656562415 2483.91405123451 1750.93507421157 2464.33442121076 10873.7085278998 1211.88344853719 10188.9799699571 1017.20084184647
5044.04530274536 3490.71602129847 40092.6433769186 123049.512640722 3591.66651069179 985.369536109445 427.908539885623 4182.6548879638 369.911816893147
4527.49663883905 3081.48715191224 5161.39470425412 7285.63007665806 5703.76265774481 3747.37630858879 1901.76214939617 4917.6323511981 3337.93640118719
23021.6642956428 10756.8930292473 15825.253708622 17971.9399781625 20757.4178427849 21647.470044152 8661.57362311872 10966.8960390291 18432.1840500515
2078.18065656657 2948.80022912787 3217.8752489425 1416.35382550059 2918.08307613297 4509.15240250605 3318.93029879912 1857.96190185439 703.888822986863
7007.93544146599 5034.76043804114 6386.34272357183 8493.12343895002 7040.3764758562 6152.05315217922 6085.88980886278 4847.3371819326 5532.43930617867
0 0 0 2343.44111557433 1655.63419325629 1974.45539635452 1736.31784720185 0 0
4913.40941882014 4413.43224461864 4106.2633357179 5712.43364365329 5296.468241721 6461.78035765546 5336.79014505349 4420.72464831571 3872.54824173489
244.940422243477 223.19921328816 222.145669353213 264.235637671252 248.949705098873 239.432158411409 217.134643628854 233.447172114506 213.725220427969
2915.77629104749 3194.82658990745 2527.24018407315 3881.08934785223 3243.23266187661 3024.54122908804 2953.98645010388 2793.83673953207 2750.29070208132
546.634804579524 1168.82593960302 884.769097528885 30251.022802235 4254.27305897073 6292.95509030164 8991.75382702135 677.694546363856 3748.27568726483
2902.18098379191 2755.39463769004 2299.69374573688 2358.69903300345 3638.68967889851 2639.63666444269 1901.29414462856 3135.73128471725 1624.14155918462
8909.71915025416 9119.60363243673 6237.3829497432 9746.72004928574 6039.87513347834 6928.61152913441 5093.75296827026 4530.42714092239 6520.52458001442
22626.6920278955 16834.6921240399 16930.2180806225 22261.3852205532 20328.8073909939 20771.7371563511 17275.3296807655 12370.0533073484 19413.1470684828
13976.619373652 14831.9920055977 9864.0303546446 23924.8783420292 18633.9158305358 18115.0376409773 11443.129723926 13512.6349779865 11433.3855238217
636.499815898573 5160.09708096773 1360.47090353247 4699.86507118068 2809.36686907981 1509.60715370785 1826.54417974441 769.610764638803 708.681305052701
479.664664958269 414.069080995258 374.829095769292 569.212898118483 527.720661209852 493.99975463462 456.048299558963 470.972779372619 377.170395427606
2158.23144371223 2791.24633890736 1986.85366828829 4268.19693778939 2930.5048039565 3784.04830843438 1914.78463292829 2342.06431816908 1443.91927044654
29424.0449145128 56567.0191458337 928.476859616662 2944.26877068377 1097.47870746275 1246.64066942233 714.466467854002 9244.94124747096 9254.22305352677
301.274014744541 290.29683252837 243.325896566537 467.491369087982 287.598910987319 257.399868692354 212.156417043884 206.220829396693 217.747881218459
1464.70859744892 304.434687291329 729.261196222887 1312.91177026608 1504.89494432378 1290.54534796478 507.667593033356 855.700290855398 1066.95760397147
0 2954.54210294675 10863.3257019902 11353.8572881509 0 0 3757.5035597492 2577.14397679247 11077.866700015
3515.39739984699 3773.84339358706 4067.93145621391 3202.77152453649 2238.94236061458 2930.796174206 1685.59765858184 3476.32461004853 2874.98209270028
9403.97726672756 5151.45299708022 5988.56660394146 7464.34221688018 7795.10770264907 6739.70860789814 2055.58686375551 3049.84497928927 8320.234488438
12365.1900548281 14145.6234605275 15229.8773457666 12970.8666899527 7939.81456769059 8206.57735630801 3785.15224683124 14541.4877868468 10917.4622568242
29138.2979596065 15146.8030113657 31290.1134429025 16526.6585114147 12278.367766188 28286.9340107489 15439.3645665097 6246.34121928761 19603.919767052
8118.28592555024 1580.31891736227 3629.11717153834 6824.2402038236 7292.44063443924 7282.06751938519 2974.57915918347 4149.20567110025 5325.74002006657
36126.1557156528 13139.3390326598 25299.2343536173 25966.9808871548 31860.1629021833 25337.5979393279 3578.74434216244 11054.2356900141 34074.2884716791
0 0 0 4816.30859848946 0 0 0 3763.4275928635 1509.57796533214
79250.2215217308 45759.2618818196 66238.5074301116 79635.9025532552 80476.0172868156 106566.201982887 48463.5893332464 50569.0746958369 55314.8366718237
42997.0545687361 38015.2763165901 53010.383809043 35740.5561435543 48100.4582573385 52598.0528079981 26834.4342925871 96426.7694627097 42128.5665816047
1781.84145452859 901.54723334794 1403.50473845213 2144.45930267932 1860.27678697007 1683.29469125499 1027.10249973899 1434.34306002246 1298.92106939292
8150.7012618843 3435.96821565627 8343.72854513572 5950.981316935 2453.10993325099 6303.29733162359 3453.95493047923 5042.16635368838 2095.65941807587
8923.82542707688 7166.94992804891 7983.78144701503 9292.51742301531 9972.83149833281 13634.521570771 6112.986759507 6440.57931867322 4653.92222821686
1348.27179982025 1431.74094069941 736.895880607769 762.106283940627 1688.10635968201 1138.02727430759 0 1390.36537434357 366.792047712245
5503.40348621221 5834.10125306873 4656.81451012666 3016.06242137726 4878.37065249254 3677.32278915443 4909.48248469099 5212.29556250262 5234.6649989906
7243.16751034456 5588.32138458843 2256.64527217477 7006.2754131347 7697.99638655747 8330.83175011522 5211.5086820121 2760.07975187031 6564.05514917063
7859.74879315521 7553.27190648414 10222.6219062799 8316.55545663843 7021.81691606965 7675.10458621975 196461.722263994 6809.47808065952 11797.4495340812
0 0 1232.05196336768 282.719871514314 932.264798993669 0 0 1193.72489104134 564.595936230675
47591.8353058382 34654.9266017845 42095.4334795955 44073.4053216985 35268.7550576545 73031.3073032847 22639.3516558011 26976.9882455588 36412.9765182531
56974.5543327328 5289.18815160804 5459.1563245776 4324.66373012309 3975.29423993294 28620.0541346209 4817.20682016196 6254.92682161922 24971.6119070254
2924199.91779235 7689.35508002265 6003.66095796924 15242.4943512789 6392.45640103855 5328.23516450428 6220.81309454134 5625.55338400303 3617.83641228874
6617.50209372071 7499.30047850567 7444.8580967231 6734.79141632307 8347.08516521197 11616.7646120555 10733.656116234 7203.8311213571 3545.37460951354
15356.1620803032 17771.7707708986 58629.2686626008 19454.8101126591 40213.4726672623 34262.8468795262 11883.5699141101 5336.34182837103 11519.7508249459
15900.1509302606 18288.2394657586 5304.60646483257 19619.1525096559 17979.7343803595 152496.134454057 12076.8328437097 4009.71332872714 57570.735375127
10223.2407073762 12919.9111615385 5120.28178200544 11400.9615233694 7647.3774068446 9986.74266724429 8685.82494938007 2382.73165004947 5943.32544711614
2885.24526769962 3056.93808672694 2621.33194638101 0 0 0 2084.24235949083 2095.86435120105 1783.95222423337
8361.91277222872 9601.09160072545 2541.71092753813 10024.832483671 5271.0303934622 6185.95684810165 5433.2824001504 964.626259611537 5387.76858501457
0 44903.4814784659 19884.2964206476 44169.4378212086 0 52413.6110552781 34334.1083287147 44387.2346219665 30503.2068292136
4226.28884645661 5507.3088380335 3568.56764592529 4940.69079565362 2626.29393194679 3089.70344606165 2247.63234551512 3399.67774406266 3356.13643844864
2599.69643495354 2816.52529252129 3012.1218237772 3301.50410660032 2919.22519554557 4634.85740411102 4789.16782493016 2812.712999246 1620.44077200203
4699.14752752622 5018.63984721812 4255.45237535257 4662.39559935831 4606.01946142001 6114.631361222 3967.67207084549 3545.91793261005 4806.47040920325
30238.7412487887 35954.5983707379 38248.5325061653 42006.2090392164 33277.5995702058 45869.6876634499 23061.6452146513 37271.2941240639 25849.6284789211
25381.5177365543 26314.5691588714 20874.5860129613 19891.8220440696 27344.096463384 12158.7684360713 3902.33358926565 27386.7326880223 12962.1027789528
6308.57679919081 4714.24875377634 3728.86533781029 6097.60589528362 5637.0702878488 6530.84887507221 4139.31028057472 5375.05899303752 3979.79650534684
10527.4604227252 13239.5049614777 12153.9112806575 15440.1304316996 12783.7949751959 16642.7500351103 9519.55900393969 11373.0425711237 9575.29077595391
3348.98404489681 3154.79580001584 2957.29606641291 3244.70415253028 2562.52823703657 1938.19529705258 3021.01254661139 2343.59936080955 3110.42572061467
33023.9402379425 35657.875452421 31867.1281051669 33267.7392266161 33955.0150927988 43909.0574701165 35946.7815977183 33354.5793065399 21760.2675026644
24860.0434834136 17769.5369936444 22466.6309656352 17543.1413738596 23232.6575056421 21600.6905291081 11772.0837791164 17653.386626707 15411.6747783815
63368.233500962 59420.2791047206 43106.0130903213 101262.800650486 48326.0694837104 275325.65846101 43670.6285851051 60718.9229347476 49221.7109379381
21949.772963812 18956.7393138008 12921.8093101779 6104.85363357582 5473.12736866559 23254.8012301046 13119.9625848786 15687.0225024561 12844.2288185763
10359.4942536154 10013.9959624676 7388.73456918316 9029.75773582204 7856.61333085596 10991.0839394394 7178.30638945677 9956.83489043551 5995.39191792464
23283.6575240154 26610.6531374131 21838.641013711 22570.6851483003 18907.8748255587 20150.3891838583 15164.4721605181 24994.4149899383 18647.5164874507
19888.1900155474 11879.6146433128 19023.3348363675 14222.6054623723 12922.6038853509 18912.1676081081 10361.0635999482 7494.60884504562 14480.7408744698
2462.52924592996 2522.95216803266 1695.97528772507 2200.65536767262 2050.90508929537 2895.63688642822 2233.66821360077 2334.88002511473 1539.76446077518
8929.14948682123 8059.37990314957 6808.95325020739 9341.18572277657 8938.79237699057 9097.04596589706 6051.35549521617 8545.67603438823 6315.81813478569
10878.6921077563 8304.78443434298 6380.8874369722 9055.25510917297 9148.03470596676 11131.7677911471 6858.11821243153 8946.38959702447 5442.45333303577
4441.62990306682 4400.57238266602 5345.32635392169 5362.63331025995 3472.44118135282 0 0 0 0
27624.9163323931 29939.2088949113 23444.2844337694 27614.413388702 17420.557382103 39409.3340278423 30950.5962299924 23939.2388950479 19922.4630018534
0 11212.431234136 9783.64332320599 15111.8754180095 3687.02595002022 12097.0778068641 823.29513011798 12905.5137824643 0
4815.81910431334 3861.63360503882 4161.01915122211 4927.44170788814 5387.24798725243 4846.5858992664 2716.83564109959 4070.68231288734 3824.99470393115
694.214028033778 686.60296020492 662.952776546931 1141.67126916445 613.127090078288 1307.16053935539 1616.38801472612 980.718577962859 517.285282012683
11615.9644469003 13372.2400536634 13167.3926362096 10945.3447466496 15124.58659182 20146.8007799513 18059.6898644942 12835.5691202145 5630.90606901444
6239.55754289929 7272.10067216189 7176.44102511702 6640.73464260063 7777.53180206605 11032.2574057953 9600.75069117966 6881.17990465231 3517.24157213989
9607.08999093298 5727.40425409025 8291.24751994834 36569.9743762992 8682.86587643262 8745.99035432428 4815.95360322444 5404.07281739606 14793.5836300531
10767.9804433542 8300.7997245997 9519.96263860676 8365.36859905101 8173.46684719697 7959.43115120698 4387.48343995215 6375.85767554508 9637.00833751557
11293.467571387 4747.16333829148 6297.65779418352 6083.34954353571 5685.80483992792 7847.20426064854 3435.41576283023 9165.38104189769 4556.41596515859
3645.92032956933 1071.10898915568 1536.96601101854 1449.47712165541 1340.18020046933 1815.10586443187 585.115044241192 2753.58591550929 1140.53218309365
7417.21726018635 52320.5512522112 8866.23701297857 15976.2601535849 55477.8736234877 13515.7224959629 7096.59107169951 25522.2874165683 48164.1064774717
2425.0261784727 3106.90511466393 1300.19864532395 4930.70063138876 3832.55610836008 3958.41101332698 2587.8218789128 2504.0285375633 1875.33515259456
476.409397635871 258.621057256567 296.74788139484 473.253131268937 438.043119398542 578.188519413874 291.832416784833 289.417553307967 280.307183846795
2618.28704679653 725.453461906107 1361.8254017025 825.0448474236 4194.77661582687 38948.6279642984 429.260461276857 5537.30031957325 2343.81086501066
255.319089326824 422.127545326095 394.023430384616 433.623062317626 258.24714645254 426.627896900555 252.498009004182 365.373847356455 293.730468708552
598.048433096095 510.354569919333 522.014821359507 585.264126352571 615.018741007684 775.710956886716 432.951960137023 393.166536121768 370.355212245229
0 0 0 3489.58809879107 2029.07224479631 1518.19024953066 689.702284749141 0 1267.34189025677
68119.169242172 4109.83780943017 28441.7901827735 152295.895629455 11319.4193332666 26647.2649159975 3708.14852791439 2500.6595723504 7418.64032407022
410.355718440503 455.870187595053 437.04771250558 533.389840621359 493.380041672371 473.389001699288 335.540280828898 489.897716775012 470.94927062521
5022.91850469299 6264.16933649439 4883.05613094436 4388.15657586806 3968.05790917835 3708.52528747216 4245.66215804845 5099.78659412881 5666.44169555516
9291.25917326301 7012.5020923982 10985.2895485688 16378.0640336207 10562.3723017103 10302.1399975398 4643.95139807165 9621.97882561712 6620.84012176201
7740.15562735763 7991.51777486334 10844.9558556561 17008.0363854193 71118.4183814441 8733.8822624545 8641.99273173776 9189.85684120808 5167.89851117665
8661.6756822619 9156.51958360714 6863.84166013222 10902.545567873 10640.3412766182 8478.57432056828 7589.23159126691 8627.13734412528 7129.4555371691
5520.48930518831 3052.18491521716 4009.4596083781 4727.14137486459 5190.20652697455 4764.27792233229 1973.60266721317 3057.16533565564 4572.89036766763
31035.3305635985 22855.9756476014 12219.5526746214 31059.4566587945 33049.229115858 33976.8174403402 24524.909214387 11864.455943785 28092.7630023278
82.1694310415385 95.808071443452 87.7134542391362 82.1213661425029 87.035915051173 101.399392384388 77.9464407800499 87.1157271054129 80.2072421009225
7836.46345907534 11039.9413315073 6493.90482998962 8784.55880989997 4353.71662931694 5270.25036284908 4405.8551454008 6432.36569561211 6107.4422180798
12207.5114900836 9151.77735982665 9335.02262278204 11320.3105052366 10525.4833703633 12904.3840314024 7164.59011406323 9423.86799203319 8170.9411032144
14862.0642622213 43569.3642159455 9844.34776907749 19545.1364794317 13988.2222817914 8596.12167218658 18819.1988103657 22857.1852264336 9924.66893710922
16112.2056868903 17770.9309455244 11825.5337795342 19981.8438064672 14599.3143628937 13353.2026536583 12835.2500706108 12675.988439713 13852.6686436981
9381.49411940906 6172.35395447956 7403.58683739225 7400.73439777359 6831.73741143574 6686.0385917907 2323.44211005819 4086.96015647363 8142.1278772075
2484.73976517214 1372.12316644287 2249.04509514843 3214.83026324143 2771.90173852813 2115.66141189282 2396.69490107392 1755.18852002101 1858.29897917946
1568.03920757614 1349.31189148193 1607.21439336992 2323.85449894927 1699.92436885861 1494.69498247109 1043.43222282869 1577.7221466879 1312.74680399338
935.584482276802 1177.73076326843 1258.8235702903 1118.57091850862 948.804291426793 1290.30671719735 786.461752537127 1139.52525554155 929.968656511592
31529.3702073882 14711.8628821584 33702.5212347783 44487.3099758936 35524.7163424426 23470.6681887971 37207.9753538737 0 23409.442038133
1396.629070435 1405.58558142887 1335.80793528683 1597.10133653166 1305.45017774513 2244.81668778723 2079.53829634217 1445.66164274483 879.629426725536
42458.6668530452 1548.27429695923 1199.38835030714 2274.01544800462 6406.63076446712 1865.46501859754 3307.97455014857 3840.75170349467 1060.51952699088
6898.73777678386 1396.84955328931 3681.10752509769 10273.965961385 1188.94453214618 1246.35668145507 3423.96849483691 9354.82920438731 40139.7263163447
3087.83218114018 0 0 2731.69002299583 0 2136.63945167708 0 2842.08149533787 2335.16305823967
0 0 194.209252301735 236.858232503625 0 50.3460309214169 0 0 0
1047.17486658586 626.952768891718 828.65897312461 1412.77249408659 1067.08020804999 960.729560791432 491.945932269427 818.547743790927 774.158342103998
2962.41605305482 782.884059124614 1299.24477775869 2759.60900787186 2758.80454434451 3404.40539493935 1389.06354230531 1602.79979318538 1610.55242844497
5532.13524985291 7262.32389627607 3743.49250979232 11377.9542800193 8761.66015965341 9732.85044422337 5890.02743750686 6452.11574784312 4099.65028872235
21980.8035759685 10611.3068099249 28121.4197783828 26683.7111313842 0 27135.2179555017 0 23496.1879371478 0
6668.69161058887 4894.44574467176 776632.439613527 9911.63822797061 7266.26327233663 6452.30185378838 4044.3231989384 6228.20946375192 63073.1088278154
7687.8506456922 4292.98618079178 7869.90381938907 11065.3738065459 9055.20260970726 6309.29415917051 8342.83251575522 5737.14173886382 5702.90179067876
9469.3020537737 238.860298423559 14307.6799722739 10017.816358151 10172.9190951096 18239.7250395234 5276.59499760725 10881.9450384138 6047.60091946717
36543.788021991 18483.0797656699 37695.3610095115 15830.3451857302 0 36354.213219332 17203.1306097815 9613.81516457854 27697.3977584262
10934.4964635681 4920.8565063658 11029.8413045654 6066.71888801925 5767.10720194946 0 4257.30531544258 0 7450.49145342257
7055.03750444651 1196.55505663635 2467.85885276428 9313.60935053942 7686.00772643701 6771.2654234983 9408.61564754546 0 0
7331.82303688753 1735.51186442027 3424.18230841501 0 1242.4317291764 3986.44844999568 0 0 4293.59746277449
27809.6195446968 13830.7466710242 26362.6346117198 6455.18462856716 4559.88665771465 2939.50969017556 2813.52610756241 16260.8461814383 154711.896647995
35156.7729094982 56982.3889568111 38874.2926144459 20625.7563818636 15547.0185983344 35032.0002040988 465681.57854701 8324.93138931884 42512.5330768548
3172.76061155684 4481.11895310177 2448.40908290745 7936.74240464572 6113.77296933871 7241.69510233229 3602.50299751465 4394.44267318039 2061.99090146199
9766.02852204313 12959.2931219425 2742.83632458682 20965.3192965678 14703.3800839533 16616.341251502 6817.80257397837 44425.6473480418 5967.98109183192
1968.47419635672 2802.3539845385 0 2437.75571542921 0 3151.95971189607 3319.42281413864 2626.32536219967 0
1744.19133406508 0 2158.89143627376 2734.03167109543 0 907.79067689042 322.430713630271 0 0
576.085615922588 698.699232541358 600.039716433387 599.488488091693 449.772777218102 777.055416221315 499.641472694875 581.02644552496 613.819438789842
5237.08661029427 4305.6404386836 8273.45903936815 12513.4970471248 8950.49073679758 5265.75892693892 0 3229.12041609129 0
10070.3393568019 5583.57035150337 9797.41874721451 7764.06757874508 6939.0541610367 9715.7652335327 5234.72845777489 4402.50179558785 7402.85163544932
369.936619664643 347.80017997223 217.195471367895 396.952623161824 387.771810629738 422.339099682118 309.756600943478 210.693278076143 348.325763192406
1787.49530833329 1524.84782682235 1008.35095826847 2069.86807159766 1997.45158148671 2094.44835093208 1468.44121211341 1002.22662269464 1525.39389936968
970.087285477068 2151.84115562201 3234.2427457926 5282.98293056294 3317.86417890248 2839.92799650933 1038.78560402828 0 2233.09810431644
3551.9159712218 4012.62558080927 3507.81249485325 4978.5000084607 3615.35081780854 5141.69387164092 2797.73563769773 3535.59973106538 2420.60731133349
382.087781036591 385.566628943638 337.015278385893 297.312767244759 518.986552099571 333.163352497274 187.308792297955 437.937234189232 207.447491699234
1386.80394005099 1367.99921037257 1097.02782670081 1480.77058170105 1271.38194558662 1539.33262518916 1035.70324234917 915.210219760777 1193.59846187709
13660.9118176908 15631.665982207 25323.7416586649 13546.9851704132 13729.3303330415 14218.9201191908 9699.52730717377 12434.2398583999 87633.6738981754
1934.30020986426 1946.15355744859 1192.25552667902 2290.23345795761 1506.42512907582 1689.12245346747 1152.00348763174 981.386100075828 1337.51413378265
3164.09862543334 1787.65203969016 2977.51035847451 2276.36931551944 2194.9767228538 2821.25669887028 1048.20445773347 1289.3741579057 2706.94488959902
0 9758.48558486596 1561.2657584099 10952.4842629687 9691.74608040678 0 8174.81372526308 2739.80939433203 2837.43092469862
3607.28847964638 2851.11728451208 2740.28156703991 3014.40966345215 2875.66110895843 3912.75378551697 2011.18379329289 2843.13914560159 2242.80145791903
844.8862192673 1134.10290677183 885.147337309868 1113.04779592537 547.23009989428 1166.24118056064 548.578756761719 793.893388447806 731.464005901253
13329.374439499 10264.7043165355 9393.64841192806 9665.51274457833 9713.54856576508 11720.0884145851 9123.25024896975 12078.3885983585 10745.6966430315
8191.24151138198 7820.8727820375 6894.16317619175 6955.805520793 9870.02466565203 8499.47592921306 7124.03690321614 8325.08643627528 5011.56997282253
22747.1481566591 22376.575897661 22867.8537063231 35747.4455708976 11690.256883879 64928.7504201705 13051.1426855501 5802.51653810215 21877.325190952
560.743529691745 606.889608254959 572.842884918527 729.434942031973 610.226528454881 627.674645311668 413.923709010573 544.261903310039 559.878761207215
13874.9781125897 11305.6569034739 8525.88910560219 16575.3825736863 12216.7702970316 12784.3618195111 8334.39154090498 8837.17816949851 9707.94367454515
5867.10090237416 3168.19423731858 6170.59901411141 8689.54445190694 6822.93754097018 4824.74229048574 6287.95024709439 4333.74619226625 4275.34941811437
22136.1132981832 16888.7012963478 10604.9631473798 17624.2650380159 19555.2685201844 22813.0078010449 16044.9844138581 8105.08399194507 20201.8929247808
0 8006.76494521488 0 7080.09821357052 0 7547.23676086496 7617.04939422313 0 7842.95106309853
6321.3460763873 5413.1351243458 2229.32107489259 7518.53827856166 7616.27806983262 8159.46958497579 5043.54933124762 3372.94445935079 5398.17566626657
1208.79561653667 856.13303536251 729.738029103003 834.277494069785 958.057583958571 1249.05930920685 729.031099381335 842.576097951266 532.396390548991
1335.74407649006 1620.91521355682 1294.01024863775 1493.03285677278 993.610378415284 1726.6735114975 892.945454848241 1198.67569551471 913.818360617288
1027.93786090146 869.561304259048 0 0 0 379.061984848107 0 0 0
6424.46713332189 2944.54482084569 0 0 2745.29968514431 6917.96816782869 5192.51945091023 5138.81224346228 1477.35792535417
1579.98468723426 0 1695.00350204172 1577.38841105181 0 2294.38315127711 381.985355114356 1151.66495225357 350.534249259592
28630.3983681463 34235.8769038535 27416.1521401094 32777.7208630662 27922.2790693161 41815.8893123769 31622.3924340954 31512.9574952459 17878.6469324131
11876.3341235197 276345.853710661 867.545617839833 1543.84700861392 1127.47754132043 25629.7528348052 2381.14767243278 1518.1319293816 5485.59359966115
1535.74157838281 1250.27042397708 447.193244804137 2103.66342910138 0 0 1446.9141298293 1211.3610669547 1158.1338389054
1408.22106703395 1585.90264659523 1191.49457188636 1535.86179317099 1008.76685791703 881.334794429392 985.316033941696 1052.44173254978 1283.19400364444
736.738059609772 701.426562033499 453.499621357236 1126.87262645001 1036.81708444167 1020.71860330391 609.093073099945 709.028423166247 493.998978591854
16188.0330000226 18079.7854794964 16674.5264113799 22622.2756519044 20396.9636482649 0 0 18248.7832147372 8123.76781660438
2560.73929933435 2281.39441628956 3581.25795782497 0 3391.42966302472 5038.60733119185 753.597943874222 2690.06408680505 1512.43594054558
1626.83137924355 3132.86398847392 811.617299211395 644.01641906506 3828.94515115035 4224.44992877336 677.639165821859 970.217021559514 10923.4081020502
10465.5741008042 8015.56139207476 7790.02376334704 12605.0861482332 10202.1113108408 8405.08638982336 9735.97921896028 5808.80342239082 8414.10154437037
1971.17484879581 2039.10293369999 11477.704970752 8334.17230199498 1907.0627095555 1763.06926327178 3001.19742312883 5084.28745442546 1514.10012784788
9663.29362492637 10371.8319621091 9363.25791852601 10222.1309670475 11632.9978253458 12315.9481755928 9165.76112864737 8970.80090773653 5546.34017187377
8119.90001362199 13087.8588943441 2968.46154054652 30059.1447881438 22045.8036477968 25409.8206204451 10462.7895431052 13387.7228690655 2684.81486380264
24756.6879454061 29791.8564143457 22125.9469213845 12595.6618831316 16736.4942991498 10425.3171013514 28655.5229545015 20953.6074147902 33374.3054073726
3452.45876051967 4174.06459325539 4283.97829535452 3463.83588855732 4461.31286568149 6751.73408051758 6272.0504837485 3840.22801267859 1697.17075310055
68148.5320622588 28752.1007740627 1920.90912005539 40793.9915842447 43262.8807885416 6413.54140368851 5193.52437769272 2482.95751573342 2626.78619787627
2537.84786675419 2804.98063047441 1094.88647999717 5355.28243573629 4284.45108654207 4996.49761380885 2375.11478787501 2299.82674887871 1569.67148260467
32179.4280631549 1515.24442475715 1714.29335484185 18020.4038414182 890.682850420879 840.703175197313 1377.02434242575 764.329643670877 1413.49049270498
4349.69239372006 5197.04181941941 4020.70954812555 4442.69405900111 3290.64234974125 5605.80170449693 2840.10814474238 4050.61791295925 2814.39944560088
67522.7729799027 6208.96549487307 5764.52530964056 6801.37551178776 4736.21476609505 22648.1808096363 4314.58120233318 7431.72532083836 5735.98841463859
116081.068638032 15893.1206233998 7396.49072598034 25469.339806283 16389.0014985819 14127.2662722313 15443.8913237333 11723.9153336291 13140.3578540948
2743.6393086698 7064.62297305622 16776.3822228183 4883.37583533795 3160.1575157942 3607.53376748086 4519.64115500361 2548.90021539809 2447.16560574793
19367.3809635633 23471.4754821925 7167.28516748151 34916.9803291261 0 31279.3971486219 0 0 15582.8075337822
2825.30700547545 3310.60263451679 1916.62599700118 5377.07881489137 4375.55821556695 4711.28373394069 3021.27554197934 3091.79571510703 2004.82060072974
12455.3350982982 7848.83866696043 8748.60892795844 13880.0114041772 9910.8035471799 9097.33718459428 0 6281.81655567408 5196.66620325151
330.636625920556 327.430674667973 6708.64643460655 351.611199538815 634.619071322965 4706.84265396339 288.119771236546 38696.8261712508 3744.50002007279
1596.09356682729 1842.36289753252 1687.62716879791 1591.71593714172 1103.96125609778 1346.69844531744 916.695636319095 1673.70156660274 1228.2870573402
2674.15761072132 2201.01150640645 2140.14583479113 2929.61634929163 2752.70232895323 2697.0618056042 1659.66757768311 2179.15302897865 2114.6744803069
3007.13452496068 3497.65702139555 4902.69584098489 66821.3163206941 1588.31413954414 1626.09478290101 1480.25427483739 11598.0302710337 2333.87701716319
1123.79801389008 1210.31361390772 889.54134703806 1260.36087366858 1164.25266311925 1239.29019599728 1016.29844954335 1196.83862360843 740.059124925927
1968.28903249947 2288.28882626842 1722.13036763109 2397.4495998828 1661.24049638689 2376.17606034919 1499.21716429993 1656.39908692197 1523.09492513409
705.19532563975 3249.46028656478 453.47934035802 1187.59237890071 44455.2657753083 1629.68629593458 2083.69038431383 4974.86266785174 41118.9558768917
3124.90458112415 2332.95029616275 2806.20736476048 4009.13449653506 3298.23741449118 3209.97134679505 2785.64569791678 2745.98841617702 2254.44832755614
911.503590726118 19939.3246341278 806.037701879491 1736.94337394112 321686.78961716 605.144473767853 11587.5164662054 5500.08459019367 555.608492829888
280.634482602493 265.23830863991 230.035907642817 283.664512104685 270.978380555917 294.746490999189 226.356808650752 220.790421326134 293.209981930618
3856.81765903872 15817.1977954105 6649.90611927102 4254.18004401107 4718.93301673288 5124.09144546277 36544.5253537495 3910.77378554009 1906.13440727713
13731.2567801882 24143.2821100825 28131.2168636583 25550.9268619775 17875.0973616076 38703.9466578977 13674.1099844395 0 0
1398.4503413537 1337.36129158614 3773.86102145713 23852.9603023382 1797.65171298264 1373.53976751413 2069.27594542592 1419.35819199668 1080.91004889011
25566.0299590654 135.389373008474 4705.99912955654 240.507542732443 186.762511230017 991.215665201201 830.823990810173 1505.00403212948 134.556568012948
42559.6745048743 9941.33542694849 11901.1407337148 13965.741922311 12297.5301721682 22291.0898925735 7502.38107200153 11911.5658290941 280804.951360261
4506.50563154771 0 4141.68707601634 0 4398.62486372583 10054.6592788482 2458.92229805575 4492.878686481 0
18283.8143698945 14818.2033474605 12795.1749919704 13607.7190325175 15546.2459795571 19031.5888009423 11216.2300939043 11071.4418614558 12655.5900517172
1921.09392805918 1703.95038255676 54794.5930145398 1814.4742575081 5753.53566982871 27415.952368376 24358.345033792 1084.75796693938 2831.2227137964
2712.49354644325 1037.42363919835 1716.86225332486 14233.9228654029 1938.12862588373 1969.14300980592 352.395174004672 109703.586668269 20765.5701821405
89541.736449325 17603.502351446 15524.9976802311 18531.805797786 42693.582895696 53542.8776965384 15451.1483990324 15126.5915330495 16318.6537457986
6440.08647784434 5272.70785393427 2760.44823246852 7343.23963941005 7487.09181167237 8219.2691872714 4861.23420744466 3324.70968364159 5301.38295552859
1337.65302597163 1341.48430444092 1317.66032260638 1533.97178689399 1265.83597650671 1652.01801694652 1101.15390693431 1279.78810043781 904.390864690523
979.310147281234 0 383.380663612979 1838.26943347445 1178.1548723359 1145.40279128421 1039.23537590342 806.743332913858 383.896671098343
25188.8742199249 28122.0641996918 22827.9265587274 15990.2655155024 38349.0240067315 24852.4920300259 17063.2021161651 32105.6639068071 9699.97379220583
200.649875221887 220.405717273058 236.092345193827 212.725244799076 245.194226183853 241.04489462515 166.127245301116 235.248209131501 187.397330021068
19502.1460197829 27215.7897009903 33173.1038766031 23203.5010395456 22905.4239712837 39382.9802868512 19098.3126216235 25882.6717018121 19390.4852439226
35872.4823545207 22120.5061502303 29865.2472269966 41098.1430731379 34459.2032676645 58417.0411910862 21678.0972269186 24512.9549396292 20802.7739417963
13804.0889679008 14863.9559118915 20052.8727533699 0 0 8496.62077925186 0 18564.6531753023 14305.4775416736
14959.5864058896 25787.8443200986 48735.5617567753 28152.6676945639 23605.6628282239 17272.5654741674 14447.8741496714 22362.6961028607 131826.690600525
4818.90825015438 3146.63924942057 5570.39349627445 0 5330.81775856667 7984.38430712233 4179.52830776331 2125.43854213344 2570.69230119964
2785.68569839067 3452.25133869956 1862.03528517957 4898.10672337971 4138.79623991764 4533.44889878451 3285.1311439715 3160.83106217 1952.93882080889
28212.0222113625 0 21116.4332203365 11455.8813118363 16462.2886524249 25876.0333402528 17365.1716685078 17452.3695641757 24453.0769877398
13254.1016418513 6818.83321140395 12521.3137126463 18132.6088398774 15301.7588516146 10502.9707417939 13813.354006211 8936.49372674899 9831.10724045059
3004.96464649872 1379.14425748271 2936.90614735877 1768.2313281784 1694.64669596503 2654.73270754577 1138.86251852827 789.676343893222 2322.56601842178
7532.75992798314 8072.534307649 7261.04530599875 8592.70647686654 7668.81054158658 9592.85607980447 10552.4390901318 6355.21846546418 5853.10835615417
161.742257620311 144.917969573315 156.409308841556 203.380846170936 183.321872241554 190.087163469603 96.3260553925344 147.34968232365 142.064374753011
566.728339512485 514.337192001811 371.268797230418 506.730294492628 661.839546345069 507.559872623139 360.476907205476 555.620856983894 358.619481593171
1253.64641481067 1224.32955579842 938.634208512195 1066.20696715372 1449.55978118549 1119.83341023776 726.406858877979 1277.41334285332 771.707913757861
6466.39156657941 5914.49936954588 4892.09948133447 7753.45468307324 6162.92601239239 4904.2383293641 4831.61309080823 4756.090857752 6114.84137541383
10167.0560088343 8986.07082223559 10166.4701538116 8080.73746461339 11716.1941759339 13348.4162908732 10394.057166194 9088.26794350932 5868.35420498952
20587.1742104745 18024.0619842046 16630.4162788067 18799.6595287815 14464.2917674075 16870.1715072765 9530.64388629256 10113.8928417297 16131.054461697
456016.965854187 3690.55478792912 8667.9394086155 9378.93022268064 13100.8479556363 6376.78079127044 11184.9656289387 779.289699349311 886.841709439063
718.810934329751 2580.32086133927 0 2229.22197301157 0 0 1553.31859389772 2052.05626790355 2235.06593258904
758.823204767597 488.693229184717 909.84591822767 1206.53253306732 909.962713457498 566.094541344963 989.504628259924 554.362275601618 585.181684131022
23695.3462289445 12398.9553268574 25897.5114253335 36172.8613383844 28547.4478098493 17610.6983813545 28372.8617979401 16651.4784253969 17670.0754405624
3496.04357906687 3517.12134311321 3139.48102272466 3219.02511581454 2699.74247109492 3214.34514302241 2801.66680638238 3023.27875933342 3017.82632002206
2660.14276728788 0 3017.65656482326 2440.19079787484 1959.39488898681 1643.87270002182 0 3123.75036726154 0
2953.65557611415 3448.30105032203 1813.38102703215 5269.90778621091 4459.54172048904 4924.37962767963 2807.156369516 2980.30553527178 2131.7332477987
3021.73596124728 522.606630768652 739.411061452166 538.123325575556 123341.075795566 110060.878677875 3636.2140978693 2666.69705753858 1060.2143263056
3792.28763128112 3985.0118421902 2576.57316048676 4538.99129504483 4099.65886730894 4150.96075015948 3970.86604639872 4022.08457567605 2526.5736052345
8699.13809866472 26352.652981214 4355.14707513876 978958.898988495 8857.63591855118 9773.61011931538 10223.227599671 9438.54255898586 5234.92622531843
43758.0865466775 19081.1693418676 39836.1644308114 20669.1484332791 28442.6712966631 37439.4123763655 9477.34035606391 10854.0799956276 32459.7496236163
12223.5353943452 7173.41296176796 12015.2510265219 9557.34946828418 9577.26471632721 10624.9579110956 4547.08874883054 6507.98566113107 10812.3782437482
333.65401770131 344.927362839111 357.406460609338 364.280366055455 431.939525549011 421.721321692587 277.032759503139 311.794490563327 231.696405404927
8124.35475279548 2466.54665222331 0 4588.61697536955 5944.87835975078 10961.7020749689 4309.78617695962 3242.3001784778 3727.79799692515
16752.2881271198 16586.0970498945 12515.1111278509 13430.6423829565 24101.5734946601 15340.5452401174 14846.6847860348 23123.9244981068 7561.31006828811
3199.61142436688 3230.01600804146 2220.92045467944 1858.62283063384 4945.10899410496 1741.19689455752 955.05793970233 4252.37730931188 1312.90493639177
31890.2181203641 34890.7882144455 28873.7565354351 24923.4057368064 0 38682.0902321224 0 0 14297.6562929765
74483.2576857512 54457.2503603167 53866.4122696178 62977.1963702929 65903.4419299763 66823.8578795687 46558.7062557304 53711.4492186495 121048.504304445
31048.4697733538 33087.6717511765 25811.5998385292 18020.7939412836 95227.4442984777 24828.1947583052 16002.7334941139 48457.3059010938 11701.2609330546
10799.8732504103 10800.4888364091 8447.64347064012 16332.6099857088 11181.0607014198 9940.76431580317 6969.20877047777 8695.54146734517 8611.59625181766
3400.60399626032 1383.40549083715 2624.92690249201 2353.96625447036 2947.63226418472 2820.84951614787 820.660326008159 1258.84987586139 3047.82141124825
1657.84665580812 1484.09274513642 1839.92191853892 1996.36862976366 1888.57799990067 3000.87192748858 1246.84460099548 1417.60689104864 1106.77962328738
249.928136517172 0 0 0 0 449.490073447158 0 0 199.344559205782
5533.41799963425 4123.49170060227 4668.68901553347 6823.81789808414 6394.9621555035 6465.90589994124 4770.07093218543 4293.06915586503 4826.91829005158
6776.46343935308 10497.0445613271 10498.5596234929 12103.8303159313 9928.35170434775 15000.8834332409 7477.15687260831 9040.45103958837 7906.47861135163
5231.12419645639 0 0 4108.48105864375 0 0 0 3027.41819599076 4187.57606549625
21023.7258215608 0 12012.8320000987 25753.2376355556 18541.5977014475 8648.04386298622 12520.4089001504 15142.0871699648 16840.1406153194
2990.55898828191 1822.83997893026 1951.66307718757 3233.23304365407 3140.01788060996 2905.58414801496 2408.13579827677 1810.92813674832 2305.60078834407
0 0 0 0 2307.77479888305 2643.20075275115 308.88084108706 2285.23438602283 870.728775079034
440.214549121766 215.872509896932 153.142890308855 406.816181882125 357.025040893422 455.813700765236 267.179109185641 287.497378334689 227.24203129235
13759.7033840529 6203.60954078306 9234.59221209841 13919.5375070001 210565.285722083 13867.4054433839 5890.44301769852 197787.581560606 24070.7627873627
38268.4385690089 41723.4469641575 44035.9184756717 53438.4530128663 528314.400880844 59865.185700117 31958.9237682683 137226.429930016 43715.8588695214
2140.80600405461 452.749042023299 473.24476712736 1762.65982787842 1486.65768995056 2175.01885660473 881.165162726144 853.377508574953 1057.81661342048
30009.9913316894 713.726263349579 39996.9492121868 1621.33818291972 558.287727834185 29242.9258352017 497.307708877482 569.81135511388 593.337951402134
29126.6595946797 18190.2431086279 20571.6457511036 32856.2738989553 48286.0327740348 39472.2819188654 24541.6445507915 566439.297270299 44619.7394880469
3430.51732093634 11680.0618666845 688.569876824191 641.644192867312 24105.4680040036 4973.42819936 5164.93324606257 1038.59139068467 8259.02699484512
0 1167.21149256026 0 1529.6291681852 0 0 1184.28200696536 0 234.190873556554
1003.88273549769 1049.37959820577 1152.1298859273 813.807519878995 1061.91496117156 1341.10981275554 905.423680259568 744.930713792828 601.893641953253
56418.67903427 49795.2981842835 51756.3406476783 44516.8412939276 36575.0526496744 62719.7591036223 31477.1389042012 41144.0108848957 31064.3931956986
1824.31524824056 1180.30702602901 0 4542.53572627417 0 0 0 2037.69943905683 2825.32855629616
26649.1279091583 23532.6573696322 30167.8776821392 22829.1537496895 20850.0723605348 33364.7520027333 24645.2770952316 17643.4862119843 19079.3973503927
33534.5045877125 36609.6343799351 29545.765454408 36972.4677113262 31247.0295731706 40965.2281084784 27312.2454290675 35276.9530438433 24649.9891859645
0 2726.26166040528 0 0 0 3832.97726105817 2117.6354940765 3433.63013613896 0
288.959167640183 0 241.543727764489 0 251.29229663602 255.945931006003 97.1062200675923 142.173531779986 53.0346346449518
5944.74299050673 7425.2790175992 7046.14544825305 7789.22902763814 7820.28812019279 12368.2211691138 10816.0543310964 6754.92561764269 3195.9157090263
513.516388447561 0 0 0 564.373775126918 223.929189995175 512.619262725989 0 104.01126366375
269.09423936041 386.042097070142 530.292096007684 506.557332112908 454.72447130047 779.421301411487 265.065052632925 285.011613486086 146.914530792362
2184.97269461602 2355.94128225907 2696.16895061599 2693.15849727571 2750.40280509096 3836.7734277705 1933.49598182053 1913.21481062407 1488.30689929586
2929.17416326846 2724.84847047908 0 291.571971148835 0 5821.08361727838 2736.50132645717 1745.89124268837 0
501.926188376446 812.873117848577 1123.50015840518 912.852210382555 884.441353126395 1578.36975819978 565.927415441507 604.218027305828 402.262952392812
657.596535959782 5093.81886805106 508.258488882561 85694.3525327537 750.432268304337 886.135287162675 1157.13464868405 492.346515343364 6426.75975371805
2284895.96804538 72104.3343684754 29119.4616245526 48449.1582655058 23429.9768096029 33165.9961910221 31824.5027092951 42244.2577278739 39398.1988194034
1314.87283864693 419.081045058252 0 1244.01706721617 1108.38389361104 2029.13643249633 0 1642.98437012074 0
0 193.011421500421 449.740793751931 0 0 613.846863511635 0 522.435791496701 287.862261990397
5568.26397082507 8888.92988023306 10549.8646292604 9169.76365266374 7108.43943408271 12560.0977390899 5450.43356577695 8312.70696108738 5524.83288866532
337246.813903631 10957.4731722604 25624.0976104837 11143.0409117944 15880.8307770356 14064.4126492938 6277.06566106171 10092.2298066878 8818.1664446497
24862.6295954449 10669.7844495784 23096.8976730979 10035.8395069893 9499.53192081863 11635.0124536664 9613.37329381763 12176.9859229918 192666.576736115
12224.8860895387 12121.8640021715 14469.2782261357 12704.2198721795 9539.09719929174 16331.8465515382 7534.00020625166 14507.6669319853 9199.48163788043
5083.49826537063 2290.47859066219 6762.41011405895 13810.6017820889 18250.0653526325 883.252768354139 11159.5889226535 1046.29655663689 5046.62099250796
16789.0482834467 9270.35609386369 14961.2435635221 13342.1085995144 12417.111527317 13595.9468700619 6093.1024160591 6718.98717515552 13885.8529305579
748.018690572773 1751.17297405306 3042.23980368785 0 2715.96723387593 0 0 0 3322.97762952112
5479.7386103073 5454.7073300919 5969.39398579003 6834.18451078605 6421.94891194979 6869.54740674524 3660.14306097363 6209.56001529129 4979.59224567902
39056.4624129113 0 32389.1100754155 23285.602113076 27785.6549471535 28775.5020278989 0 9985.46243339608 33085.4403767332
33988.8090283547 55107.7075399124 20516.7655449557 27298.4880827204 21566.7621374099 24889.2301352383 24851.26810104 24453.1803635474 16487.1087271963
33315.0774541757 29991.9491421708 23486.8714744569 25497.9585876902 28821.7751137065 38970.139246738 24754.2444580253 34258.4675656332 21337.3158758382
3909.01534223981 4831.47003291543 3474.51285830313 4273.72074812127 2747.87029643779 5168.3987738893 2617.60153687162 3646.92654462472 2531.48787358437
463.772624184225 540.252731075526 540.488598471466 560.645056227173 606.556768888173 651.084209833047 483.710907529083 508.975317073857 432.459808072014
0 2721.77531592114 1751.16471742781 0 0 3443.53047506035 0 2672.30808608699 0
2064.03730334595 1535.56500403304 1897.50164519391 1199.40780223094 1223.24336113717 1470.45271263932 1334.66599004774 962.889039107853 1910.70346082157
762.976236668487 690.601974680002 733.082111262128 849.967991558334 904.284714649814 751.952499476064 429.481724431449 737.808327007311 637.906111740908
17303.5559157908 8319.54147360751 8594.44514692782 8385.87167677914 1203850.63107851 8813.7820506935 7928.29759837696 7441.19914080401 163764.586713114
6793.66221936352 4536.5366893803 5255.77382520808 3612.87161483046 3933.42551873324 4406.37852584838 3045.14581039009 6239.78208890809 4109347.01768603
684.836653523693 562.380822117678 609.159221207538 774.723741585881 664.708275022312 767.937249628253 485.156657232949 563.126761173805 583.286388691801
1492.78219418944 1377.51631067613 1043.5182785827 1636.30051096699 1577.58565353067 1981.7034693383 1605.29830633825 1333.60736259707 1034.19443129609
4483.33052095384 4471.91304311295 3033.1363719779 2382.28571109818 7103.7613242013 2174.13788853443 1061.25146992463 6172.90971350555 1722.91163527992
1803.14301976362 1302.47371016466 8748.45481586654 1770.70510734615 7227.87166114614 2185.0284072625 2581.25535278727 1853.10779751224 386116.059307755
14237.9475133812 14938.4734945988 9782.78359003695 15630.1484634851 15890.5997124827 0 13323.3634628538 0 0
20724.8912982606 20944.6077097888 15773.2522415568 33772.3617355414 137788.25248831 21888.218498869 30540.6137749387 18350.543339786 17666.0953800438
3933.45342105664 1993.98166773255 2419.99100762968 3911.58276776871 3688.22287328022 6320.17617611554 2393.80526099409 1909.88510238311 1709.28385725304
59782.4186759943 63572.7069168824 56333.6393405152 66001.1814119883 66067.663439092 88954.9729260813 52039.6835476422 58324.3398843086 36036.6810246617
3020.37079173002 2417.24095020221 2708.40384792017 3618.39103868277 2937.00317373183 2642.32707578598 2613.11257144928 2258.10602485936 2398.75656468134
18078.3516879759 22396.7898227683 21122.0704343993 15557.3333934651 15803.1773543417 19934.1489509098 18900.9810984604 17895.3175732621 15297.5591416626
5167.52971154706 6133.89470216798 4866.00628741604 5577.44144077252 4968.95131790852 5691.20099811806 4033.02642717159 7955.22392061993 6849.80073328097
293.01091802653 0 0 0 0 0 0 0 0
889.614442041919 932.70016352238 410.386027553285 1665.71384261469 1384.86699528982 1559.12429729014 749.223210263426 804.813950622383 605.575637294949
6407.23194815391 5626.67232222441 0 3653.24100469488 20.3112759750657 0 2811.43211922967 4159.73650155831 3172.64548187181
1423.82426621406 1106.83649872519 1017.37308315522 1222.74116194185 1427.69619335027 1218.27646547538 688.475571538217 1183.21918085948 819.21147827248
193.195507631393 59.4572790474561 167.239516314865 0 0 0 0 0 0
10575.4837355612 16491.9455791907 83290.1693403222 12064.8489172441 20982.544982247 21818.0970476329 9690.57297777757 13270.883755705 29401.4616550559
0 0 0 106.498260712931 0 0 0 0 0
0 28.3288495786867 0 0 0 0 0 0 0
4127.41733665302 3264.73467807146 0 5134.75316017286 6072.25205743957 5475.19754303282 3340.95941264715 3439.14212671849 3389.06231570394
1353.54700073732 903.775893433495 1757.00244028939 2607.72067301892 1650.96428170826 1027.07283130463 585.236322057652 1667.80859919157 1150.408109884
0.580501275084089 0 259.928744256689 0 99.3250564370679 0 0 0 0
228.38924631305 252.276130312634 269.83366251329 278.566796564801 305.938788719032 303.26053678664 186.122960333734 249.373608175476 211.05186576023
721.123167353094 917.480121873985 471.651684800611 1093.81116430576 957.199280331078 961.202570421774 830.305274331949 743.984631200309 645.855388325093
1930.50814833312 1689.82358697144 1556.67519563572 2062.84872079701 2042.33095392623 2362.76918371573 1917.57014382649 1641.47204045294 1464.6443828672
2061.85518926186 2850.38055562228 836.487471512099 6102.96157263926 4613.38274946006 5194.19952049391 2414.84100068457 2622.59420762357 1064.10000040001
0 93.7329171767453 0 917.026282519883 692.911199632237 0 1008.36774661936 0 460.077252054537
19626.0766134752 60230.9802198322 7635.07246046868 24208.0266193686 14486.4404223765 18079.4199012731 12198.8112287942 11324.0416677685 15885.4488730127
6166.63312657078 2465.62197224531 0 7971.65453482302 6595.75464438811 7391.87370567521 2792.76922382673 4658.27833617639 4416.64440089967
45781.1455451058 64576.8249277048 73252.6320863993 107603.562679835 53117.7824993934 40139.5385648599 18128.9191797028 50059.8352019861 46683.0211060216
28363.2578115674 31242.5006675639 20242.5305614663 40633.1285106677 32425.36857275 33591.4574840197 26317.0710910833 22343.441599227 24660.814474663
561.601325859448 512.113469855816 438.913541499852 491.824248111586 654.058998876253 481.672523843038 335.686571256132 562.956778506272 371.441569196268
13951.8046523018 338768.804287722 21608.9268996509 16910.4289336999 24550.5030159811 37852.2403223549 89784.0346366845 18625.1725844246 7505.00304510731
5057.32395430955 3592.32095889183 7327.00736666938 94282.7468040649 5974.00840680106 4268.20820199958 607666.410590069 7660.41421028937 21137.3596825959
3287.7271930117 2629.47288569128 3073.96586543383 4516.29996752034 3758.89336689851 3304.74658736413 3641.73904063192 2076.76948680431 2765.01509828554
20621.0504224827 28346.0579207761 23019.3864218354 17029.9050021025 12127.6986325519 12061.3214110238 14808.7137219501 23381.9764502199 21730.7392370846
4634.88245482353 2486.11792716159 3758.6734973731 3839.04505362225 3569.50086137695 3925.13924684029 1710.78476186818 1906.18797871772 3691.81931499386
3096.34080649757 3078.3173758341 1516.85681300207 4616.28837696505 4059.05612778036 4652.08746083789 2492.54717232766 2249.13802589398 2474.67657140015
14084.6083041622 18442.0122658022 11193.4500991611 17050.7195040477 14605.3389439244 14135.9902005862 15069.1165626224 9470.55027608088 11182.5587342892
11867.7967609502 11891.968321993 8070.14393358024 6261.1497544849 18915.5654766546 5734.41720039848 2744.71009024134 16436.102952771 4567.35151306269
614.221360633171 866.258517896547 731.960241363868 852.931224229135 639.845409879401 1029.09133600439 553.850633225337 694.933673320736 418.621779612744
0 55006.970535632 37222.4432570156 69406.3768758957 50466.6961832982 53868.6104366023 36032.9225138459 39969.7009406524 47615.9256132173
4862.20599513937 5137.16343626817 6095.46175936672 4890.98174030404 5176.81273641489 7607.8910947414 3708.58833500224 5083.73476348254 3759.54037032358
2519.24727752277 3045.64801642992 1638.07963906928 4071.6489102208 3437.32659090913 3448.78356737653 2740.60405762487 2536.89058285247 2111.5930003633
0 1785.16425539979 0 0 0 2394.32905423061 1915.06109126042 652.697378700175 1510.05063079956
16406.2915274604 19443.2480417117 25120.2701551981 19751.2218884891 16283.5040727006 28575.485705097 12628.5812718036 21098.6418561789 14833.9910102629
1764.25197191564 2027.05533039327 1128.23930257361 589855.907264761 2236.77560362901 1545.39437972296 2600.05381669599 1940.49299880296 46140.9697664329
2.52619334438236 0 1091.05242571465 0 0 0 1055.33668284858 0 284.51733781584
560.705091551488 732.857642360805 720.286945504346 663.341976308636 405.58681051891 560.101256630311 326.23355606102 644.026465740037 511.857706549073
4598.0896903295 3985.86877951964 4197.7931789031 3401.72055770582 3163.66065218962 4135.15485059181 3158.5432343725 2822.3503830824 3858.37575646916
415.93069125367 1979.91095080272 1144.72548784021 8492.58734987447 1181.34548590176 287.6027179084 3182.80557212128 268.507815432856 382.797568552054
289.34867890351 247.555069679359 251.445454006829 338.115809840935 334.726073661192 274.25356943726 167.578439836279 278.128702661308 235.16380492103
6366.9481236924 7048.29346685424 6544.35199973705 6222.32189477689 8018.93377432454 8490.15314652107 5776.32562429657 6606.7279138748 4261.29545042966
8132.06962632878 9155.51456643101 7228.52201800421 10329.4969966575 7035.95581604005 7253.0224687373 4894.46387958801 7408.38911914892 6674.80564477906
8958.25672580836 5228.5647415074 4531.72285185403 7563.59303240446 8514.40525483185 8489.42246199725 4545.11117515893 3670.15861340423 7825.11468853109
0 0 0 0 12.2220434743427 248.200608997285 0 0 0
1205.57168451985 399.247112454428 770.037846793114 1385.30641364503 1331.07683610277 1053.34020729301 843.262556868247 836.956173072124 821.154966429211
1270.13251810312 740.780498035359 700.48133648568 1230.64468985488 1095.74809485334 1393.94746737666 852.225086140784 743.664867024545 738.300019700819
1797.5006461355 1344.42047092975 618.214369883677 1642.9365095828 1904.88871204183 2067.94911395824 1253.39455728218 634.340012381821 1664.25758817583
5952.23266804598 4568.51334018547 5117.20557356274 7933.83861091053 6580.54093412129 5573.75379320939 6105.1593045892 4258.0842236716 4844.3554800025
12950.1201541685 15417.6315898934 14146.0640956389 12613.2147918246 16008.6964962969 21358.1094882545 18878.5078737061 14578.6125341347 7101.57987116099
4468.28781812581 3817.88496220546 2706.3367837303 4330.52171745772 4749.89484923275 5148.10958132912 3175.11180493318 3234.60827158575 3326.22380553711
6363.21116309922 2029.90080717971 0 7270.33534388968 4326.32504909388 0 0 6684.3435284127 5762.28229952626
13661.0646442321 10317.5172243784 16112.2312810543 13949.4646573885 13677.1542127472 63173.4889436534 38199.8027416107 20803.1378853284 13549.2297856454
1221.61266827364 899.360053647769 494.968196993098 979.586261096724 1142.44625853333 1161.8385266785 873.204285126548 486.028003812735 1154.05119098058
1671.91146314964 1662.76886114414 1007.9767322087 1831.6783145675 1785.82050969084 1762.86417103926 1570.17066021323 1201.95056773042 1622.39326761015
672.860781808332 438.89612379059 754.383929662421 1066.42731895168 799.347217541761 571.881537238909 632.049047386793 588.235826247029 526.105562165203
12607.9803578197 12708.9371459097 7834.7788956206 12917.1895274623 12693.2778676314 13732.3808765951 11984.7190706476 13207.7568908696 6875.13088199656
301.360705162331 0 502.716930386185 0 0 0 0 347.133460826967 0
11249.6237678047 10953.2970874389 8700.58910982094 10460.8425429725 11436.1087340363 12023.5364389049 7839.05876387345 10621.3094118914 6987.3226071039
268.167823022148 249.838272907609 270.860783935144 275.515696218439 252.054957006263 275.028237725151 180.350129721653 230.287280639069 234.149829353918
9327.07392040498 3796.81349371011 13588.8041507408 4502.49329776375 23899.5735778107 3928.4344836318 5922.61583493274 3885.74108700062 2683.84658005685
1643.36476479672 973.849734925914 1440.95927974227 1227.21001266103 1230.3015673395 1308.78814803126 464.773497935174 800.643313479046 1439.06088243085
94.5884159601403 97.4800012829943 75.0429698193288 101.294935468241 89.7444451938314 111.27669524708 77.7512456030554 59.1179186923833 89.2056107126036
0 2552.65684234961 0 2426.75620423055 1413.00756256323 0 0 2492.12785057193 0
1498.87010908659 1438.0602590094 685.104878382697 2755.54932275491 2334.93972816526 2498.37338845118 1407.72330976266 1203.67159388112 1041.28030982329
19875.2338807062 20488.8646736671 17157.4172313969 19947.2087635822 17066.6790078993 21499.9295622752 14348.0296937675 20318.037403389 13404.932381397
523.131313615983 461.134665749696 401.043749273968 618.476661295262 559.721716865574 538.655794869538 463.733173844607 335.610285063966 490.390462287037
3086.47346647324 1586.28982241718 3130.28919165966 1880.06530627985 1588.28570225329 2888.87476047183 1548.50774071451 795.724443164449 2256.4711075266
17480.0891663455 12570.177838704 14921.6191472298 21822.3245030431 15437.8961024962 12654.8812171745 7894.61132612253 10300.675409632 14278.6021774733
1374.28077960612 1332.67499215156 1245.2613106373 1857.11936683724 1719.22846124131 1546.57167074447 861.305463918397 1465.65664628054 1209.7489757325
3974.7338643132 4099.05544245264 3887.8695458985 4562.41336841894 3928.50657909326 5043.93469537573 3057.93744014164 4479.84760948774 2937.74819196871
4168.82894187491 4317.7355334891 21018.9866749403 5032.96382503263 538678.923378015 5195.90660434527 58041.4359163532 3373.557196419 3614.18632722699
0 4440.4094544135 0 8349.88090020171 8656.49378632897 4980.97123039559 1246.88006074484 7113.27779344652 5176.1155029572
5503.07143204588 6452.79638409937 6173.03807208882 4556.49284566924 7588.64647346467 8434.20938932568 7008.3555536147 6174.37959681835 2642.30864494934
3826.77439787578 2308.12611068642 3897.68642190947 6210.47556963547 4691.03880773102 3617.15101308955 1897.55579478816 4203.09766681589 3172.19579954039
482.704073594463 452.52139069174 308.275756916002 561.925508468687 387.487854070545 436.606580148739 351.773655041221 265.866832593113 346.114836289737
25010.9380544634 36417.2440077758 43833.4941064868 37070.3079493075 30578.5230442638 52800.1107971111 23135.8384362105 34968.7935108243 24031.0635387107
25386.2566515498 11173.2846212981 52216.5470969695 35423.1628739311 29214.0665730001 28784.3411429328 26978.3041973487 17281.9079753907 18791.967210948
2365.83234718475 827.537908591763 2766.12760761238 557.952712510483 2638.76028745528 3657.05349057534 2192.72867280692 0 2025.18752806537
2661.37686702358 2986.01299167453 2833.07991859873 3002.44976083961 3200.6615698535 4007.01242145178 3219.25496087447 2863.20680560363 1810.62733599916
1850.86008650847 2276.98598733463 2736.55306311165 2578.65959324734 2239.80821353165 3881.41981416296 1489.12681116626 1984.2087293187 1135.84638242584
15138.0689920457 14825.8692293936 15560.3567404836 134604.620941134 16103.7420273051 20733.0265826991 16242.0582653054 27275.8389948074 838167.953364397
5020.02031388189 3536.50344231423 4989.6215934005 4149.86021904081 3835.41463528658 4048.11472332762 2057.24868455181 3290.88506419335 4466.58423379975
20476.3437146472 0 18097.3690498789 20283.5413197669 19171.8891306913 27404.5003913223 17750.0867150227 20530.4752398543 10851.5755175234
0 324.670905997851 0 0 0 0 0 0 0
28524.0824509988 48255.9208094304 15201.3476246318 19049.0085023268 22817.7015564507 20060.0695992219 13777.6654962224 17061.7949210645 11999.4362836939
12824.6480628305 7329.87623995674 5301.95880685708 9574.24822437298 8561.08140891936 6245.59045190465 5383.59850844679 7957.58614311187 5528.2088015463
1129.646472079 745.955907157423 1294.70893426798 1685.60819252846 1337.11984876133 956.535894184107 1290.10995561924 863.695907088687 871.389953592512
92927.2155793161 6837.41401606287 1806.70126072842 2949.28086656287 2912.02297625006 3054.73472035395 1655501.669492 4235.10220464883 1364.69399224007
4325.72140448332 25677.3884704509 411861.064077361 1435.42452898087 6824.03169194629 1060.34649879749 7388.67105380683 1151.16739610666 539714.880801688
13311.1830643552 16106.4485130449 13722.8655373139 13899.1236206006 12877.0548934436 20495.2549033496 14863.4659422386 12759.7993996639 8709.00307790099
5586.27773651731 5245.61473075384 4821.62344274017 4670.34019628129 5938.81004039688 4175.91504286955 2281.90223484 5141.07539492996 3610.58873714581
6521.57511726632 3900.19500013384 5967.61759106924 4717.87896891344 4285.74507106702 5272.14308743713 2632.13439040594 2524.11606656818 5417.93947988447
1425.23966540273 1207.25261167934 1042.84958651267 1125.71093919585 1212.29948935939 1459.39133113413 849.370978180632 1136.79865617325 792.983477705173
156.809203769007 248.942492961199 0 0 534.168868670749 0 392.889015990147 0 340.377522148258
2661.48476922896 2628.22408144052 2858.090772235 2484.00482999139 1753.95760286376 2130.38764391918 1361.10416977419 2374.94972316584 2226.96980864272
0 567.150724467029 0 2280.91744754988 1971.61820716583 414.476299503498 0 920.219400029834 0
16090.8454852164 10411.1185437844 8353.6871458017 12964.4327997236 15439.2116349781 15211.2192762983 9189.55803489001 8629.91916813194 12525.8506293959
5951.98434515118 2974.22509883074 4410.12319584949 7137.30042779198 6720.69020972932 5019.34715074916 5371.26061903471 3595.37967986572 4605.81147314841
13207.5921038791 10792.0035938745 8400.58549561389 11379.5356601299 12112.0017461783 11297.6361364252 11160.24206115 7341.58159729225 12716.523095242
17027.5143290034 20648.4245997066 13112.676988276 19011.4119766065 13674.8215693783 12948.8841995198 13137.7376030679 12944.4911204989 13589.5911114689
2135.96019089631 1893.05727685257 1676.29580594446 1769.45413687673 1844.11159267806 2135.900684787 1463.36376923166 1849.34530856533 1257.85567899307
10310.0020652469 12377.7357718493 8818.38385081242 10807.273221597 9410.87830722289 12610.6896267511 8247.53193270557 10307.2523279388 6607.74798924803
2106.15738747774 1494.12903918846 894.010048018636 1801.33916758824 2176.12243314956 2006.07235897764 1289.43272718759 1244.33716891192 1569.87692484108
1316.38517210458 793.718178091048 941.112458640313 1317.10913527947 1035.18425358818 1427.09412681761 787.456850357553 849.717686258442 825.594710082986
28289.3418120276 8127.62437014131 19588.4186563196 12347.9712722601 12746.1685871343 14939.908058908 6226.11174250081 6193.33055956647 15376.5456463871
2114.28989851679 1750.0446873541 1715.64696400424 2534.92193742035 2454.41114096207 2034.4964435532 1219.44587522419 2099.07701031021 1759.73607886464
12537.3798640458 0 10597.5981354641 11621.0788928431 739.863112782012 11664.6229658956 13707.3228537833 12210.6549744244 0
273.655920040247 449.627364351422 474.692941729092 595.257463064329 338.785015380126 637.633158041962 212.225879608566 384.236018237449 152.304424505924
40466.0932382234 27931.0048830472 30187.0212296999 37627.9757306188 36861.7548392437 38427.3632740951 25802.7450056191 21046.496278246 33618.1815754604
821.254863618182 10304.5076332637 1465.00193525143 1192202.08462912 33078.1579539174 1972.22364938779 1904.71341794893 493.184696659433 2962.58267713653
1268.03966888619 2354.4897913387 0 2510.7338094294 0 2278.57570064918 1330.44013808965 517.467006119499 1927.84207928362
43423.616049581 54091.9502305312 41843.7481036113 52324.1962969509 44962.104796127 61835.669881227 47002.5154246116 48483.9151512877 36829.1459283101
0 0 276.908894298921 484.108917310846 372.339730461572 0 231.814416067091 0 0
1122.03404194076 735.345702817009 962.837502306498 1283.50389338693 1019.42584585402 1071.0740562616 978.858210085696 752.6505508305 735.07240237033
603.430523100253 761.656905802393 665.069756237852 805.717060675186 510.804885776006 756.639536735146 537.676766561213 597.909599458287 480.722494529199
0 6263.41703806236 4275.09824998748 8404.45952903685 6419.37487110559 114.567013156759 6380.73625028378 8356.68768973705 0
10705.5627813128 4058.12055908129 8503.81724213423 3405.2466097591 1118.21684490346 0 4429.90067792034 5694.94775932246 0
17025.9824843707 17790.8907179422 13384.7794300854 15170.9328013227 20920.3564937357 20112.5156342388 16810.4989966737 18048.9431463417 9663.0612259208
6721.77196108607 5895.63095630142 0 5316.07989113509 2471.7693967809 6442.31670909837 3300.70189576817 7495.47556371692 148.399965691479
9577.15950460569 9649.36405078098 8234.75680907006 10021.3790689082 10063.3501677492 10559.3105109334 7006.29474183464 9939.17936693933 7115.08737004339
0 0 0 0 0 0 0 0 0
14376.0221807701 15366.8516448889 13800.8563597949 17054.5096219959 15381.0184144817 16947.5098152399 11334.3404209773 16352.8399039203 12050.6989148869
12648.2496750614 8868.76650267843 10848.3015835983 9821.16748465902 9117.75677451174 12668.8680642579 7749.73154924824 8010.47381086749 8443.29254184304
5738.24663054191 0 4124.21541271298 7484.83646424898 1869.76587991349 3688.30221177214 0 3650.1866851464 0
1304.07541584626 594.463477239025 1118.27835999876 15603.3306474328 173.996489457598 28790.50542115 209.014551088642 170130.160258307 1469.15010093113
1145.19820053898 608.895170453131 1042.09456702253 1626.17915274216 1333.53452367002 942.297709126191 871.65181653992 901.422187565016 865.062448313887
16491.5243585493 12809.5722672824 13730.9934390946 0 12607.9916757058 10062.9258355383 0 11315.9014611643 14160.7588011119
8786.84142660611 5250.4415119304 8924.56078077282 6025.28687340953 5242.87359803959 7687.08696418596 4734.78564239693 3191.9185081431 6818.87687085489
919.075954737309 964.826735734673 612.711088425451 1047.89799407824 1019.02001755282 1005.48835069937 966.883262770746 979.643471507217 545.13111597241
10416.933118375 9441.90968624407 2314.95240227182 9048.06688425612 1841.23364358988 17341.5573796403 6299.37682284067 1009.68376187327 2174.54335599725
968.88065461436 2448.63346594929 850.360293183759 2488.11973033563 2690.35167216381 3033.43659686911 0 301.531866071456 0
193.063679129466 0 66.9350066656629 0 0 0 0 0 0
4809.67182970396 3070.52700564651 4456.8075541192 3965.77103860941 3467.66869756067 5373.34381914638 2481.1935933719 2635.78670688859 3142.7670436174
5161.39693147423 5578.68176188947 5092.22016045375 4347.03038795176 6043.75149466631 6985.78072410442 4396.07323715811 4595.44800153898 3167.07092351353
2817.88376603022 24700.3559588466 8033.66026096273 9796.32295137791 4012.65015445294 2371.33969361171 1109.24355724017 3854.49165239463 5546.47700819431
88672.1515859562 36488.8978260854 6970.17390845918 8554.75368521005 5827.68225580354 9550.45369960598 7458.4702958169 4633.41011851711 12302.8079936993
15022.6944520645 14464.6800232009 11993.9745613198 15003.3268639872 14390.3221234724 16553.7312773379 11635.0834191653 15412.1385605307 10032.3052012931
255.211811495136 254.94920181845 242.449117932468 324.437399415432 282.986742045301 250.91652857644 176.789265828777 249.412518008127 284.783676720306
0 0 2881.06461204564 4708.12887658056 4115.30485470248 3852.95071304957 1854.31663477283 1604.23314200264 4022.53835876529
5363.47975515913 4936.45394787368 6991.73835705369 4490.58847023196 5598.70593114536 5319.13551698586 4283.52870642191 6424.68562757633 63716.3328413759
0 0 648.040616768786 3302.04919875638 1826.06853339559 2665.82204154803 1819.11940894069 2623.97509274947 569.564387863895
7419.75846002848 6241.82233481629 7980.99743427137 9655.89396360853 8785.435366913 9089.69360435362 9730.46021834129 6350.33098301536 5207.23391509669
458.282702295872 985.61478133569 3572.39092800819 1075.55515561694 7961.19474137794 285585.611009479 778.215510895786 5964.07331229163 312.396440718605
489.073053128283 328.813361716821 502.172744314049 653.538703215049 543.615275155304 411.584404798573 518.442314063433 365.369451754797 352.637430260754
352.210707569703 372.19653502166 314.002663125108 413.943261117041 360.206888339502 460.823285579998 322.131703220964 314.549323583602 313.466212002939
0 5950.92127302079 5936.21250599228 8192.05417479267 764.045678769601 10851.6076330766 5595.98992737908 7437.67566977798 5156.34405409872
11742.5494442073 14140.8663665671 9398.41133377736 12224.9122891637 9403.6375965984 14240.0014153355 9898.01173715468 12163.6504126509 7409.1413879444
10300.3461295373 4224.88590493907 5102.85462696352 28374.4396853782 14925.5429089687 9687.02076717103 14221.4643124351 61195.3177211283 5199.78545013314
454.148003430298 263.790127088326 306.496792554098 435.663916101876 422.859889644286 437.050971383289 270.970081079994 301.708127674226 341.416854622774
463.861251300905 481.659989453078 470.886427628212 446.937368423241 344.153991766607 539.654445683336 283.246484168393 411.98013754617 246.206557915317
1975.58065015023 1240.04222267569 4128.16492837451 1349.49499806712 1801.60808943219 20614.1136628017 4426.89072702616 2088.65455114501 2202.96270420713
13375.8159134013 12967.8215559821 12010.3044422398 14082.7147698633 11068.9184350298 12803.8550343009 10222.4830650533 10234.0928079858 11022.5538095839
1871.64394412594 1908.40452068119 2783.55518445763 6681.86562822169 2114.92965464106 15192.2580664785 8927.37690839506 1282.33950284835 8247.03115920053
5183.17053717843 4672.36627914259 4827.41065260221 5019.3374213916 3845.91087245607 4728.90660551202 3360.30199316684 3372.73332421925 4291.83338784255
2231.02557331722 2133.78585626317 1773.32960703629 1999.19627444095 2524.85394337036 2681.07056510552 1903.68570008545 2157.589155572 1377.14569253572
2350.39913464522 1749.60179796801 1665.66998153723 2289.56849556383 1838.73437412176 1820.89077316564 993.10739428619 944.576209000923 1899.83097621371
27617.0261278064 13167.7025718096 25223.5170410288 20170.1380627956 18802.5898860494 26835.3412817534 11956.7169949379 9067.18075298799 20531.967882199
0 2110.52231770167 0 4646.01803992054 2165.50243134425 857.981590368959 1268.31501438316 0 0
2272.3718419831 2110.52106913704 2029.51453658387 2176.68882030527 15936.3757758732 65655.8695695715 755.307780972075 11153.4403108618 2102.91463414074
3203.55985257151 3278.58030334828 3734.80682701484 0 0 4268.04149411701 2633.66584187012 3330.87871721171 2194.4716637625
4660.40821981331 4713.16491801258 3266.31020849982 2415.25542614883 7442.21851848689 2399.86186726194 1135.45098604583 6375.486543225 1759.01919699213
8680.10449272079 5133.16512708958 6118.25323099648 8156.7708095722 8075.67531496861 8413.33900433161 4021.48449031983 5841.51256364726 6169.54492650671
2159.99209908694 1809.19053864357 2279.24055562402 3463.58861356129 3127.32227520409 4082.33643935785 1515.97939075289 1862.58097187375 1186.65338868158
1991.31570126647 1411.26326917023 9725.77525341712 5097.48468609445 225024.241588829 13864.6970607952 1300.7895680949 1087.82062723344 1244.37477156568
38057.6062814318 18698.2164754461 36575.7841399453 53706.5086470689 44469.1510608961 30522.2689378285 40869.9558050125 26738.0366860693 27660.951596148
9564.82236644355 0 43133.1754846363 65749.3228088902 56072.9618230056 68567.9923270717 43701.8341788252 64347.7787800382 39921.5116043523
2160.04972013384 1082.42879105662 3256.54383420327 773473.966420213 1427.26051630653 4987.51327435716 1253.80298090896 10939.692360309 673.940273930158
6788.54242050489 7628.82412675454 5221.33119915045 41293.4772626705 5309.82444741982 11699.654442241 6418.9504703152 2588731.88871211 4693.21294613238
478.240115824524 390.205221272766 310.589754297301 365.30751945061 320.863370661404 448.512515496432 282.033581293626 410.050600747036 224.542197551818
2576.65387262116 2459.06882275441 1692.2939346127 2263.42634299338 2090.29725907139 2878.53902459851 2058.47725738233 2278.50627374425 1255.70494336448
1969.23808250322 1874.47218712655 1385.73583455852 1735.90612026686 1654.50406511612 2166.68756673058 1435.19435237118 1728.90147502635 1029.60959013778
3953.61674432747 3446.29743257256 3077.99252514306 4481.45751057721 4472.65046378631 3828.6126489827 2254.27342488623 4027.13937014158 2945.79411710827
1723.28569959868 1607.16398024602 1227.1952402352 1845.79916683734 1700.18416518874 1819.31277130654 1181.25454969358 1688.28541049297 1098.81724701406
3587.27471722618 3309.94821711426 2662.37403327084 3929.03093412523 3856.45596169255 3814.18015455784 2345.6545011922 3551.89329080276 2493.35917215876
50158.2321278739 54496.3923564007 42172.7433450271 57898.4688182566 50653.7788264188 57709.4776522243 37975.4471817468 55978.5661839888 36673.0916169591
10381.5131036901 21060.9544306525 25065.8426202547 15613.8192899268 13401.6836333362 22128.2346133745 14852.657264753 21188.2651385219 21028.9052293761
0 0 2989.38457990612 11420.4848463948 9332.00212476605 0 4080.79004586488 6487.33526926095 0
1949.4051698258 8934.0227067234 6300.66037885357 0 0 4416.38107749903 359.386363683027 2088.9582040581 6528.33519187201
0 0 175.566043058913 0 1001.65540118022 1234.0921546423 0 863.050671750825 0
12473.1398655062 14074.2317684418 10798.3059026673 15480.2122054682 13121.1972065711 15721.2949031676 14403.918430827 13438.6861203378 7901.44232014653
510.740037504502 482.843973862305 555.233412473934 406.833345274556 322.517657962039 431.230302247328 255.509698126794 404.521953713847 389.926407779009
883.243717952955 738.935643798624 432.832848480082 907.706810763784 949.612250716942 1036.45936167758 669.978565919514 521.614781776586 738.851129667456
367.839702423483 397.773361629796 248.969924401505 421.168031082659 430.870868838776 378.571517541118 367.952655470106 412.577757000362 234.022562348564
7432.81542244818 17831.3659640187 4645.1890233572 19333.1906139818 2785.80802927032 6663.93152838413 2208.52717470235 58544.9646841155 5037.07393634222
252037.049815708 7209.79532760222 5570.61219992634 76403.3187439758 4146.63187986978 6445.83751354663 2877.48750389077 3435.63533279364 3577.07924554009
1692.23272626125 1545.78557058092 1714.00703538901 2393.43830166288 2339.981836045 1619.04954902802 952.530565631695 2026.44158034332 1768.28137069687
3689.31289664695 4587.59036959919 3398.94951260927 4637.60282096396 3309.78930410324 4555.7493966993 2597.59139729795 4042.95404702734 3006.12636450336
1675.10510964078 1869.5498935879 1742.535021297 2065.84221200676 2018.81221344167 2287.4481468601 1860.28261905579 1899.06493914176 1518.02823618792
262.372751757272 255.656243868202 196.085741831624 187.722934856499 369.354563770354 185.810537562886 122.425182971941 323.236367980173 136.573032593765
317.026387600456 306.98426876442 243.888988226585 204.793675955279 243.756772652632 210.430604355105 282.453101236264 228.728240971763 314.734724797099
0 0 932.519433210108 1522.69157785287 0 0 1414.42409537558 1534.37748209425 0
1701.64744022141 1844.55034708147 1529.32190822211 2420.83201738636 1890.11548817507 1557.58097935719 1509.87423213177 1691.18874059202 1656.11301096645
6305.01158055291 11501.0767555109 4286.32493488326 20769.5929650243 14952.2703827426 14974.0171286369 0 10531.2151620487 0
1112.26274324774 1749.65302755131 1340.26479908493 326031.384685991 6792.48281140369 2599.62535180321 1540.6945415105 1818.51236168369 985.555906774451
3617.30505377217 3922.22525684472 4066.78823892874 3843.3894890028 4243.35489306635 6257.14057711212 5731.38778953199 3792.7421267488 2100.90151989678
822.53685490845 8362.07060189359 1546.76384030021 768.122231673257 903.805215790734 56081.6324405048 13964.1699067414 6947.06813066826 1288.47867335701
1202514.92432355 1647.1609193508 15428.0738870544 26550.4789930862 1036.51021265505 1587.23644832206 1797.81180275538 14069.3985383451 450.802855864069
14664.8222469523 18255.7701888254 12926.5178134193 18562.3459553595 13945.1978213339 19696.0801021394 13211.6579213792 17290.6620480846 9459.29771284634
1892.56952036879 1438.82405076556 1192.99436576066 15376.7273091054 1517.05017699532 573923.545815013 1235.94668315582 10851.6815338656 13811.1121028711
87193.7704917083 8430.52755147871 56584.7286729897 20388.216650335 3193.82218644614 3413.06296253539 143290.43597917 34619.8399633737 95148.1752970161
727.473969064191 500.711816784244 624.316561776809 561.535361653279 618.088884017788 821.308649151671 405.258707456232 380.16299675472 484.070340410396
11998.4840679864 10036.6821975 8439.87973866369 9155.79685463002 0 0 2928.98094266564 10716.4932734465 0
607.070442834121 2483.47958173286 589.174617493516 661.189471323008 136882.316190053 84929.6380390997 567.093278862219 28022.3210997462 3388.17030095613
5415.57828246368 3874.4855191969 1397.71761334723 4167.07892829719 5198.32124129041 5596.2699203626 3708.43202575086 1371.90269006651 5196.0449576587
795.781813617184 985.964263400518 809.058948955214 902.232514146004 668.98242635416 1018.70622967294 642.68211018304 769.714125807481 677.623225922067
1112.31515301149 952.040177424973 834.688760484547 1277.24558329181 1076.71554455133 1115.26793788289 894.935118884884 795.251238261623 859.923931321034
1647.89477174469 1442.67736698793 1457.06725549119 1947.10966272607 1809.04930207385 2360.67090127707 1685.25154001905 1623.05213906891 1120.16732416812
65081.6451393206 1023.35080095211 338396.477553878 4698.92563504647 2043.02950748044 862.221242370191 1020.52721722352 1724.07429809497 588.414004550493
34.3758670775065 416.864165682949 300.422012117477 0 0 25.3700049340646 0 325.517927853637 389.170679104969
