0 0 0 0 0 0 0 424.63815562576 0
792.806780123171 782.29549489116 578.931784757927 697.155685873875 969.66438582032 601.238714037033 388.627514208485 805.328915470089 441.660335486485
5979.51345986483 6441.96359774558 4929.57058816478 7205.09039359678 6090.89285802423 7434.97262178184 4367.13688790843 5844.57313406807 4396.5186273535
1466.53499527581 845.947658809247 1528.08348360316 933.295991886685 746.9410594149 1427.00567835036 789.64396140321 452.429362014436 1051.19687405767
29257.2128189532 32340.1572770326 28916.5632533283 40674.025403618 27180.896757367 26211.399053793 23626.6978524148 26335.9929353982 21862.2242457409
2531.27648655324 2601.72075181931 2572.80714176796 2719.24229546 2713.89544764774 3813.75141770948 3344.32680146597 2370.64365195131 1708.32321134025
15025.7379157477 10629.0264225768 17315.9972083772 14197.7411211507 10169.1998109351 12996.6316283882 7071.785812623 10714.3789522765 11667.7512780293
1226.74978211345 994.397930042403 1249.86398102947 1664.22449342298 1395.39746772098 1220.4578879857 1341.87908631157 969.403580341585 934.740503876583
10676.5247843999 9726.67763861201 12117.4745699875 13253.3647713005 11668.5371630621 11904.0353299833 11418.8025516482 8906.28502482266 9553.83886566672
20519.0981118486 25635.2813475862 20813.7017805611 22236.7236103331 15392.0275826027 15258.8721303733 15477.6203474793 21283.0662862112 19388.216355911
11384.3454930541 8795.93312232149 9716.73500766694 7932.27020896839 10602.001989007 13602.6425743365 7349.99842101473 6722.57295941292 6115.43430262856
2775.46832046509 3581.71592878678 892.666810776945 3440.85043439684 1691.06272437095 2135.63102967294 1991.64061364774 608.253157864287 1807.82034318304
5412.38834219539 6978.07266676372 5928.38683166365 7760.98918178026 8152.65652854983 8907.84336738298 0 2262.93879254035 0
2726.21129619659 2720.13037320758 2036.91458270756 1999.05456807654 3793.88968028429 2064.9453230827 1338.91926902485 3259.65444699082 1404.05294058948
548.988169362849 458.10177603337 369.602223255047 507.45785869614 594.67284219744 511.358749106575 359.814583879994 524.682124300188 308.054233368015
16108.347950459 70332.0201943078 3140.68121993561 6195.45935520932 3708.36928609705 6001.09230603876 4699.95671415335 51576.2536048534 9254.59420452055
10699.231192074 8449.16905845583 8616.81635689117 11029.0697584051 10080.6098012944 12173.043912787 7199.43884451356 6078.93307212994 9168.0986729733
15894.4678321205 17586.0339370818 20000.2817314747 18210.9973584694 17382.6957031146 23698.7404413538 14523.0234307981 18679.4782462946 13566.0870272399
17427.7297458107 16035.8673771504 19361.8101719286 11585.2971183565 16117.4476129942 18343.324957442 10469.7931784276 9283.70884364133 13629.1198203721
1121.8701318656 640.288522226747 1248.34148302353 782.814092550003 712.239509644095 1358.56164542836 642.290536956108 329.125016706953 733.84336558414
13753.4457106976 12002.7066224741 10480.1257440726 24481.938279335 18213.5947310115 19683.0816781965 10201.6755847756 11776.2188616988 9153.59022107145
4025.51698155728 1782.41904938098 3076.56563367786 2887.98156887094 3395.0895347805 3033.62903229094 725.72800266915 1477.38167891248 3696.96690866962
1266.07749715145 983.731527157491 1615.95964367398 0 0 0 1046.70589301342 797.370655593646 0
1148.66753819579 1347.48388583921 1134.57053541971 698.315030562685 806.946125200818 569.488106648163 1184.77581319068 1031.26924695815 1483.96031192093
0 0 1839.36502856101 477.260060094544 0 0 1430.67951558264 1760.18672726366 1940.93431442322
6023.60258372994 10002.6506767797 6579.0242561825 9572.76776908326 6057.8842055181 10295.9391144639 5655.58337687476 6936.79559002414 4823.18884207283
4189.68528863878 2708.51460301076 4635.80155043786 0 4824.6854764899 4666.11405633861 3839.61576528566 3601.1971733589 3553.25375443278
227.977421785848 221.750166499064 195.901872454969 210.667509622027 271.080618368377 199.647287744298 152.850262280184 233.194467569674 158.985364084255
1941.28140389433 1357.33672448366 1808.50253115628 2354.08595595477 1943.66446836557 1856.48448151049 1461.60504349709 1561.96268426654 1398.75286145983
4724.15883606411 5235.0269219775 4809.28738474294 6278.47580511387 4380.62528317753 7957.50805900846 6973.06015263594 5348.28366393078 3556.22276340972
8705.95389459624 12575.0331942822 20550.6917302131 15044.3604514374 9298.69419433321 15016.1578491383 12915.7393217945 13812.6757546728 3483.52707709206
543.85609600343 515.779020530935 535.695027904415 722.540881715219 693.142429058863 536.723172739237 361.25445408934 598.147117059999 600.440426356807
15627.2373741938 18929.4569414549 14174.6211807049 16224.9562354058 12719.4923258596 18991.772257149 11942.1101533272 16547.5267349529 11398.8321138407
35278.7183698796 22967.0442643979 21907.7102647308 36511.8137763422 34936.124698887 38009.3721420755 21167.9171005008 18007.6045288889 28544.2271105139
1979.9494490836 1806.88446601426 1711.94622217232 2249.2167881792 1933.91496351857 2424.10160182618 2130.21759063296 1727.11554067102 1372.4393337803
1170.29384257677 1170.54560981298 1053.63114295322 1307.61568435625 1139.91133627363 1531.39463260975 1208.18107596653 1109.00745779296 791.655502123883
299.739516635911 407.24704114063 364.375601214354 407.636961710495 278.398849606268 381.733301483976 290.907280974231 333.467215878422 340.662547767846
4523.48021608071 3079.35506953766 5159.19393734865 7282.54588120564 5702.13338088909 3746.28851105207 1898.41223938027 4915.49863277019 3330.07448652455
23172.580524354 10821.287670508 16010.264951019 20824.9868491584 23262.0177822303 21916.0495790031 9292.9377787828 15868.1359024393 29507.7054815783
2077.1899305756 2947.7162773043 3217.41447358513 1416.85712168036 2918.69482914699 4509.4022017799 3319.94057849443 1862.68404558729 708.410787620661
7007.78673148035 5038.18407270467 6385.35631214642 8493.97735293349 7040.07090639202 6152.13535537311 6085.61177959174 4817.31123364813 5531.8515813035
1969.36782008129 1641.22900984676 2012.39057277101 2759.31537706475 2143.83235151757 2030.91068504116 1983.88757142886 1497.76211790523 1579.3774124203
0 0 3960.06280839304 5269.8389232902 5054.85873976555 6460.05328712467 1892.07704136252 4393.97793268174 0
1409.18942988773 233.402973953143 2697.34295757078 711.175495033453 310.970295040936 296.724126647683 1285.09682787777 942.006419037036 255.012004172982
2920.27104643373 3194.46479020546 2528.47354347805 3881.9019495639 3241.88253444415 3024.72486039514 2955.18323896487 2800.30092830414 2750.54710301164
515.898707820453 671.618193078167 244.789580390653 1344.28407657322 1039.88849910616 1180.86173670244 534.902388500673 640.454135934562 295.773888980447
2857.95044474305 0 0 2204.47309172475 568.258880683641 0 0 0 1373.35571137117
0 9108.73746039081 6212.7863621598 0 5680.31733239391 6922.76484500075 0 4457.42426746923 0
22623.2438137416 16832.5315481351 16927.3355030682 22257.2687083676 20326.6809558011 20769.1213271519 17268.7475989427 12365.6486440336 19411.1443186072
13970.2929921652 14832.3688749356 9872.64791538291 23924.4890824994 18635.2292927438 18116.1199549955 11442.1301294029 13512.5407176615 11434.6609528932
616.313365247359 630.602447574959 360.116450834426 894.495801319827 777.976387586408 864.412714247456 467.937582860723 477.040404753148 511.129234181274
480.80339692659 411.949296163366 375.025790670814 571.881473378299 527.856202957376 493.700734807425 455.186061821792 471.504718918229 379.823757256479
2033.42971418281 2682.24766087583 1854.4187137831 4138.6841211379 2290.05010931118 2328.43625053064 0 0 1417.72281736683
842934.301124939 3279.80362651135 12734.5029872632 16667.9832691639 1026.5904017338 1953.65284734508 1924.62810734134 910.951090187277 4277.37135477993
0 0 0 0 0 0 0 175.510730811842 0
1471.47598444924 303.21582079799 727.955276021231 1309.04235931825 1504.8355124426 1291.49664343688 508.02641767471 858.123567291214 1066.14380148832
12950.1795020846 11443.934734324 10885.994463972 11361.1358279974 9222.67854500625 9054.66727788599 3761.26878024105 8731.39683254501 11171.9703122842
3541.84704277899 4322.06574418709 4153.67527412181 5218.02872218846 4978.73869673585 4729.89460050182 12257.0051243912 7571.67533772726 28536.1573395293
11666.2593051347 5523.25290598488 7976.0592364365 17258.3243328416 15103.9614286024 7035.0208569745 2757.45469191901 3748.00775982506 8421.15677106786
10343.6994212976 13696.4850809727 7522.19614765089 0 6550.62187015848 8093.70920735535 3525.47814769197 0 10228.8015949803
29116.9788806381 0 27778.8591728513 578.739951144522 11995.8017629828 24463.5883769959 15258.463413707 6051.18878684926 19506.467073615
1618.26023427952 1217.49660113624 0 5362.73396962512 7064.54027913076 5081.46957182254 2415.43532595088 0 4771.33499917647
0 13124.161152758 25054.3340716664 25250.5796003795 31764.6578756166 25334.8786243526 0 0 33919.3136075975
5305.56593325496 6310.13762522452 6621.00502284216 5252.62938099109 3426.02547652807 3677.06141258895 2264.69962535745 6273.1819088018 4764.95676652262
75348.5312322134 45402.8527879023 62211.2071211471 79132.2763910976 79993.5888123746 106388.983436334 47984.6356547467 50356.9545350577 52360.5429096028
42647.1807004209 37428.7329101469 52854.2713236366 35450.2587809042 30506.3083055327 50995.1528300091 26808.3791966634 36602.0418531417 40481.4631034782
1782.98803982328 905.178312142077 1406.17844268986 2148.19342963594 1862.41942297771 1686.31029522135 1029.33379292595 1436.07218631869 1300.33743779083
8161.52141013477 5440.36325150424 8368.99180827827 5963.22144518248 4971.33038426609 7004.58153069853 3461.76317337035 5061.76467197188 6341.23678671245
8917.57792719281 7165.29818207689 7981.87723857605 9288.69304143681 9971.08424185739 13628.8513549277 6110.78333708849 6438.4668910927 4651.27694070494
0 0 0 1210.7005411208 0 49.2481217456329 0 788.751098885706 0
5504.46642575799 5830.16635603901 4654.34089535817 3018.32401356113 4878.83435790896 3676.01937516304 4907.8026808567 5210.88863910516 5234.54729115632
7245.46536961379 5588.84428734182 2259.75450475372 7008.74632143742 7702.97128669212 8337.62418707125 5215.80725251534 2761.63357818178 6565.16108792363
6889.39217139731 7360.58054140553 0 8274.81828328428 5667.05381526064 7512.8268810073 4033.09996313904 5822.03934999373 0
1394.50576118834 1413.89671994569 1244.92537029761 1092.81700774414 1317.28836846237 1771.45009377743 1376.78667081308 1320.22936365857 840.272412182076
49167.3084558017 31190.3054664898 46069.4286198039 41429.6279969459 35445.1377401643 48560.2431185617 22439.993825385 25488.6284856706 37051.8364687248
3283.58868034005 4792.95861568946 5136.94293981407 4215.95576081363 3216.80098051227 4609.59694586837 3468.27651196538 5219.50640170986 4759.8811737985
3353.68892239799 0 4972.8778344745 3445.25577851677 4424.40837168549 4966.96171056927 3315.07775923008 1140.45957167601 1510.75122459824
6615.56776813988 7495.04641135119 7443.61853907733 6734.09659972693 8342.50771887306 11612.6237287281 10730.235678781 7199.86810179568 3543.59336642753
14911.1671976039 17744.6783752913 5342.89870384534 18367.5131148296 10302.487207097 12406.5020295951 11428.9606244149 3452.06257423609 9345.99323066409
15578.6537629963 17984.3148508588 5083.78114791838 19055.0246825329 10273.4733423946 12364.7540734037 11425.5551139819 2687.94733118313 10008.9313968002
7351.45120814153 12683.4605151695 5071.82856668952 11142.8109951956 6309.17982933179 9831.89239123684 8632.8763898526 0 5878.49902879358
3439.58781305741 3319.3505330225 4066.82059986072 4233.67030862944 1997.16561471739 2684.62736327946 3203.05494362403 3019.7446983715 11829.9570987766
8657.47748701013 10121.6854055894 215647.619166659 10892.4759924266 5355.8134897667 7871.67771683106 6049.18525403047 1436.29993973062 6756.17934332142
45715.0002819913 45290.2099376916 34875.9720321259 48747.2375762614 42382.3490265935 52496.9080318867 34689.4942192163 47230.1460380393 30518.0992026249
0 5507.60981469084 3413.80590188519 2404.28105125907 2616.3421574816 2244.39120530843 0 0 3331.95525952829
2597.19841664869 2815.17250849453 3009.52201553624 3299.13072214857 2915.62893835352 4627.16340593873 4785.23888111399 2808.91087612876 1619.67652263333
4696.99189368943 5017.16823594809 4253.72012417966 4660.53099745293 4602.38833811206 6112.19408615446 3966.17886675522 3544.50360317682 4803.13137800039
30313.1570304019 39946.3688715564 38820.4214393054 42113.0855344447 34322.4214386591 49589.4860771821 24818.8188402039 37735.1248192734 26125.4819934915
25961.6384722473 26321.8253222548 21112.6763651146 22519.2732556641 27946.5572757171 25974.7043700529 16611.4347702513 27991.7651542718 15724.3531202238
6308.89723589744 4716.98368430405 3728.24771755152 6097.8518044056 5633.35632448463 6531.52973577783 4141.17304719233 5380.03004030145 3980.07587721021
10520.131084982 13237.8518302316 12152.6790944448 15430.0985373241 12781.1435168958 16638.8138642376 9516.95635096469 11368.45776564 9567.00603000473
3349.7937790576 3155.52758938257 2958.1342757137 3245.84417983339 2562.92132564427 1938.20797738609 3020.86340318274 2341.51719893314 3110.46213148196
35776.6717353666 36364.4405080543 33630.8967485304 46297.3058266801 35617.2380912941 43964.8468205187 36936.164462582 38157.4738447281 21815.0026370544
23826.6999934274 0 19790.9336532474 0 23218.8335811587 19618.0609865278 0 0 15313.6363111202
56566.9913132712 118959.207433734 47075.2217658585 92568.1376635847 49876.0492129761 64956.7016769925 47876.5875651057 61819.618557375 46048.3644884805
22841.9805692893 19769.6369364681 21816.2853182739 27021.5536621823 19634.3218625911 26721.7334509517 17096.7784920888 21245.2221818945 14470.7406330042
13978.9075047084 15702.8203642879 7676.92635306765 11235.012583496 12007.4370824056 11282.0173985157 17987.9716045927 9990.37316146793 10376.1593758564
24864.615034298 26656.5600306211 30408.7992736477 22659.6192971846 21931.9977384866 20860.2366116011 124414.844770911 25948.9193520267 105840.630797777
22309.2608667119 82519.9548799523 19089.7988545257 36391.5270261758 59414.4117168573 18911.2015194886 10467.2675965064 8500.96546652191 14647.0622314023
2467.13127870016 2523.93247895058 1697.85380989161 2210.44528196124 2052.33737425239 2896.40237574227 2235.5069349768 2337.49054278798 1541.0040258176
9346.95488587199 12655.6443960489 7012.94020479787 10304.1163471584 10576.2440301086 39681.263869503 36319.7192255023 13615.9191841952 9113.03275105244
10223.8287489695 3315.7024743311 5315.44039576638 8624.42150331741 8983.78199901265 10845.4647154275 6246.57993180001 0 0
5121.9678018004 5190.56190811533 5360.17537248071 5384.82269850838 3509.72896051237 3411.22171649001 2408.1908685401 4538.87424990283 4487.68596323299
23368.160157383 29697.6235812051 0 27691.1801369208 27846.194602323 18369.3908836814 0 25370.9451023087 17007.024032705
12347.0266253053 11213.6903391965 10580.8708703107 15136.0875556264 13597.958306227 14065.6604707526 6772.13749567439 13021.0284597197 8973.64880969673
4815.29726604585 3861.44025900309 4161.95942601954 4927.00530519233 5387.4469355991 4846.84824605547 2717.14258746211 4069.72114796066 3822.96126105754
693.808490677164 686.187496295173 660.578337416065 1140.14879493468 610.445273097559 1307.96972537635 1617.41164878895 980.567572631203 516.310237181756
11614.5055379414 13370.7259205326 13166.5341396707 10944.5487250746 15122.4206689023 20141.9640887032 18058.3408972129 12834.0185525237 5630.42792810062
6234.52138593533 7268.76530453047 7172.60469087804 6639.14405928419 7775.73152386063 11029.1308567879 9597.02392929608 6878.89019270526 3512.92134176295
9469.87412504144 4828.34963149994 8149.37123988344 6726.09815274948 7296.20379471595 8139.72355026151 3275.42808141659 3544.70785874577 7793.64466693173
10599.1988993901 0 8920.36045205699 7554.53790026819 7254.55139271112 7014.07403881109 4234.787885057 6032.13494509712 2458.01805733794
11296.2999105162 4750.87964553185 6300.10540310545 6087.05237533087 5687.97471503526 7849.4929131667 3436.75766564024 9169.23716216176 4559.20747224067
3643.81300249976 1071.33091529188 1535.29442262845 1449.1882173757 1340.07658306882 1814.8629804116 584.844522893483 2752.30190872554 1139.27820351632
4344.38625368863 8702.18665817781 0 8237.18474867012 7191.19998339412 7953.14798515211 5003.2052625422 8299.50463821706 3886.66604072142
9112.75027128683 3154.77172257575 1328.60695582913 5937.18666451994 5619.36174073581 4140.01972775318 3706.92449440204 2530.9974824096 2153.88845789362
466.532026603551 256.212901684311 295.485517845503 471.796606154897 434.066932191494 576.303568471574 290.291428408884 285.984277523421 279.053609943252
164.189000647341 0 0 0 394.752883525586 0 0 0 0
0 421.015346783097 0 0 0 0 0 0 0
599.795313359081 516.710451445068 526.688608603465 610.499278972752 617.647819426773 777.108760260185 434.521996678399 395.592254012487 372.59639074067
1921.82504287191 2106.94689387232 1392.70175625219 3604.0862785951 2875.17162623344 3076.74263073239 1694.28324925083 1979.48795871517 1316.11215816652
8393.08996682759 2507.9410485009 3607.70811871446 5198.06575633067 4982.65414804005 5252.38985510614 3829.23788874547 4648.93876373446 2422.34547988724
406.883838846688 450.273679578331 435.022738650516 531.000160542997 488.004368468986 471.40822770529 333.175403043083 486.25896981639 465.590647661684
5022.21629225765 6264.81851276316 4882.33613016644 4388.1611338897 3968.30383717959 3711.59391099263 4242.53424801209 5097.51569026939 5661.24120686897
13009.9679684597 7738.24161732075 11019.4459740335 16617.281878692 18098.0142785606 10364.1567417419 4709.0384870853 10925.5152112906 112707.314585995
9276.02107444273 8346.36935697707 6724.45807695387 12368.7772172601 50631.2651253106 11329.6192824725 13606.4257059185 25108.042715721 608444.238142964
8656.61185977858 9153.50006914996 6861.9412429437 10896.6401133488 10637.5090342276 8478.13242292757 7584.42090024927 8624.8465654677 7127.7770209591
5556.50648496089 3420.26305512659 4189.56409441935 6949.9660720861 5589.34146936811 4936.74654135035 312741.693053005 3199.94077812009 10929.978605104
44810.3172956146 22862.2747282533 12528.6849087815 31060.0874163618 33223.5070965403 34584.3318199282 204976.220770954 28912.2593882971 28158.7244622163
81.7726403056173 96.3230231598962 86.4634858940983 85.5446835575968 91.2124612671201 100.96395101789 77.5504482601942 87.6844308642834 73.0373072100998
7834.64021198106 11038.7916114667 6490.34614046646 8779.87594757577 4352.92984145467 5269.60434200079 4401.01327349523 6428.3177557212 6103.80512397817
12009.8135859974 0 9157.88772646083 0 10429.7658274073 10729.3862363817 7071.64061606367 0 7768.2669612095
10764.2568851203 0 7441.12632526418 12618.4790280514 3426.58704636756 8539.63910420823 0 0 7894.82192548794
15720.408742788 17756.2008850703 11352.3384183808 19152.8106722462 14259.4980267429 12433.8104523448 6934.43694611472 12669.18724016 12897.0759045115
9377.238320548 6172.71904446629 7406.59725431278 7397.00751885259 6828.68149510359 6686.38745186223 2324.87042701179 4087.17121055447 8143.07120714054
103685.033158042 3786.99459020758 58940.3662404198 42793.9055033784 3277.21187915226 2174.1804533925 6061.19829915444 1759.77377186985 6617.96263801068
1627.51084858416 51250.440113677 24231.727982541 2712.47919035765 10926.9512395743 2474.3505422129 12260.9148801709 1676.19755566817 1645.75704067583
0 1129.32476323601 0 1039.95945990491 0 707.834739037184 553.538968005746 0 0
31604.904015274 17323.5534697453 34385.8764209244 47595.8722694018 37981.4806053507 24348.1948722514 38149.6775818052 22246.3198119555 23624.5987237449
1515.95130048472 1483.141021981 2145.32832859087 34836.2022362466 4227.40052881377 2251.29611142436 2232.17296705576 31177.416872142 968.159859898974
1137.40970287135 1301.22351697142 632.819383712343 2004.29913822157 1603.85408672631 1687.04956383402 964.703970795744 990.112270486707 828.958259743317
672.579182792911 602.686096569139 713.137151992136 1045.82384333464 923.645358307467 685.412861260702 429.098248553247 733.819578099228 663.237639840676
3381.18836570943 2274.95214016827 2747.84640904884 2983.94679509256 2469.12865149545 3219.09980984224 1662.67491756138 2915.92922808461 2459.99141874503
18654.6234775298 33877.5300783481 345.673136613421 449.116285093932 338.786188778618 281.33249422173 320.138995540231 346.621456182275 192.305687984364
1062.53455997601 759.73583360191 1213.01371980671 1423.66375873909 1128.8708363437 16809.4603219151 895.120130314031 22513.4143304723 2284.47707516168
2963.51594241345 784.208515515616 1299.55073564804 2761.2529234503 2757.0269550503 3403.42199646321 1389.65156450596 1603.01657532128 1610.70202055121
0 6982.54214195819 0 11370.2431338469 3911.10434816555 7863.75808701181 540.559504082798 6254.19994179568 3529.72391635379
22222.6486297241 24210.6381924007 28906.4860921432 27666.6825928456 23927.4645420726 31168.9536510364 17480.3907250976 24562.4344981406 23777.5935454395
6446.9205278799 4838.56364790016 3850.83070999297 7640.22368408562 7178.7312797306 6428.04311606915 3982.18837304055 6221.26058489732 4568.81982567108
0 0 6914.76117538297 11061.5716493996 8982.72967803498 0 5076.77015906664 3613.12695318615 2073.75039278079
9507.89449130701 11123.2915256521 14463.6140831691 11167.3746102885 10186.7493925966 18237.4203952634 7119.10448187509 11163.2598032854 6772.2401149487
38414.3750195172 18239.8609590105 36981.8169632677 0 20624.9754924734 19438.8930826627 0 7442.23719144231 28795.1797111942
11283.4493675922 5012.37130378673 11034.0482888448 6561.70256370706 6349.83209828469 10252.1581657446 4495.04170799724 2657.70081255418 8580.46908429887
8568.80652507932 9297.88599787006 3560.33279814912 9610.12987248327 13589.76369794 31667.8803651652 25273.6794528552 9742.0442616102 4683.43518147693
616818.735201053 6723.21053244277 4205.90318572984 8668.28936253646 8874.77113095847 6868.1145516874 4081.9588508232 5753.01810795717 5402.76548610313
3327.43213907206 1563.93181270424 3879.1592184302 6215.64032359024 4286.50842004787 2816.45021218238 1170.35341884464 3701.04626445587 2631.65640007709
35082.6192168688 18953.4759172506 37970.3919654897 20604.7882918725 15215.3285631157 35019.097569557 19758.4705583978 8310.46969979063 23460.1891815278
3056.34997860876 3423.78882737364 1875.74612492957 0 5422.90239412054 0 3387.96345180235 3408.47907798309 0
4646.79561610961 0 0 0 7898.22247608723 16445.3564757562 6108.57576963281 8046.78262489783 0
2596.84690259823 2829.54172162006 1519.82034807127 3018.79352995869 2807.17647454466 3157.15816504256 3353.15683051602 2952.61880282322 1426.94341663747
2948.31910051893 2321.68416428938 2319.92050888197 2978.31650587312 2788.21531836941 3065.89316381446 1992.17469036467 2777.10775553061 2756.65802213265
577.79439241551 702.527144870992 602.766146945965 600.660468327001 455.263018366083 781.033154544213 501.900997208728 583.534032809035 614.607524315814
0 4099.02981534367 8193.44973368869 12426.452121609 0 5751.98941306993 3229.21049848888 6815.4897634596 0
142092.211898771 27005.6700447436 20682.3043851768 7931.31110301353 8504.84890020436 10110.6279337738 13065.3462776988 9846.36698305347 8658.05666868324
372.667896793118 350.132263289948 219.421786355606 410.065985526658 392.010589898597 425.619448273711 314.114833715948 214.285495194127 351.032940504279
1590.94555759142 0 986.856877951411 2061.41906927762 0 1950.69069104771 0 639.544911052449 0
3565.01856989354 2539.02874167779 3266.1787432337 5317.67203462156 3684.93974512464 2873.88197688452 1589.30238595541 2825.2983842058 2788.76935880793
4248.57338150329 45070.6078826166 43232.135379221 8697.22925592392 3815.48789639397 5212.92371997086 5098.16862565029 15944.4785380306 11188.4379518639
1575.17357220374 449.41343651813 478.842501041327 5644.77708517662 7078.10644341384 136212.069264578 31598.3876531264 2638.21043603256 240.356666380927
1389.8874599506 1368.89395909372 1098.53739651822 1485.91764645035 1272.77264766086 1540.77548713772 1043.29301947882 918.127043959298 1195.21258343758
12339.6219654391 12836.4161422136 9383.70577679552 13019.168227756 11488.3550864317 13839.2655383313 9583.84781151736 12329.7526745765 7992.26135418211
7450.27223272995 1991.6465787759 1509.66941956381 3247.06791342622 2046.46967442702 6351.70064785005 1707.97090286799 999.269611084044 1368.28630505169
3162.58852163561 1787.98863826893 2976.27992997681 2276.77515942219 2194.30993161844 2820.26173247075 1048.64607669361 1286.86242231899 2706.62700252327
9805.60807804931 11533.820037313 6861.15926279772 12268.6299206679 10254.7760586512 12333.7447092695 8193.11898128173 8518.55526257815 8516.26497304983
3603.18309960674 1933.00510468764 2162.67853875735 0 2802.34274297654 0 1830.532434633 0 0
3290.71059694195 80449.6779437823 1411.27698458105 1845.19923689882 934.51598944414 1460.8489053745 16727.001940826 18387.6676270913 862.44138756588
13329.8501151013 10264.5345466844 9391.31295222132 9665.49231731652 9711.55116548801 11720.7272339662 9122.89239049577 12077.9881754167 10742.229370089
8191.08810658324 7821.10611209266 6893.13184959048 6955.5354741183 9866.14658777667 8503.40311748996 7126.53550111757 8325.31388666199 5010.66057347001
22771.8886545501 12645.8527714666 25567.732547385 13080.2662097632 11635.1911130254 20690.0029707859 25946.2678292686 5153.93174745468 17857.3173139068
0 0 285.612706402708 678.174663535977 0 542.200188417769 0 0 0
14356.4998493077 11336.6355615231 8571.35384134744 24715.9609157296 13163.9422166446 517191.100685352 110768.952953537 105685.091087373 10016.2571482094
5864.4955502478 2835.07679641291 5915.06407515955 8294.87608162812 6791.82937329625 4564.92733046584 4690.31880275022 0 0
22141.0176710095 16887.7375340425 10605.8162913972 17624.4401037043 19554.7948621752 22813.4565845322 16045.6403506257 8104.09492944019 20207.2971449409
9804.97300443633 0 3066.24054081202 10037.753712196 0 0 0 5739.04952589724 985.585802549956
6323.00286620402 5415.70866894649 2232.95334327889 7520.66092323575 7619.69446365128 8160.11860913977 5046.65307746988 3376.10425325309 5404.1199015685
1206.95330733208 853.542191291372 727.550345264289 831.905938635438 954.92911112388 1245.28456205842 716.505702694613 840.973349940009 531.4418299307
0 1617.00477863935 0 0 362.86345254474 1514.38998273815 0 998.518689998124 0
0 0 0 423.047563336552 380.329529043002 0 765.245072486722 0 0
6591.05173725965 5670.43965664337 4847.83614288664 5959.98018208932 6312.12142252141 8043.58994999901 5205.75992308826 5588.97537596777 3180.19499776746
2924.71723262091 1310.79637851508 2095.64868597023 1756.55817525168 2597.48315724593 2323.76962595558 694.563965905624 1221.43529213818 2408.30537764258
28630.7705528747 34235.9488333028 27418.1281533717 32777.6143957732 27924.309531862 41818.2375805689 31627.2628570797 31511.9202553915 17859.0573422412
537.927165558793 462.159758320548 637.433306572745 797.282731888364 611.625210017005 442.391630991386 703.079429195677 381.346289731128 440.648535064993
1556.75818735653 1338.82550813283 1636.29919074766 2132.22002933138 1714.73262947485 1479.15902231872 1702.35109662789 1320.21016259273 1160.00375970345
5193.35710315634 1587.68736648518 2388.75628026949 1817.57806198438 2183.43220229312 1616.85714887399 14052.5496863363 18549.2092952579 2194.408413818
733.491915201553 696.158878778899 451.625394513444 1124.0641966002 1033.37390436367 1018.89804897897 605.119763366583 707.914648514177 491.184500791023
13468.4778026147 21278.4247081771 16203.6346946028 0 0 28151.1483725641 18990.1682494002 11648.1400964874 0
2703.23315991276 3153.46281874676 3588.08330302269 3796.6832994691 3403.91582493747 5209.75278183088 2490.75128603362 2765.80360562599 1951.35251109949
1698.89806040322 2585.63116109614 5601.67663103749 9318.98142101047 22965.7517209614 25418.4466679194 13705.1615231086 1676.37030941385 541.098157551841
19508.9502542658 8178.13293076189 136016.006783597 12656.7583231846 10272.1776731482 21679.4747124153 26482.7616512614 6439.62258927535 9688.83757728808
1652.66409168966 1902.01545181402 1055.30914529721 2238.79815440488 1210.15931875597 1758.69382808683 1838.66736014127 1101.48677140403 1119.25825921052
16534.5806431285 13330.3776500411 9382.97690753806 10662.8504559168 17882.0603827563 47737.4466715736 9622.22265100578 9212.32546381561 6278.99060429117
4439.28637146952 13057.0573967247 0 21208.0130191272 21984.4575099784 22916.7313775194 7739.33951030325 12909.430650382 2658.36675539696
24756.6511040732 29791.3926540354 22128.645820916 12597.3510359022 16736.8447178732 10425.9423485861 28655.4371062765 20951.8334181081 33379.8276813224
6024.24854480883 6801.23157640074 4969.22603758188 4652.61479662963 6945.65773651097 46283.6677521938 6303.11668987595 5568.70856593689 73212.063672097
17915.1827189852 226737.324094783 4833.2535471151 82390.2120293206 1743.35360050439 1873.85421942006 1652.90533971624 4474.77963167626 3050.42549785769
2533.97904361135 2804.22440896623 1093.37402915992 5352.95102789366 4278.88985913428 4993.21452286637 2373.11717380379 2295.89140171515 1564.43095384302
611.8502579793 708.563474023151 576.535306065356 705.992743232412 489.622385424539 837.320886522027 512.95971225971 574.773223510897 415.550139473788
4349.69330263807 5199.63569490495 4020.48513957107 4433.87106198473 3289.59482310873 5601.78938808184 2839.72720124985 4052.65131085317 2812.31328287216
2680952.59569918 5878.39918579582 5483.51377452637 7405.96807700513 4725.58477157841 29022.5619910793 10371.026950295 3565.74392705979 35318.7875137112
14938.929971307 14376.4344059236 6951.13758778368 0 0 0 12414.0369184145 11353.8769876551 8611.17751247939
0 0 1985.42876580776 3309.14666562141 552.664050675679 2344.0389698552 0 1513.52038795175 0
0 12570.5339541511 11092.7387706198 35498.7706002394 29020.4427336538 31219.4116845484 5755.69772523866 11528.8952053038 7759.68785574675
2823.78505616324 3310.89100179531 1916.06280811311 5377.18910355799 4379.10612717169 4712.66465788259 3023.9682030758 3086.86990777661 2004.77393380539
12583.4212014006 10790.2443925064 8987.16807800059 13914.0809677397 9962.18520300741 9664.28003107247 5573.17047536575 6373.23015396242 9971.53693984981
224.508626320876 0 0 0 70.9632438395445 0 0 0 0
1648.42819591514 6055.91496981197 5004.22041194018 3161.49235129703 3457.84262537899 4220.99054598047 915.632362402116 1899.33032336896 1466.19045908212
2773.75141705822 2421.11544032813 22574.4418046162 3180.80025848383 9242.76899886164 6413.40426176698 58838.9115471414 4997.01801508542 2474.98470094478
0 1399.8664359259 1893.35027285104 1764.20991054341 237.903968916086 1386.99073572004 0 0 0
1093.10203600494 0 0 799.740619612069 0 1183.40981231668 817.331881574624 307.076765947364 0
27511.2138667932 568645.888477489 5857.44922970953 2775.21036638798 1787.93931562333 2492.15267264331 2214.17446616486 2045.59585842708 2859299.33989842
0 0 0 0 0 0 0 0 77.8526569947443
3126.45342105193 2333.29854725486 2805.59570618327 4010.32314164295 3295.32736185837 3210.14750074694 2787.27335892877 2745.91063141055 2254.45817135539
677.789272256634 668.261188542178 736.017057167197 569.858553678728 409.053383267402 601.802675436564 343.750270106739 573.865475562265 551.639084742524
262.590277733401 0 218.594392422969 0 237.725666013518 0 0 0 0
4719.92432150489 4769.80248917551 27886.3301258642 3541.17194756274 6559.52615785423 4132.7611246218 2801.65203840816 26233.7860784443 1885.05944215167
0 13894.8596741612 0 25175.1045804223 1315.42903860672 13876.9853794786 13680.8286709784 18539.623665734 11010.4300226086
51235.3545963019 1199.8607290589 9561.44971371395 2129.04429696992 8638.03150234061 6776.36401937652 18995.8785111816 2094.14384104611 2589.51674805655
99.6806904077182 131.705046357753 131.507450454857 171.523382747412 124.401921542014 121.901785748244 100.353512906964 116.663013884184 108.873180932691
11255.1319286312 9890.10927067587 10495.8756124773 12279.9613621518 12102.4950779536 11421.7363017318 6797.64313268548 11864.8553145028 13028.1127143949
6055.31068858241 7292.1479590915 6597.6151302525 7294.07610326497 6372.65089484102 10535.5229650942 7787.51128824619 6648.53597897498 3926.39413159352
15914.6960537169 14174.6621331625 3987.58244521044 2133.81523223006 0 18378.7192231618 10763.1515191918 10233.2168169948 0
3392.69687447266 85257.4276370784 777.596059014941 1809.67939173816 2644.78928522559 94795.1741082248 1966.40836605439 1278.30502367526 1043.34137922539
401.711240964248 382.465115905051 315.898413878269 286.284133611577 424.559493581801 392.903251455631 275.362208030292 368.187483828093 191.437019616075
17974.8721608295 16281.5732132116 11969.9640802016 14185.4777640973 17425.4490408145 10880.4841365727 14605.9785336071 12418.1292953511 0
6439.15024411185 5274.2313267961 2758.91440729518 7345.24814161718 7487.04390032272 8218.41777336399 4864.17347973981 3325.09998337295 5302.467973267
1341.24801716745 1341.93212391527 1318.34843631775 1526.60709199403 1266.00174550093 1658.02022443383 1100.93779444574 1279.70283583122 904.359714688174
1499.29623409897 1529.65984608387 1212.38614849926 1840.10541962969 1189.97683052733 1163.24268657285 1096.72518824734 1038.62610331043 1095.86984538866
0 28080.0867332946 0 7528.00175942361 34773.5095054685 0 0 19904.1264864844 9483.6335519127
1736.77342155876 1149.54560903403 13011.4498677242 10080.7745671489 308.276404312451 423.085911891519 1027.19630678054 915.199923931113 319.080660579866
19506.082167954 27218.0480784813 33175.4284098643 23204.6462283593 22906.1702546196 39390.0585098742 19099.5831580357 25884.6105734245 19393.9955152159
35869.9059173279 22112.0842449445 29850.9098650684 41096.8469311498 34453.6770419661 58411.6280490774 21677.0589375697 24508.08669062 20801.966424332
13975.2547036939 16647.6702278546 20060.1158906824 15472.8572906148 11653.9154911249 20224.1675980281 10172.263389817 19380.0670521318 14455.2170319609
14174.8104707181 17168.9304373688 17875.9974128206 8557.8827208462 8901.71774077782 12048.4272434659 12540.1899929633 20785.3207688979 19705.1283851575
5114.90485834767 0 6242.2740386116 0 5432.45554727616 8821.59328713261 4167.6559903202 5455.89666717003 3431.29299007744
2781.98621367275 3449.50039089661 1859.60769777653 4897.26104376034 4138.35563051089 4531.06894793611 3278.36866263126 3159.7901871085 1951.83693102069
22527.5076141662 0 23249.5955956702 17330.0152615314 2300.71100351655 24441.1124389891 19155.2026167902 0 24369.0881285109
13171.155176641 5805.07810645624 12514.9878783516 13811.0719853708 0 10482.7855359976 13790.9753319816 8292.61601996471 8108.16634088218
3006.89541620183 1380.25469452516 2938.89122148096 1771.31100885746 1695.48481884357 2674.93163448017 1139.91764095501 790.764162824201 2324.28252412168
140481.311007453 8422.78650757295 14946.9663252475 11178.8813503905 8044.53626880094 18147.1246931892 11384.142953827 6809.93708176828 6464.41114192784
164.600707505335 148.319678330979 161.037352619046 207.28473496482 191.036239897956 192.263576851726 98.7876107405035 151.387156297445 143.26006179994
802.993040356965 768.22372585308 1358.00870805672 3754.71878077681 9778.78857729781 59868.8472437048 13409.5155686881 76061.3465683006 802.907134235852
1254.14218915605 2215.46459823807 23622.5305020889 18134.6512512711 2826.01529694387 161197.47822374 730.417796947016 2500.48554984128 169092.398244631
4701.61656930104 5915.77851802777 0 7548.93794562015 6050.08182967363 0 4827.94273419768 0 0
10172.6798104557 8993.67044456528 10168.2545323568 8081.80570146276 11717.6816263337 13349.2086232165 10404.5194762148 9092.61724516477 5873.96434855777
20586.8520449785 18023.7319133482 16628.0750669113 18799.2414376757 14462.7305665457 16870.3415925256 9530.09504632601 10113.4432215235 16135.0130345941
710.191475004698 611.363187866006 632.809672889419 818.278363802127 800.847067583776 716.739065165936 425.613274337979 654.2882670521 632.824698516243
2515.25043626342 2592.27694967986 2396.55118520812 2516.34663701038 1808.3908168422 1573.38180786928 1577.21226708085 2059.48079190342 2322.14151410131
759.989098422203 492.385745307623 911.770478597032 1208.15661408219 919.710773663069 568.021332468978 996.808299515566 560.303861668882 587.292523443842
23721.7990253425 23827.4691099456 26004.201491258 36774.8646464529 28594.9883208331 17944.3747498263 29288.05063321 16665.4717899147 71319.3708288843
49291.2645976124 4017.91391644671 6967.31098765743 41645.8387693828 3360.09746176347 3336.23328674545 7844.49152907083 25800.5859230032 3111.83559517147
2671.41802312292 3139.12536171932 3019.22926929845 2731.71957335844 2001.43711617053 2263.29407624823 1398.79035665496 3246.15547720639 2240.00039957778
2953.39772626499 3447.8950231626 1813.9141641565 5271.44902327709 4459.90114457573 4923.13350715101 2806.55375042406 2981.27276564003 2129.91037318555
661.97812477092 476.443447464038 665.409925569782 528.05813187989 556.522639519578 483.547186331937 200.946913497896 487.106165015557 672.785514679924
3798.81420561318 3988.08045050285 2581.5412134727 4543.45141483894 4100.7248900114 4152.35146527497 3980.23556380879 4027.07541537478 2529.59252822374
8433.43516698638 8824.50743943395 4131.54268305791 10206.7704663127 8720.8598076729 9758.11921167096 9200.15540898825 9378.5657378642 4742.49080220039
44314.7115377248 19088.6891456738 40108.8880870126 27077.3772986957 29137.781660881 38989.3607625278 15081.7721236338 11785.6139007017 35751.0269031623
12224.3028997628 7175.52277344161 12006.5956240545 9557.29378049768 9577.81323915674 10625.7585487887 4546.81523063789 6506.84826057444 10812.9641711603
333.038069487904 344.866747706759 355.868681391431 366.07461644453 431.102983765374 421.131795396256 277.755729324017 312.51440764058 230.599803190841
0 1746.57070662293 681.833229514176 6662.85953571868 6499.21729009058 9460.1955822895 0 0 3101.69818102099
14638.4795792469 0 12243.0301276339 12886.5176774688 0 15300.09763898 9362.18020410121 23061.6420074418 7482.56638499468
3202.32665719402 3232.27110833826 2221.97853658943 1862.47483408875 4947.17904037186 1742.37082330281 957.87901052778 4254.72814640653 1313.7904807755
84873.1242652526 46630.3164332666 29140.4506765403 26146.146330532 101438.934710361 38778.4934816048 34974.6270917383 43423.6190265478 14399.8953563187
45314.9747164876 51842.1562050512 47293.8516596057 35280.6584726194 68478.0649054557 58823.0655522151 46872.4589777906 53709.829080491 19753.567654529
30907.8977914114 32862.242498921 25669.0084001888 17828.2861965079 48189.5166056112 24784.9862638146 15919.6828084604 40302.7218738311 11687.1866426531
10799.3298954313 10801.7852018387 8446.00805372329 16332.5995383978 11183.9483151925 9940.29519727825 6968.92326865626 8696.15606442007 8611.71662375429
3400.22877195929 1384.91085781753 2625.52611291823 2355.77322122075 2946.56921619753 2822.02051245658 819.939857374257 1258.04115804053 3048.49346534314
1657.54278018837 1483.82444908052 1836.37556593081 1999.68136173923 1889.20440649485 3003.01744218935 1246.11338070693 1415.97424798963 1107.43958938982
350.359661845473 0 157.159434940782 0 174.498258323456 0 0 0 0
5527.34297603893 4119.78452621554 4665.90152154583 6822.25977565119 6392.43745675843 6464.66643205959 4766.27723481605 4290.21654605474 4824.90438071839
6778.6627524654 10500.4494243455 10499.3236632258 12105.1394064321 9929.99944156887 15003.0077513286 7480.18503980132 9042.82675439989 7908.57478094748
5990.34700371307 5061.01173036337 2944.16459154813 5559.0778821339 62134.5212054435 6313.11468173183 78154.0590444954 25072.0351235747 4397.90001721628
23294.0826578934 8994.98552036767 13917.169507323 25815.7199034256 25509.6663881501 21833.7250590301 13778.8648743396 15620.4033925275 16854.9621745141
2968.18206176054 1822.26226425172 1951.00857909953 3233.08338132408 3141.03387114042 2908.22029252788 2407.17279888615 1812.14251728994 2309.00830702665
2312.98812729155 6185.36134511744 12090.5954309562 2961.4299022355 2559.15187504807 3333.64617823484 2569.75771054144 2845.25333423693 1368.01814389339
0 0 0 0 336.38819671196 232.800277364327 0 19.8820982935858 0
13754.6696345316 5986.1750296606 9214.25592494671 11557.8362685521 10909.8524419982 13286.4626634086 5497.27547676394 6734.56693291718 9363.03848261357
28206.5536136816 41509.6612724829 43500.8961827031 47038.4760818264 42903.8835572714 59390.5445944832 27277.5703656706 43401.5123332934 29569.7087650045
2142.18058548014 452.705677628535 472.659939966705 1765.68492269748 1488.47967255309 2172.45494975939 881.080790142524 854.395844404862 1057.28097562973
485.370840723443 318.546007369094 223.439356529722 471.042508810187 438.620018789274 528.080525770667 328.776773440112 348.128151518801 297.518974041541
23176.784741797 18055.2786741197 19323.9041430067 29330.677986659 22205.4115267467 0 24282.3162762294 18656.1764474446 0
1854.02018345473 1291.98193004796 65137.3300871923 23283.6622393673 746.604951306075 637.623148980519 350.430182818505 5894.19514188332 1789.58787500628
1583.39099783539 9746.65601037339 34655.3139703495 20025.1787010896 3042.03937848099 3258.02142885661 1210.6720463604 11925.6320061684 4783.58980882798
1022.14109703184 4462.8128958694 15002.4834772419 5524.08230541912 1151.97440078262 3447.85687189948 939.526679860313 1271.61578386068 662.314168020692
52726.9650029991 49756.1274313703 42357.4545063968 44454.652665546 36482.0737576039 56438.5048641311 28965.3316457131 40983.2033091417 30641.7009066456
6535.90962630713 1249.8587764945 1117.28592115393 5077.34850811703 3833.78690858051 6741.89312435626 2563.84432767238 2229.37010521573 2825.66279483394
26649.0387970993 23532.6793440498 30168.2647006071 22829.8741416729 20847.2962208589 33362.8740992586 24644.0521864122 17645.0077334583 19077.9093952571
33533.1759418559 36608.3975632942 29540.4923053508 36971.0723014573 31245.3029081999 40963.3245281559 27306.5187648299 35274.222302669 24648.8805894153
3596.92766600688 3727.49837187883 3169.27157096879 2767.40612135925 3598.60016630274 4171.35443248998 2630.518502799 3572.2541882013 1941.57260723148
0 276.428416795241 0 0 0 0 0 0 0
3594.99023931406 6830.04881715277 0 7183.17924529285 0 2951.9491716668 10810.7840250768 0 2879.86617834274
0 474.512410055454 0 633.955437261923 0 0 514.119779628169 0 470.262792133298
269.211554347803 385.41225195347 528.508040490856 507.049055371152 457.324686226636 779.903010841747 270.272676128945 284.22450872147 145.454723848582
2757.88875732119 4951.2246087777 2700.21987178965 2746.68951548135 2902.30778722822 16889.318378387 132729.650912785 2020.72903543108 8456.53346589568
2940.03815908496 3531.69059683517 4124.84508863754 3956.32156853331 4114.64401117478 5914.59651081473 2951.85162602621 3053.50940425064 1941.57921919625
502.967466906529 817.316551222677 1125.94105049803 914.915274259346 888.45065574209 1579.85527466721 571.031026217123 608.120280286983 405.244634006611
352.773944180968 321.300802657573 326.751624555705 419.741011268579 385.915014121251 332.412533076073 234.169093384449 346.767521976813 311.337720653315
25748.2720940934 31528.0439849643 26541.1723889405 0 21809.2604100697 31783.1808996149 22858.2128586038 33219.3987652412 20628.8591536237
1326.60764184625 1606.81024758421 1862.61516971105 1733.35465071727 1197.69835588648 2090.81647389999 867.761289759775 1728.59919921588 1062.50806482911
488.856648558016 492.32348981663 537.853564809086 526.527483304809 441.211367622903 646.695946942714 348.426917687668 524.006750853053 339.871202690033
5560.38308545911 8241.64906173122 9224.03142984971 8203.85916708308 7091.55289343078 12162.1472312352 0 8294.93361919095 2483.50634188139
5235.04132149152 10959.6062456552 12551.8800991186 10966.4599283744 7381.30163357475 13734.5262563208 6230.16429196733 9799.42843454106 7006.51617923327
10921.9067471819 10347.6578367614 11088.8603667591 9604.58248643427 9393.67298838152 11262.2377898497 9523.26753068712 11669.5142050191 9387.34524670583
12158.0424386422 12097.3631014973 0 12661.7653502272 0 16324.5793485837 7532.29343156949 14349.3401020439 9014.04093482846
0 0 0 514.808034553287 546.036627850761 0 0 0 0
16827.1290976799 9931.31768671199 33778.0453568433 13914.8597414433 15905.0389815542 13685.1264773633 6954.62235748958 6922.04900464874 14699.439210024
4359.66819439235 3118.00598799645 3316.35895816728 3755.4395643624 3281.03064475999 4164.34549549097 3057.83789623235 3501.50839550491 3348.93333954493
5481.94912188052 5456.76836568465 5970.79248116123 6837.6918105874 6425.4841229219 6871.0431891435 3664.22681494562 6214.98240947505 4980.0629637565
39083.7845732179 15101.2292715663 32844.3247343512 24157.5899393308 27894.4523256177 32162.194849377 9909.35517404008 10165.5674080331 33139.1508704447
21653.3554987881 23566.8240493039 19437.9262533654 27169.0368389232 21503.8968256556 24667.934802469 20772.856249295 23078.3451965626 16256.1663098159
33389.0056255854 34604.9287417281 26681.6186091136 34361.4809737897 28850.1733714084 38998.6945837463 24786.6082579859 34613.9631557325 21753.1393041161
3909.09587893167 4827.89627151494 3474.46862282493 4272.479078944 2748.33535070449 5167.2384705819 2616.86034145924 3645.15888454315 2533.67717439773
467.40693765998 544.717672344238 547.641760532072 565.598691958752 608.634737832408 652.495089823302 486.891204737875 513.364564660742 435.347620727894
3097.41349009364 3402.99145634694 2436.16662199026 4422.00418733625 3597.75104595611 3464.1427252561 2930.16200021211 2874.21644275133 2805.15838197381
2226.31530332149 13131.8471962879 1904.4634530713 1714.42420938916 2429.51684814927 13990.9870601456 1357.87018133028 1047.47158090643 1922.73261963744
0 0 0 0 888.9174879995 0 0 0 0
9390.81906384054 8308.88154246274 8587.04355759999 8317.39285385521 6908.75504316389 8798.403771563 7269.28056014224 5703.89976651007 8133.90360690117
4464.87225367808 4540.93569159377 3457.83635015713 3604.27255613448 3891.70669850043 4299.44935903668 2954.96393672645 4712.46789746365 2708.97991699501
684.811325837153 563.104526043444 610.301038440194 775.063653712366 659.534668319048 755.880955672168 484.428248282668 562.342433797489 583.268879938355
1517.4707440705 2940.11887658723 8244.79268049894 1959.9975697069 1834.650272324 2016.16757241333 3995.31775950755 9098.64944745402 20523.8320906909
4482.88452554922 4470.50438454167 3032.02996676392 2381.45570981273 7102.45201645933 2173.89319970933 1063.20680514888 6175.06875781125 1723.17761105887
1458.83104454159 1276.96756612943 1273.41733748669 1661.65989215345 1624.0757793639 1470.93952860883 830.358359530835 1350.62146686842 1138.82831887512
15000.2852157441 15166.8536935169 17808.1989822062 20964.7483125604 70017.9622372389 18641.8757773472 50427.8187612815 12429.6013221246 11835.713686893
20484.2820176465 20910.6525007335 14040.3314624426 25509.9365448517 20511.2268880644 21509.6447329816 16811.8956160207 14704.1940083383 17639.6086416976
2431462.25463146 3165.35820699024 7443.14698878483 6638.74288460439 40861.1992464027 6581.57281791457 3075.01206204547 2788.21720091017 2158.47312373712
59782.6748762558 63573.0582958828 56333.3777878361 65995.9188632029 66068.2191489905 88954.0048124856 52039.8395608573 58323.7822831103 36037.2208061246
3019.50346163083 2416.50447919801 2708.14394549834 3618.58987821317 2936.30382867151 2643.50701353242 2612.55234960841 2259.86739090341 2402.3912290606
18077.3471236395 22397.6504452632 21122.4615464411 15556.0913401304 15803.0511897475 19934.241509469 18900.6159741547 17889.6986028779 15297.5492704231
4488.84985320748 0 4571.88188845528 4210.44631200633 3968.00260206635 2396.05747002423 3936.85226977347 4603.93306413808 2693.52370587589
242.894836682503 0 0 0 0 245.800717523581 0 221.025670207036 193.773899205272
893.147691106897 938.085580107203 413.913371238368 1667.28340073064 1385.66424079304 1562.50892614319 753.989904285832 807.190220608799 608.902176280265
8384.02893106828 17706.5117859198 5319.11625707352 7417.77209820783 8127.13872908142 35033.8633812944 3614.17834676402 11174.7505591179 4448.26010380153
1425.81120365319 1111.43038865491 1020.51172005199 1223.64816977704 1429.40479404057 1219.63169118658 689.701231919685 1186.64023348717 822.310045618942
3585.52465997927 157.209315144553 4277.43210870704 5908.76318184917 325.386303361764 295333.010580368 136703.456216338 5839.96508445759 399.411659095895
0 11450.0739543129 2869.58148681745 11324.0599344199 0 11753.6107560563 3696.68041517316 0 4156.23124000392
260.674314030421 283.054938582172 226.194865551217 331.632715378017 213.235311631872 349.3884983639 173.067163549292 208.023935352107 204.37250937148
286.938487578575 267.622771195275 216.424781210061 303.73685659232 229.246890983989 360.186543079779 183.874372552464 253.594381635007 158.508577456347
5611.43654308741 3370.08012811246 4214.43270112568 6587.88664703227 6090.82561196954 5515.07111908663 4951.28535529155 3786.58540659875 4181.22599727404
1351.37156508914 902.863437292997 1753.1647911424 2605.94006539434 1647.59466350025 1025.13584985456 582.759745324392 1666.83994593107 1149.11742260509
625.430969414787 613.334684356166 447.295851624168 423.525848436925 932.490516236502 384.104549657987 228.163756945505 796.275745447691 284.70940353131
227.62175903226 251.8946123633 270.712817037466 281.286220594556 305.049518410117 306.615407638129 186.352333841362 252.657835116176 209.519500973573
780.041890665272 979.708440556972 801.033032885786 1132.78458922458 8550.25397148165 3990.71883742307 2870.72401678791 3774.25719176682 1277.01811656479
1928.69190342108 1686.4030691591 1552.58749059922 2062.24750356705 2038.68602625771 2358.95682122086 1915.04850450127 1639.95540512955 1463.38712202036
2060.81592027873 2852.55991452046 836.770374622565 6104.82359331968 4612.45388662038 5194.50364765241 2415.53752752271 2622.80675512533 1065.23285996945
801.697516849161 0 0 355.940988950423 796.9282172907 0 897.935256191774 0 0
19582.3958842331 18760.1534384655 7409.81559244464 22222.6907623537 14179.2647655501 15519.1843531999 12012.536545605 4406.15886943215 13151.9085110408
6438.05162479911 5922.48780738889 4338.33558909976 8808.99990146288 7593.25422359389 8682.31428006704 4380.37787789602 4660.84801698085 4702.48627197164
0 29582.3853649022 46878.5018446831 70416.5940911253 48480.2860229651 39251.4447870688 17426.7116119229 47826.4591555794 27487.4173743296
28362.1318096262 31223.0817918458 20242.6852659089 40634.4864123768 32426.5090980857 33591.1255865608 26314.4772484968 22344.7129255959 24661.3705237917
561.653913051295 514.065400822423 440.524051580105 492.891421921477 654.744121124139 481.772057931284 336.995381719562 562.827514599626 371.129850429608
13721.1764165547 17594.2242349836 18940.9455649928 12975.1934567122 18052.4083995444 29797.3929817899 26474.8435536223 14158.4776485613 6377.23823129504
4306.13459636793 3077.4412218609 1693.89553697308 7294.34634594707 5904.99356736186 0 0 0 3771.56912893667
3288.20042212546 2628.86907279303 3073.85637714952 4505.33482506498 3754.13874107057 3300.41205595051 3641.51719868355 2085.43467163432 2767.49409519127
20619.2717287298 28344.8615746586 23015.1386575625 17025.3733064114 12119.2348222121 12060.618641292 14803.8101470515 23381.1545688299 21725.4312907789
0 1152.34764169103 2090.66458010952 2071.87955600958 3514.57752710638 0 0 61.8985493607263 3215.70437248637
3096.25795147309 3077.13450242897 1516.19290407671 4617.53429950958 4063.50030997049 4653.22851655148 2496.74631319798 2249.66441506132 2473.52957178918
0 8736.62822611645 8260.40781234054 14917.7215535687 10302.6127509543 12574.4413054656 11627.0253756073 0 10408.3065125016
11825.0676925889 3.44060819024162 7923.35930821955 0 18910.2601314631 5733.32149068923 1651.89388100144 0 0
602.672415931054 865.603555106217 727.809027290711 850.188647224802 636.300687377798 1027.10727319806 551.863957290658 691.264025399135 416.042374762607
56904.8534482146 56552.3591848646 37402.4079968927 69404.7135959024 55966.5965171652 53967.7553128618 39530.0341759683 40098.3266518424 50951.369962671
5097.93268130393 6574.13338998141 234527.681309044 96215.8361542067 14409.7045559257 17675.0478572551 3711.56469738964 34555.708014995 3770.51740204212
1916.87424396723 3016.56765836166 1579.81790094277 3687.82785912983 0 0 2714.62220520676 0 0
21112.2166911871 2905.41814909862 3826.91499507012 153256.566487766 6665.52835989468 4778.41503510279 13701.8502723375 14616.2878804124 1899.76377370196
16402.3432878127 19428.2663803191 25116.9602258331 19750.4800264714 16282.3957621523 28571.0890128883 12624.627542628 21095.4568878499 14829.5740482068
1540.7207022514 1553.86863649597 1065.80633579524 1606.69751938943 1390.25519394769 1380.35983690168 1208.43934320135 1215.96978520977 1293.56870945111
1101.16325394739 1232.46558907296 1102.46930062867 1123.21608389578 1365.92245630984 1590.62476412571 1230.01883731299 1102.14490500644 777.536555425191
3925.01525222583 10940.7086362748 1007.39319075952 74895.6871588451 516.935592804662 1999.59692327889 449.651974703607 1031.19614082017 930.561042519993
4599.11594489232 3986.44523444306 4199.39224516953 3401.75544280069 3165.75396448768 4141.15231695005 3158.7732804461 2822.0406024633 3856.83463557826
311.608936495142 195.584165060886 295.084188154411 390.661544601907 343.925873530577 278.131513374185 300.204744962657 268.418558565422 278.983414951579
291.359323795905 247.887003926512 251.308285654536 338.367275346692 328.254113975074 276.597737308021 170.380548654897 279.095775123111 234.739058229033
6362.01031777896 7052.02692967215 6546.52933834755 6223.08635478965 8018.88100888558 8490.16673259028 5775.68954733393 6608.23398471183 4259.79038871921
8781.59634176857 10987.176687274 131343.660181352 11022.6088631476 21816.3549598165 7443.79643414347 273674.478890426 7411.33648375866 6937.13970824208
0 0 3802.38290997577 7102.19050784684 8440.18661079893 7804.52381223273 4294.70262930668 0 5793.60675868303
20285.9740017314 1842.69583078992 409439.556344644 332.970583100464 1094.38315123686 4353.64423329218 1082.4029314548 14882.1915724604 1202.16852963367
1203.28388061628 398.813038992379 769.853662962304 1384.40578406986 1330.54674583582 1051.96817613779 839.562656504986 837.285550491502 819.2060221543
1270.75206331838 737.031412735471 700.310551538753 1230.40925631818 1094.82330624115 1392.87507655693 851.386275249172 742.433696367043 737.90070368154
1797.59369886484 1342.80984614459 616.72229660563 1644.1537013716 1905.29159540273 2060.89187017612 1254.73697744421 634.389487594256 1665.25128611444
6000.71531602455 5421.66071952342 9546.6864257945 11848.6053616619 7509.05922438883 41889.5309289122 14546.412845344 6747.91440664687 8312.53620805099
12949.9962369303 15416.7365470666 14142.5247699559 12616.6568901276 16008.1339080176 21357.3464524791 18879.7507270212 14578.4782486011 7102.18893368794
3515.98260885541 0 0 3871.38723794155 4345.69249023175 4096.20859908709 0 1603.78439705979 0
6365.08074996572 7997.46331524116 5159.89791178613 8105.70517844967 6687.79779630521 7113.65660607562 5244.63439446087 6688.74980629588 5931.26671411064
0 10118.5551157169 6206.87871981332 13925.9048577335 13540.5848981335 13313.4757833011 0 0 0
1222.09787416284 898.766501716762 494.751894428247 979.474712895122 1142.34234075675 1159.90507437911 873.48478259842 486.113910993733 1154.33761312676
1672.45160236965 1659.28347468015 1004.89668732895 1830.73143976334 1784.38325565395 1763.06805756295 1570.10584003055 1200.82759663756 1622.6380682446
669.449103168847 438.205832905815 752.821096434684 1062.33630188025 797.19798622419 570.433912873862 629.95517982693 587.263145524444 522.671571112391
6.7179963669405 0 7416.65777906314 12838.2620323693 12629.9414906667 9682.06785268406 11556.3824239986 10823.1199312432 6487.29866538775
694.15061403898 653.406055535081 1603.77342818032 3024.31036274794 1839.65596791357 686.447929716955 435.73601654618 1263.40127214105 5779.3524477707
9728.51015094266 10949.1414818149 8151.26461999114 0 0 11853.3047620059 7553.49415406879 10610.2584084399 5847.65574321605
269.226643911402 249.845433146657 272.668786224081 276.819529413472 253.087888239428 274.592021062554 180.225977157356 230.646345800945 233.927113970978
4702.48950049825 3753.83331055919 24602.8453668198 4268.8684767367 4571.2304233611 15029.0526258524 17795.2672396741 7802.18253193312 2687.71474695967
3566.0051659989 1135.761544553 1639.10437412274 42656.0011845545 2094.2168882603 6357.44618829781 2972.23272414581 983.795342110275 6084.85606218529
95.5293604228708 96.8202222306012 73.0575640737568 100.251804301351 89.0070668337182 109.917415680135 75.022480223149 58.6082189299496 88.7414985688067
272610.068137319 2638.09176155216 2291.28299252419 9319.82027079079 9234.64039857178 14258.492593725 6924.8509443164 2550.29528323942 3439.6991802065
9088.43537514122 113454.083604441 3006.75478633171 10255.7246142245 4790.4092694758 2508.14710025704 1411.52294240524 1728.27343336945 23207.7635243442
19874.3209137512 20469.9328259022 17156.9821065233 19946.3447905081 17066.8448464439 21500.0737612093 14347.8624463721 20317.4607292669 13401.2216511342
0 0 0 0 0 532.248997534993 321.009461461205 0 0
3089.12296578377 1584.79707539028 3129.91231887676 1883.05370991657 1592.77756261572 2888.6027940934 1549.00605375995 795.462537277962 2256.81312485001
17479.2616198927 12569.0345120945 14918.3672545708 21818.5796030651 15437.077789486 12646.2690371081 7887.65183115127 10298.5404479683 14272.3092970011
990.049680120788 0 0 1809.69161230125 0 0 0 0 1117.90165878573
6123.91447053312 5012.00235569817 3941.29446636251 92161.8902375415 41791.6606131698 47691.697930568 21322.6252335551 4829.86883427445 3018.54508823132
3650.87473700599 4173.43941328612 3205.83271034754 4170.70842044113 3789.59906846644 0 3405.88543097222 1650.84372781025 2619.37581882675
15196.1937046096 26642.3618621404 9925.45831561244 9057.38461156892 9139.45941941165 48357.3376421649 1726.12868061023 7268.54330928383 226097.477706254
3502.17505386138 6142.88242377641 5974.61836093357 4497.26245589751 7328.20999956296 0 0 5046.60582870437 0
2901.54278924359 203.541814272953 0 6178.23388385489 0 0 555.861987189613 0 1058.11961780789
1048.70025353371 506.221164279208 7134.242314696 2135.89794137966 568.167201483912 299195.901898663 28449.4180294729 1548.15140505878 384.882196048306
25011.2446806445 36417.6648217467 43837.1435784599 37073.8443242454 30578.6064605759 52801.0955454574 23135.2399943237 34965.5361023819 24030.7653046176
25464.7060888894 13246.8626519109 33447.1258398482 39903.0979125098 33538.7632284817 28200.40939913 34548.2648550526 17564.1827661834 18181.3454934534
3422.26540605986 6067.05657219729 3300.70212604074 10042.8884514077 2892.36617982988 3938.01528960182 2282.75121051343 2594.52036872305 5628.11574686012
2717.12773740292 4182.49191622048 2845.54827170674 16096.7681612913 43880.2498463509 6636.68186306536 3616.82517853757 4343.92035535404 5167.37401358805
1850.56917991823 2277.1822028463 2736.28122008713 2578.06166634547 2238.39937191164 3881.09531688506 1488.99757211349 1984.55192510909 1136.87287021717
15097.0332906545 14651.815600508 15436.1527824594 13634.9336562748 14356.3853276927 18105.5112253509 10256.0124213579 14232.6364591299 10947.0582468399
5021.10788729211 3536.07123299875 4990.3275804765 4149.92349235142 3836.18784799109 4049.87796513186 2055.92855762524 3290.04051666261 4463.06294752174
20821.758865949 21447.1824000445 18268.1106408372 20309.3111421225 20923.2036696373 27591.350796365 19192.5143283625 21755.4268275343 11121.8068171542
4105.80541435461 591.066747852598 1717.77080273589 769.065597346904 874.433193319622 63114.9638950751 5053.74768393362 278566.729944049 1107.33062533573
15272.6388352287 70071.5670015164 16799.1198670463 16639.7537122334 32866.2850481677 27977.3725011353 13620.866752799 17916.3956288904 22902.5024146962
5413.34614878672 7174.24283389725 5226.10351210933 0 8129.60386188434 3563.81452120834 4014.673355717 6804.24359104146 4625.61094377411
1131.19398944959 746.190349593867 1293.22602227038 1683.17050589674 1338.06276626577 954.310304843685 1289.143702541 864.743921662186 873.714322345619
2678.2697083256 20704.607158332 2896.58072964901 1935.56654302013 1851.52833284231 2917.76580749719 3171.68503779806 2345.15026033175 860.494526666252
988.101592534234 1029.52329160164 867.691535174527 818.405236981613 743.786698672468 1033.26290428185 653.831321904263 952.701797060914 571.652010452359
11780.6550870733 16005.5868638493 9778.35684928286 3768.57079333026 12637.3117581445 18916.6602979713 11550.6626024767 12099.8703580155 8681.96722711208
5592.66425828213 5248.18627319595 4824.25292029055 4674.0959110729 5943.58490539858 4178.2593750368 2282.5257941452 5143.12738077422 3613.19444999968
6519.93345991647 3897.17056422934 5967.53748591934 4717.52511173509 4285.18893639621 5272.90580779448 2631.55233731462 2523.32179761067 5418.54998401302
1426.11441655187 0 1038.66121992842 1126.68034636834 0 1286.307032196 0 233.399400124646 211.230663034149
741.712528313035 14178.0902188032 2679.27575506387 3571.49202740397 2160.66152651122 812.190338490978 834.857550723737 1344.88318190604 454.823734520931
2660.72928067584 2627.1745898867 2858.03935216396 2488.56107838876 1754.00197460669 2128.08003761598 1360.87777713906 2374.70715818738 2227.66630585925
1412.82528906088 1510.61534536306 687.335627303792 2282.41705849411 1975.71602782437 2133.96974903996 1266.0980140579 1129.69743424763 1099.5692675193
16102.2887753768 10407.6759758993 8353.12664438538 12961.2490405022 15439.0268143691 15210.8986602347 9191.53008667327 8630.25857191372 12524.1720541828
5951.20465613889 2978.14150313294 4405.79455010789 7136.42140441011 6725.73704842165 5020.57457372834 5368.95240689518 3598.78926844303 4605.59867995959
14005.1444141195 10850.6960831652 8436.67569668173 14465.4491657201 12185.8342187155 11297.4779172672 11788.0295216805 7919.81328989823 195521.154858128
0 20353.65859761 12787.8335989548 15837.7924838626 8360.11832484648 12872.8922678914 13080.0363509398 9154.48256461085 11713.1357990876
2136.83818432036 1893.23937425691 1676.83456092381 1766.67587852787 1844.71303896697 2142.92118696035 1460.45370511997 1853.79078512429 1257.3894057434
10313.1081836571 12375.0815990984 8818.70081598732 10806.4656418173 9412.1367104885 12610.2492921128 8249.27091242317 10306.5953783067 6609.45893690857
2107.44610446334 1496.45726851306 895.991480684174 1810.73281590582 2182.13401334766 2008.25678551208 1292.8077031211 1247.45034412209 1572.60814768617
1828.33206985578 1364.68260138605 30707.3321527772 6985.48097560481 1292.63341449896 1439.86642430111 850.764192017628 42347.4424111558 14502.6304333755
16402.5112403232 8087.10312901311 14305.4174935471 11621.3730078442 12743.852921034 14892.7304483635 6195.09550320644 5957.13582401214 13881.403567731
2113.65827971992 1748.08168370187 1714.721820042 2535.36361360055 2454.24468036625 2034.4694458577 1220.18635221599 2098.52529487533 1761.78621086246
12648.3992891078 15686.0517872645 10601.514500222 14044.9332210267 13324.0557219599 11870.1139830189 14902.8895868832 12247.3602690578 14398.6434453875
276.25798763252 452.999953296349 476.090699453941 596.604169401599 340.316660837491 640.2945844264 215.946742150432 385.200247977449 156.014812217077
40466.6806808257 27931.1538388461 30187.4798246604 37625.8689719151 36861.6427314852 38425.0717144834 25807.0490792458 21048.0311678308 33618.7852374664
68944.4708397935 2805.25470558411 29618.3570247136 10300.1460171635 16751.1691597297 500.928935088289 453.874754199522 366.335528849664 9585.59719850338
2399.6151354855 2401.39640452844 2313.04874514607 2918.63790957869 2336.97053283316 2294.48659016299 1333.63785207116 2540.24476217351 2050.5974863246
43423.6744936727 54092.7465795131 41844.7582588532 52324.0759265366 44968.692965609 61834.6124112002 47002.2439799592 48484.8936983771 36826.0365755344
470.928469840019 446.281716438265 444.400471677314 551.549320121351 542.264658454531 477.317049122056 291.060745298568 474.618111144149 458.737171151522
1131.32703144646 731169.946550589 2087.94331812752 1345.45038959529 1447.43590398266 14838.7209591074 6490.5746432162 939.10770797828 11777.4689679777
603.748298475699 761.401943443077 664.189820529732 806.058426824963 508.75568850114 758.058715896412 539.321361022399 598.220678937853 481.296571217033
7898.48579540578 7869.61246309992 6198.01515275302 8706.26305176861 7698.76872785533 9173.91902036752 6385.50173479805 8639.37016383146 5721.76887381041
10561.1694201266 0 9925.41587907768 6933.75061271898 0 6465.88835394303 2674.75911946131 5550.99030582761 7349.13245697784
17026.1652369304 17784.6600391536 13384.9688927817 15171.5784612635 20920.9698377243 20112.6967244791 16811.2970884721 18046.7640981417 9659.42088327022
6867.34903752508 7743.75764816982 4939.55902394465 7352.40185410876 1074603.6540815 7204.30878406991 5459.85689604972 3505550.06859088 101321.504326364
9582.18086858646 9653.26750021333 8240.91600774572 10022.2238081132 10064.8222217512 10560.8640639151 7009.92441940801 9940.76169320338 7115.62968875589
467.533266247534 200.9467516984 196.47649886756 449.852384361726 351.001110473088 509.115006660459 263.406914196066 256.626310997625 258.044030794
13589.2776158631 13297.3505810331 13630.9068426619 16722.2995977637 15225.6437546816 0 11292.9848928896 16293.7219597666 0
12095.135000682 8853.62733792639 10764.0587377617 9563.95931538132 8951.15522084908 11454.8108346962 7461.85287361031 7878.42430012832 6280.77683320521
5753.38278062395 5837.09296169471 4767.00969225375 7552.21849341567 4521.30368807232 4675.83546335517 3418.71334216713 3907.98601763633 4231.06712702525
400.620590631459 244.537247906707 196.523743032307 214.997859008964 156.141106562607 311.603017426475 4455.41012925308 178.294304007838 188.201288345194
1209.80621473612 4182.47286323132 1230.26094635471 1696.76251449485 8698.89909703371 1437.61246223095 10239.3716768784 17393.7424567885 1307.45731701319
17218.0514393139 23968.9578281019 27505.279887579 19145.5525221895 12765.3996239537 72482.7788345617 28355.4335855278 51671.8446893211 14413.82512083
8665.54607924697 5167.77367116773 2451.89693918694 5520.12876037831 5183.27098177951 0 4646.55647265915 0 0
909.644264028137 961.518179336439 610.337037463618 1045.86973962405 1015.25069955461 1003.3365818902 966.079326998352 975.284499235636 543.860998368106
2926.67572997951 1251.37481675213 2135.74787732272 6642.73069700111 2201.14255889142 5499.71411411597 5697.70028487598 1025.39228942266 3372.21550674772
2676.3683599149 0 1247.8389223742 1133.60087891488 2886.49736781424 2961.82524669965 0 1710.72084805585 0
762.221989039036 10245.7440422929 2098.22499887271 3439.03709298584 9493.61991849232 712.547994147877 9825.16980013943 115.130013480554 1390.36468441631
4810.19428512117 3070.13281397881 4455.5080080941 3966.54718669675 3474.3650254777 5370.14711950277 2479.13187281108 2635.21232538132 3141.76798648415
5162.26368707884 5578.5842519661 5092.3713007692 4345.78040716269 6042.11562791864 6988.52966187761 4395.50397467442 4599.68544957387 3168.10869756749
2708.33787892208 2557.41121080924 1845.72994609114 1680.36224804745 3933.26275824724 1624.73878401119 875.958693559868 3409.05036541183 1237.43162651715
4975.02332083101 5922.6157814271 6908.16694733271 4023.93710898734 5772.43429514109 9529.63360009609 7360.44291131706 3960.36370011784 2300.71813884049
16389.2550069194 205813.981921575 35293.1472985718 15629.4318460205 15121.8067476475 18619.3069719381 37360.656577399 15423.1799422216 62523.0730946303
254.05931473163 254.201884604341 241.535046111547 321.703642797605 281.866415509279 248.117072054064 173.685290161205 248.909370398641 282.525730230563
4627.95305164666 2990.15196498697 2987.42386826901 4735.70649823691 4640.85889820005 4023.24478842338 2861.14781358739 2249.11419633557 4128.26838345099
4627.97801419676 4419.28653606888 3928.71301814662 4465.30607700918 5300.52878383543 4249.63382014193 2633.6706883835 4787.43961702549 3012.83378074106
2138.4121337277 0 1510.77023564091 0 2778.14424886238 2314.94494771429 0 2204.51176984078 359.036888474131
8244.64557949913 7888.03718175081 9856.01163162833 12405.6671618315 10044.7759882047 10559.6964832103 12020.2549471395 17634.8425856299 5205.73294916589
0 0 0 808.291202821114 825.13925230701 865.449544584842 456.143095147335 0 84.2152635156401
0 98.3346945517106 0 0 510.305109592576 384.752987489291 517.178329882222 351.036402517342 0
0 325.16382068245 0 0 0 0 257.646173407676 0 0
7424.28273282421 7715.92603134531 8332.65378817567 8872.44759919262 7492.78223734593 11303.8712913291 5672.76690855092 7502.11801349836 5157.59676446259
11742.0814165268 14141.1995881752 9397.5676745882 12225.3028140038 9402.80558076921 14239.1868383721 9896.72651954607 12162.54998269 7410.57999619154
5163.69861097969 4219.08547008995 3854.2166199232 8771.6704540718 4674.8025666463 9679.86018480908 13311.1835229974 7263.2794492951 3871.93690589401
495.060736650961 938.211890828783 126232.314097498 650.951415245137 21784.5320413439 426.795608050034 2451.28128893804 1130.06662124544 7348.93869155821
464.643769705936 481.692693677587 468.599572472039 444.407704359716 343.89290580744 540.059291837696 282.074319598789 411.527436703461 246.413350554336
1557.00677217426 13686.7774094371 2000.21384007693 1865.42062376784 1665.52395919165 8010.51215197041 878.905607817413 3451.24358859926 183818.238331856
175054.032268003 59705.673728823 112731.04122117 18605.9827335288 12418.889697674 12822.5232583137 10517.9920764511 10263.7531202073 12601.0160424041
1870.24512927853 1767.44995752985 2007.45805501099 1210.47870211078 1057.98428224668 1495.11488624724 1300.12520410899 1238.3931328724 1686.37552727036
5183.56084426289 4671.0957990087 4826.30500128614 5015.55874706706 3844.63692159362 4732.5357774138 3359.42537058873 3370.5703253521 4294.93312294884
0 2086.23351745623 1486.51955090025 0 1412.32241373707 0 0 1782.12769620639 0
2348.6631884737 1746.12596998543 1659.96688009478 2288.55317876 1832.6994820043 1817.90703151139 990.39459446988 940.746661842824 1898.05430227836
27617.1991082689 13166.9176364891 25222.9591321606 20169.5096300477 18803.0916387039 26835.0122678973 11960.6350449072 9063.64991445824 20529.4616577629
2712.44893880013 2332.72901519585 737.201621535537 4732.58721202642 3899.1431945115 4621.07949424626 1924.8832582323 3385.46721005762 1121.4682677755
2025.56148418019 1520.70416581352 1748.90612890079 2169.1276497822 2078.73617931552 1681.54557778701 666.90897932988 1591.5711869778 1898.24987276409
1316.85545395675 0 0 2367.76213482743 1326.13604892783 2608.40757534205 0 0 2449.56758789186
4609.37131744542 4462.68403181191 0 0 5177.2426563799 2376.66196556173 0 0 1754.83114289192
8687.87588181309 6726.64980539422 31541.7662650673 12032.469354361 8119.88946906374 8454.11360537241 4147.94122818833 6247.00413264028 1766843.72298919
4091.2706504992 1904.26429279053 4955.88571018164 10299.0385280959 3128.16025906979 6571.88243607105 25387.6730297581 2211.72950713281 1350.27743700313
620292.172557275 2092.74895014169 1796.3286681053 1763.10198021712 1580.99909771637 2248.73093633297 5403.76223098111 1407.8111865524 1262.09452387547
42874.8542847927 23468.9181093934 38159.3982723655 55594.50616669 46893.4407284977 30543.6995089349 41291.8141782396 26774.6286925639 50332.6834002847
66165.438342974 58487.344684385 0 65796.7120729558 0 24056.6378027371 46367.3032152684 14901.7136285569 39121.3048941012
1162.53832060451 1003.21298657164 1016.0718593784 1109.6861796928 1269.97226315572 1490.36042207206 1055.82515447492 868.376703676224 649.18845182603
5771.36867371566 7323.39854802557 4934.99264368981 0 4942.2067815495 0 5119.70244371454 0 4651.54215549698
1125.18088977103 3793.46351818475 309.524758104693 1066.50641363982 3789.89316706332 32410.624960437 853.628018100805 2391.12025999822 12516.7977578566
2570.92834284228 2453.38064413812 1691.20962808767 2261.30691730825 2083.61792800268 2876.74452422784 2057.24437749166 2277.73156876325 1248.13432025858
1967.23281054655 1882.16085773193 1384.66714103938 1735.51880942062 1654.09509890031 2164.83014115869 1433.99967448976 1712.67758874541 1029.08657763112
3954.68772405098 3448.65500613878 3083.52897917077 4484.18227749332 4474.69933563661 3831.5986355594 2255.73068042962 4033.57482009279 2946.61263949387
0 0 0 0 0 897.798829268586 1134.28634294966 1665.85571319493 0
3588.17235926703 3313.01688806812 2663.75590505545 3938.16092704281 3857.95280947287 3817.55809735399 2348.73303089938 3553.10756945496 2496.34748329227
50160.2822757373 54498.7398846173 42175.0042384899 57900.6488261605 50655.9227636653 57714.4092547731 37976.6686128432 55979.3579796685 36675.6632756019
10347.532651823 8612.36618407283 25038.4769489892 0 0 22113.2665894578 14462.2743364669 21192.3206357552 20712.9747500344
5677.86091858749 6755.63103784264 3566.19305535097 11598.5149704865 9348.24882697503 9855.76960796974 5984.1083517637 6492.73498554254 4189.11857922909
9002.63753242812 10354.7558481512 6652.93020476169 11383.9148549324 6168.35655468509 6256.62707662435 4697.07000886974 5768.91801731453 6634.14969908655
1235.15455527287 1283.88505184838 10584.1239656721 2241.02253828369 3790.74020773615 2272.82775811912 7537.16666864332 1695.03636132945 23612.2738332268
12430.1245495411 13446.81664977 9786.93728433329 9507.7059144372 13063.9951375177 14781.0688699131 0 26.6750333426462 0
509.312690977944 476.95130218749 551.224687438915 405.613009838331 319.66518692682 427.64193250382 254.109224545217 404.076948777028 388.224682308309
102542.996243892 18823.694946245 625.560729261103 1243.62982153535 1346.59572529199 3042.36059471794 2164.00630331963 25919.790814018 149550.549655104
0 396.229002320444 218.71427795297 0 173.336743811845 0 0 0 0
2806.89981308408 3271.58059762931 3804.0416496981 4279.96070042319 1187.79952220129 4035.01664156497 1855.34015263552 0 0
3401.46365899418 4468.78113221314 4361.88315787256 4824.82837911023 3553.69825729758 6214.28203230421 2848.43346206171 3429.87407826231 2340.26832864305
1684.94873199245 1542.72093507249 1712.89792157302 2392.36794534235 2330.34808130169 1616.22298201463 950.7167381505 2025.14077270539 1767.5315590824
18237.753250895 6331.18063699075 3418.2960601908 5305.31375893084 5767.94057962124 4600.61667816774 16588.2109197812 4122.39112049632 4205.0454135994
1675.45488381829 1870.30951225953 1743.87763405134 2066.37501350276 2013.28091854472 2287.35774377671 1859.52439114239 1898.78789660313 1514.93567763694
265.590200747479 1133.67718027795 93337.8242636897 3599.80145748102 1474.82049032145 206.68751538903 4117.81597422861 3133.30677435529 1882.11256538161
318.950111273772 308.950097221191 245.706623758201 206.365276023976 244.104949617145 212.359554301249 286.510447629399 230.662195966799 317.360129883703
0 2299.15589478233 1914.63381772436 2013.91689094809 636.629759454503 2290.59849678041 0 1771.50149627396 0
0 717.231307529348 636.435087448774 0 1889.38571009434 1470.72054569213 0 0 0
7516.64836801749 10477.1811261949 4252.56607050451 17899.2642910452 15209.4080661623 16993.8439611223 9033.31380835249 9791.80486782902 0
1048.3302842267 1435.05323750756 576.691870106411 2747.3231365958 2097.85522116337 2375.84202378325 1152.4089625037 1360.13629466761 585.635883196068
3615.33582413265 3922.79978032167 4070.33632080527 3844.08261366061 4242.02654480148 6258.07759393298 5731.21335925498 3793.5332032466 2100.49373491227
625.501872952791 1581.0001735336 13156.9868869084 5080.75006092088 863.174651485075 873.59213117926 16132.128494848 700.670569165172 543.579034751078
579.530391846646 631.146825144806 478.806197052117 608.566625583227 476.300200107303 659.551358281872 432.635332831697 495.3649005785 443.317401512325
14663.3093700061 18245.5367508389 12916.0362139832 18561.5154032742 13941.7169154774 19693.8374494364 13208.7579582876 17286.3143689267 9457.45668989134
0 1368.23783785583 867.759170073806 0 290.321056982582 1565.71351553654 760.958854172405 0 236.707987792408
2719.11111297651 2210.13643474235 1965.44802214108 2688.52456761045 2669.36297937707 2731.60020442669 2142.58765063369 2227.28841371827 2103.1779410709
667.01759487293 0 0 0 0 0 0 248.550093651696 322.962985018834
19667.3291167657 71741.619277028 11339.4993677093 16023.7966579138 12043.1801787505 209936.727555227 14964.5611325783 11088.2165799719 8032.97450428722
356.236039820127 431.685469471735 373.874267218005 477.488884668392 329.797843035862 528.83894530021 345.539505103825 361.47053823213 298.889170485351
5428.07416753401 3875.7558202446 1403.109001553 4168.85053437835 5201.61443398594 5598.03771224814 3711.36369995677 1376.24812736452 5200.57445031704
913.288030986283 988.045750869999 991.86258232138 3907.29554288268 2847.73426211792 1036.77349343903 1735.43477411841 2119.86255679369 689.881788126229
0 0 0 1240.40037333201 0 341.609638620104 0 724.180564483592 0
1719.51584779419 2690.55590916642 26030.4151056316 1965.70611624983 2271.64650940856 2555.48798030874 2396.18223376279 1651.69588005032 1258.16727773583
2955.65682875012 23928.6751556036 1198.35649721511 6329.23490437517 2548.33067726831 1032.48867006489 1097.33495175834 3447.53181848005 3284.2740481126
445.710460641892 446.317311982896 507.086369877368 472.2203108503 430.750998394787 425.038501119167 377.66869386524 399.870349991358 505.674042513978
