0.850551893468946 0.46318393596448 0.770087081706151 0.129197024740279 0.0527196710463613 0.62895138701424 0.712667175801471 0.886344806291163 0.387170799309388 0.776780803920701 0.780399578623474 0.560718831140548 0.166025345446542 0.380953206215054 0.188717824639753 0.530092583736405 0.339604663895443 0.764080686261877 0.534850327065215 0.569719027960673
0.707279555965215 0.140072537120432 0.53461888898164 0.899410871323198 0.467477460158989 0.619168865960091 0.696206964552402 0.602511483710259 0.911193524487317 0.075149058829993 0.442729170667008 0.411738224560395 0.146762436255813 0.597160448785871 0.229808527743444 0.371616516029462 0.254317944170907 0.54203412332572 0.655411257175729 0.0419598380103707
0.0519789410755038 0.889801687793806 0.829801272368059 0.426592541392893 0.645309679443017 0.571371550904587 0.911722405813634 0.542385579319671 0.150591707788408 0.308099765097722 0.263936686329544 0.00268853991292417 0.739342082524672 0.855575194582343 0.768757069483399 0.105615170206875 0.251492667011917 0.982550506247208 0.0701438358519226 0.843264943454415
0.802593613741919 0.768807804910466 0.26641090773046 0.392802944406867 0.143218477256596 0.536926279775798 0.762426571222022 0.840332587249577 0.670468305936083 0.935466215247288 0.560867549618706 0.115722384536639 0.692663117544726 0.116895707324147 0.737091503106058 0.45608765236102 0.267754981527105 0.413364939624444 0.860273715574294 0.183040637988597
0.332218421623111 0.868928309995681 0.296234390698373 0.370342576876283 0.307248917641118 0.413921095663682 0.319171086652204 0.112588451243937 0.894662415841594 0.457400019280612 0.0437925609294325 0.0137479018885642 0.737995682749897 0.0676633466500789 0.13914309698157 0.7459461921826 0.824138357536867 0.661379552911967 0.925049172248691 0.886097255395725
0.261973550543189 0.50131617160514 0.42758333333768 0.485808147815987 0.303036883706227 0.646095515694469 0.535068213241175 0.658399222185835 0.513567039975896 0.343063705367967 0.725698488065973 0.843453208450228 0.442695264238864 0.533645681338385 0.505029984517023 0.312007717089728 0.972231164574623 0.188721859827638 0.906378312036395 0.463432854739949
0.43318455806002 0.962613500654697 0.325851519824937 0.980845166370273 0.656066912924871 0.342921170406044 0.120224279817194 0.131095695775002 0.559480165597051 0.289931753184646 0.0754608272109181 0.134574995143339 0.349667066475376 0.262006484903395 0.476074447389692 0.73759969510138 0.883428494911641 0.591466012177989 0.727871970506385 0.0975750598590821
0.947295702528208 0.599846586817876 0.590879790484905 0.122044117655605 0.582097735488787 0.813875852851197 0.639290421502665 0.435875325696543 0.0807337777223438 0.915809662779793 0.436387569643557 0.326443835860118 0.0124523260165006 0.110303331399336 0.240953640313819 0.414730447577313 0.928850870579481 0.869402558775619 0.262716297758743 0.0857092230580747
0.432883182307705 0.778718013549224 0.894781046779826 0.084646396804601 0.373553170356899 0.204172986093909 0.879084100946784 0.540591148193926 0.0979864448308945 0.256692694267258 0.0638838175218552 0.831916300579906 0.509504838148132 0.0480618057772517 0.544419430661947 0.500141442986205 0.733930038521066 0.431359875714406 0.783829193096608 0.559418231016025
0.574780015042052 0.168473292607814 0.679066758370027 0.542230834253132 0.495355339022353 0.737358103506267 0.0410291056614369 0.806906500598416 0.883876586798579 0.196354132145643 0.512305486714467 0.609591984888539 0.916434577433392 0.224379911553115 0.0153620820492506 0.691119329771027 0.28402396896854 0.422493487829342 0.309844337869436 0.918828434078023
0.918738854816183 0.123329833848402 0.404823396122083 0.65486547909677 0.672334871487692 0.942477572942153 0.959315384738147 0.147585145896301 0.586506520397961 0.847125173080713 0.333358595147729 0.720824489137158 0.467433355981484 0.965474451193586 0.6492758190725 0.377626222092658 0.543785197427496 0.821553871268407 0.993197963805869 0.0810336619615555
0.897883505560458 0.315472575835884 0.820847467985004 0.739722987404093 0.417171291075647 0.898725612321869 0.651544752763584 0.295039783464745 0.291918564355001 0.944997949292883 0.557257554493845 0.234055772190914 0.53683623787947 0.0128866739105433 0.0735731653403491 0.67256942554377 0.389208871405572 0.0348016626667231 0.50779872154817 0.295471682213247
0.0483738756738603 0.761496312217787 0.11567167355679 0.831752035534009 0.552510825218633 0.723073994740844 0.0254132361151278 0.930818316759542 0.0226951867807657 0.715062497882172 0.340644254582003 0.324967181310058 0.838999877218157 0.357047882396728 0.19500331254676 0.86668630479835 0.748711497755721 0.421220125630498 0.424657507333905 0.982452807249501
0.775089462520555 0.179790411842987 0.986898187315091 0.698936725966632 0.209445723099634 0.175988616654649 0.212690735468641 0.598600411787629 0.66673263721168 0.0239948730450124 0.416444524424151 0.454645704710856 0.538902758620679 0.133214625995606 0.814419012982398 0.401672303210944 0.170251013711095 0.659533988451585 0.430519888643175 0.440037832828239
0.326727824285626 0.540791399311274 0.121505860937759 0.224756419891492 0.054793257964775 0.000755296321585774 0.733308419352397 0.574398156953976 0.416101641021669 0.821813948452473 0.610951444366947 0.482565659563988 0.277193047804758 0.858252144651487 0.942683568689972 0.856444226112217 0.199005032889545 0.723492529476061 0.0126876409631222 0.949808567995206
0.600952511886135 0.106053688097745 0.455881192814559 0.891025151591748 0.689393127802759 0.0996686331927776 0.672760927118361 0.666928846854717 0.506303520174697 0.168735094601288 0.119841959793121 0.259023856837302 0.57381207565777 0.241538637783378 0.526887186104432 0.947046620305628 0.624395995633677 0.455839758971706 0.504319005878642 0.301491746678948
0.34882712434046 0.422636999981478 0.904604661045596 0.0544623387977481 0.238727556541562 0.345391819952056 0.165445211343467 0.179305498953909 0.81233337521553 0.021054201759398 0.0951819464098662 0.314582134364173 0.320370941190049 0.967290493426844 0.922880762256682 0.597599141532555 0.0345241567119956 0.729218817548826 0.404984381981194 0.937154479324818
0.189760797889903 0.294141337508336 0.228979887440801 0.349652458447963 0.825252882670611 0.638861910672858 0.710483681643382 0.149454042315483 0.575049538398162 0.782747231191024 0.533534149173647 0.315869991667569 0.724449920002371 0.351107239490375 0.652174899820238 0.0977951327804476 0.338424240006134 0.464517102343962 0.0390849662944674 0.197926217922941
0.56573415058665 0.214660258963704 0.710869166068733 0.517561266198754 0.0541009083390236 0.386672930791974 0.328895990503952 0.0420068257953972 0.223554833326489 0.222611548379064 0.676924414699897 0.531448130961508 0.477775580715388 0.166692848550156 0.408296428853646 0.977057729847729 0.0013268303591758 0.900186349637806 0.0148288307245821 0.471426939591765
0.280417231377214 0.705226481426507 0.322327173547819 0.314191994490102 0.856618421385065 0.138231423916295 0.897145120892674 0.174564805813134 0.132791369454935 0.12263176124543 0.695286301430315 0.344986899755895 0.0953780701383948 0.586534439586103 0.119237005710602 0.699135373579338 0.640519928652793 0.69615309452638 0.400562897324562 0.887001359136775
0.249424041714519 0.549672418273985 0.82963047735393 0.972287733107805 0.488036733819172 0.385812744731084 0.102295624557883 0.641318476991728 0.276601629098877 0.582523312885314 0.340978435706347 0.579981813207269 0.198793634772301 0.605840471573174 0.336007572710514 0.138054725248367 0.796570893609896 0.447608179412782 0.479171158280224 0.0393728679046035
0.795531546929851 0.614425419829786 0.170664275297895 0.108614683384076 0.407485415693372 0.305068825371563 0.367305365391076 0.960027140332386 0.836338263237849 0.493060555076227 0.751193486852571 0.828247067751363 0.417971318122 0.471553219016641 0.610737576382235 0.646502867806703 0.280404924182221 0.844461681088433 0.497106166323647 0.897311569890007
0.790798884583637 0.131532462313771 0.83982943277806 0.835841475520283 0.30751258158125 0.430526874028146 0.156598543049768 0.972136200172827 0.519587461138144 0.0118550071492791 0.534547279123217 0.506075508892536 0.841950393281877 0.0737595073878765 0.877903019310907 0.486445810180157 0.910662419162691 0.956673871725798 0.8275547248777 0.890862378524616
0.990217133425176 0.980357419233769 0.667569092940539 0.118995153112337 0.991085480898619 0.38830151152797 0.511792379431427 0.67644710931927 0.707590695936233 0.790915560210124 0.182135146809742 0.598996372893453 0.494380897842348 0.519336045254022 0.0241974042728543 0.180584382498637 0.479520615655929 0.141977788414806 0.747106491122395 0.13693712092936
0.833811045857146 0.741590724792331 0.597004596143961 0.576292577665299 0.800456761848181 0.154928882140666 0.484976346371695 0.286000896012411 0.21599597716704 0.275230188854039 0.449858209816739 0.373409806052223 0.688294903608039 0.809690360212699 0.962559356819838 0.764163399813697 0.471200864762068 0.447752092732117 0.256442516343668 0.450192627264187
0.650202698074281 0.768578113755211 0.318440045928583 0.792246764525771 0.339500867994502 0.069799767807126 0.134425990283489 0.701906235190108 0.73352261655964 0.343162864679471 0.00268986239098012 0.849951502401382 0.938532091677189 0.662037447094917 0.0177696978207678 0.884183817077428 0.527597336564213 0.132460933178663 0.969015318434685 0.640657707350329
0.706821150146425 0.948593984590843 0.845915399957448 0.581869111629203 0.136684683151543 0.0586933894082904 0.951422012178227 0.701689560431987 0.77532893139869 0.921403489774093 0.5224937973544 0.546157377539203 0.495217870688066 0.937453920021653 0.38405105448328 0.162977452622727 0.169844693504274 0.515303631313145 0.227255476871505 0.472157575190067
0.806573353940621 0.664878821466118 0.791898329742253 0.422548190690577 0.646454715169966 0.147973964223638 0.888107657665387 0.07755700009875 0.620909531600773 0.930372987873852 0.406888693105429 0.30413771700114 0.644775972701609 0.0552137708291411 0.787368769291788 0.180615499382839 0.963173801312223 0.623641079058871 0.376059551490471 0.479749767808244
0.389951136661693 0.34789333678782 0.202634196029976 0.225601523416117 0.323082299670205 0.263344801496714 0.49748743022792 0.687048191437498 0.0116874403320253 0.621564513072371 0.813615087652579 0.170805280096829 0.226851912215352 0.356620115460828 0.266380334272981 0.540737509960309 0.0985556819941849 0.900053187971935 0.690040275920182 0.196137848310173
0.313130310736597 0.0444431812502444 0.274330121232197 0.267870015930384 0.332926825387403 0.417309300974011 0.797938834875822 0.320434680441394 0.395576272159815 0.472630963660777 0.905262652086094 0.465265639126301 0.147423747461289 0.0198252748232335 0.0298544121906161 0.23608597391285 0.190291194245219 0.276581309735775 0.163136350689456 0.727180331712589
0.792341463034973 0.245242906268686 0.254020986380056 0.961493910523131 0.180040427483618 0.211491708410904 0.42235319619067 0.324663665145636 0.172542604617774 0.918556944467127 0.0977879329584539 0.866254273802042 0.436512577114627 0.352663823170587 0.723032605135813 0.78882750379853 0.184734873007983 0.444864733610302 0.705248730024323 0.823709006654099
0.747779782861471 0.2143569807522 0.118941622320563 0.0756306773982942 0.820163662079722 0.129189684754238 0.149221641942859 0.666475602425635 0.292372772237286 0.332559082889929 0.0371837755665183 0.942191804526374 0.185136882588267 0.623124988749623 0.0151836730074137 0.961104884976521 0.591056611388922 0.921870208345354 0.0428467167075723 0.388421344337985
0.43681737408042 0.255655863787979 0.923979316372424 0.112748365849257 0.778037954121828 0.914059895789251 0.0199442014563829 0.747076942585409 0.61736435466446 0.927205299492925 0.972132703056559 0.976181809091941 0.732782711973414 0.089115796610713 0.400718771386892 0.113340599695221 0.256227154983208 0.691982682095841 0.657008202979341 0.744111836887896
0.209937069565058 0.96560462214984 0.770310033112764 0.867948648752645 0.753197102574632 0.924609096953645 0.500942330108956 0.355712160468102 0.00257158488966525 0.608815954299644 0.939460747642443 0.0328377995174378 0.407981031574309 0.986215531593189 0.729206977644935 0.233983846148476 0.0157472330611199 0.924701010342687 0.835072586778551 0.52782378369011
0.535757526522502 0.411552887642756 0.152162906713784 0.185646986821666 0.38114586728625 0.872401184402406 0.975389642640948 0.772916694404557 0.828807288315147 0.617956437868997 0.261469820747152 0.134984595002607 0.540456500835717 0.993170447414741 0.299732438288629 0.599671970354393 0.148423171369359 0.679451211355627 0.392297864193097 0.221970950253308
0.943637962918729 0.939441632246599 0.700166820315644 0.0319475214928389 0.60039910604246 0.510038672480732 0.733349554473534 0.43623851146549 0.573184595676139 0.192659197375178 0.206572293303907 0.0770270943176001 0.311402388848364 0.594225019449368 0.520463546272367 0.12569047184661 0.173514898167923 0.316523903049529 0.767327350797132 0.662917688023299
0.495271816384047 0.927383652655408 0.614192025503144 0.998450594954193 0.410381575115025 0.563677293015644 0.180774591164663 0.774592130910605 0.337650031782687 0.496577275684103 0.888916922733188 0.96303611760959 0.546380745247006 0.809133816044778 0.568918183678761 0.156410513678566 0.053802395472303 0.991602775873616 0.343845697352663 0.227624122751877
0.653640153119341 0.619433959014714 0.615049553569406 0.97169704711996 0.344133380800486 0.33158775488846 0.513437414774671 0.144506191136315 0.720604133559391 0.77009847201407 0.527269941754639 0.166348213097081 0.0361039461567998 0.118171319132671 0.527960923034698 0.748429777566344 0.15056297974661 0.274208058835939 0.723736190004274 0.288000603439286
0.245541588868946 0.314175514271483 0.756776105612516 0.47462797886692 0.109923327807337 0.439140043221414 0.0567059724126011 0.211625508964062 0.531313604442403 0.0606068903580308 0.617754673818126 0.704802888212726 0.669147863052785 0.893988880096003 0.981914132134989 0.884924934478477 0.275639990577474 0.915337703190744 0.516437285579741 0.227101296186447
0.145260540768504 0.421500352909788 0.679428389994428 0.207738323602825 0.462769733509049 0.125673077302054 0.621979416115209 0.750631358474493 0.602099907817319 0.137955120997503 0.989572063321248 0.326995039358735 0.658875731984153 0.0369861379731447 0.435502001317218 0.483189045684412 0.875472184503451 0.9002446513623 0.701424564234912 0.391696058213711
0.41560611827299 0.489430237328634 0.272332746069878 0.00779676763340831 0.964856785256416 0.357673090416938 0.690992275252938 0.104522036388516 0.764225260121748 0.294858687091619 0.822271436220035 0.178223476279527 0.410573990317062 0.490906845079735 0.383463148027658 0.90989080700092 0.958494035061449 0.310113183222711 0.533803562168032 0.104022975079715
0.99555167532526 0.154949498828501 0.690963976550847 0.606413126457483 0.55492775910534 0.793481630273163 0.560972290113568 0.155021888902411 0.688528270693496 0.34292412805371 0.521739596500993 0.69093971978873 0.921295791631564 0.979879623744637 0.0329872497823089 0.956499544670805 0.468560560373589 0.543450786033645 0.707617553882301 0.718378595542163
0.787305995821953 0.280680912546813 0.311722381273285 0.825886523816735 0.0442577302455902 0.380304464604706 0.482459785183892 0.763898982200772 0.572129622101784 0.618960116989911 0.773809195030481 0.865771380020306 0.983787239529192 0.70030463882722 0.97725146706216 0.0896055896300822 0.0277119306847453 0.670080824289471 0.657907483400777 0.511092457920313
0.66008837078698 0.164267471060157 0.345930278068408 0.139983589528129 0.669947534566745 0.796403101878241 0.634433636674657 0.60173361049965 0.13960657431744 0.827148972311988 0.590046338737011 0.6354930405505 0.152009735582396 0.378963191760704 0.538644238142297 0.0620357426814735 0.336222175043076 0.419278172543272 0.296598218847066 0.544364603701979
0.405903915641829 0.899606471182778 0.389355611987412 0.29735299339518 0.612788419239223 0.578747386811301 0.61536735505797 0.579857785021886 0.635117776924744 0.498500672634691 0.351585839642212 0.632556815166026 0.89442532742396 0.159406573977321 0.0793890282511711 0.0559222046285868 0.549340544035658 0.556991829071194 0.35269238287583 0.390614761505276
0.150403544073924 0.91471102158539 0.107844551326707 0.521879682783037 0.713122043758631 0.109696367522702 0.771404547151178 0.211716512683779 0.0834210007451475 0.0680432610679418 0.696631339378655 0.671751029556617 0.411752112908289 0.948280827142298 0.0144963862840086 0.664795424323529 0.909520086832345 0.726619182853028 0.60985794221051 0.836008534068242
0.368762691039592 0.941246300237253 0.9346460592933 0.517931176582351 0.779877693857998 0.0901939163450152 0.894781250040978 0.704402601812035 0.9866983150132 0.016450353898108 0.593344772933051 0.153792954748496 0.631835495354608 0.880765851819888 0.0288018111605197 0.290773355634883 0.763715811772272 0.894511386286467 0.812221049098298 0.870314038358629
0.88313012663275 0.748889807611704 0.805560925044119 0.884444378782064 0.393313732696697 0.0708855707198381 0.0609526457265019 0.982153606368229 0.103674346813932 0.110402691876516 0.83983427612111 0.421123721869662 0.0694894315674901 0.125588802387938 0.796669717645273 0.500941812293604 0.311570739140734 0.105691607575864 0.66629772214219 0.935867226449773
0.180339307757095 0.544486018130556 0.343611406162381 0.142961294623092 0.357278627110645 0.886320788878947 0.763814521720633 0.894262225134298 0.227653052890673 0.886471934150904 0.38109055464156 0.776424811221659 0.855962662491947 0.197562617482617 0.00323491543531418 0.481998161878437 0.0490476253908128 0.832654173485935 0.989662480074912 0.184051499469206
0.324312846409157 0.66408547735773 0.502291221870109 0.487150303088129 0.419353522127494 0.451793779851869 0.549894275143743 0.341904730536044 0.872249622829258 0.0105921407230198 0.693543520523235 0.765660495497286 0.872823518468067 0.917802721029148 0.521003479370847 0.160834681708366 0.978375096805394 0.45015444047749 0.795034149894491 0.419139173114672
