Input Sample	B cells naive	B cells memory	Plasma cells	T cells CD8	T cells CD4 naive	T cells CD4 memory resting	T cells CD4 memory activated	T cells follicular helper	T cells regulatory (Tregs)	T cells gamma delta	NK cells resting	NK cells activated	Monocytes	Macrophages M0	Macrophages M1	Macrophages M2	Dendritic cells resting	Dendritic cells activated	Mast cells resting	Mast cells activated	Eosinophils	Neutrophils	P-value	Pearson Correlation	Absolute score
TCGA.18.3406.01A.01R.1031.01	0	0.04994552189106188	0.0992042002007694	0	0	0.042483620072796	0.016472308939889057	0.030128952117522735	0	0.06778195649016645	0	0.006559756225249807	0	0.01981352197163244	0.042543344406340125	0.042286258093027114	0.017877946013273367	0.005226197349220398	0.02086549453770662	0.0018699729973790775	0.009265791067718883	0.007110015388745416	0	0.5059229124647232	0.4794348577624988
TCGA.18.3407.01A.01R.1031.01	0	0.030598659684670126	0.09861989533927774	0	0.03819489879765106	0	0.024333720794978166	0.006758666474028798	0	0.05719563951017701	0	0	0	0.0699248885218407	0.032219811042543595	0.03247288675525564	0.0012175902678039328	0.01614930017320472	0.011476395957703866	0.015003345231341385	0	0.013839796568875065	0	0.5350005108751101	0.44800549511935184
TCGA.18.3408.01A.01R.1031.01	0.003024889922540695	0.001160347574389409	0.05485022955374673	0	0.004779219700745592	0.01009605889997885	0.007299700753800332	0.005022744534562343	0	0.05110972208384836	0	0.017781022928917624	0	0.007305535084731371	0.037131213837032384	0.08420848814459345	0.07481870601036478	0.0020054790441369997	0.05174108923081447	0	0	0.004601448201035048	0	0.46160053076877955	0.4169358955052384
TCGA.18.3409.01A.01R.1031.01	0	0.0007	0.008233853708836524	0	0	0.032330036904217506	0	0.001288577970511844	0	0.033505820169973	0	0.005046229957857307	0	0.08411413483281861	0.04515867036878864	0.08850668510527747	0.0682010218643665	0	0.008259959923645584	0.012073900309861487	0	0.0057593037826407355	0	0.4337529402987942	0.39317431904631583
TCGA.18.3410.01A.01R.1031.01	0	0.01983590943194716	0.035092108985298284	0.02023371730319372	0.012338979667990824	0	0.023956374846020482	0	0	0.06894956575992474	0	0.010501256726862808	0	0.07528740273937592	0.10753977793824955	0.009236868966374514	0	0.0005999999999999999	0.04619922823413624	0	0	0	0	0.5028093101697223	0.4297909040726177
TCGA.18.3411.01A.01R.1031.01	0	0.003708341243337508	0.06482258854259194	0	0	0.001564976761887235	0.026110577261422758	0.02000676641504011	0	0.01911318946544037	0.004464543999650195	0.008398072665820492	0	0.03395294338042646	0.04519711174040447	0.09378718528357377	0.05036422919994496	0	0.03767174084844001	0	0	0.004063084090270729	0	0.5399776361392692	0.413225350898251
TCGA.18.3412.01A.01R.1031.01	0	0.00671988636608837	0.04545056430006639	0	0.00779665591704905	0.00216401106940282	0.010605697147764355	0.017235754111186143	0	0.036398644145563624	0	0.004103287247479091	0	0.04617408892375947	0.05933964791356954	0.07378072414559428	0.014461821263478395	0.0015959189704179962	0.031611635469867685	0.007909373782046042	0.0005999999999999999	0.014114091715225872	0	0.3688908906872204	0.3800539534191081
TCGA.18.3414.01A.01R.1031.01	0	0.0010186024997590798	0.024542631986174384	0.01486077406082642	0	0	0.015249458811915464	0.03519487555103943	0	0.06742786116737169	0	0	0	0	0.025492257076852674	0.025093442452562734	0.016188907120017016	0.03428898455222543	0.04875623023668516	0.031960036232373944	0	0.06496402275598367	0	0.3445739191663573	0.4050380845037871
TCGA.18.3415.01A.01R.1031.01	0	0.02838221595608503	0.055189473194216986	0.01347391384587211	0.018360760011435526	0.006193350369653347	0.0694871591919911	0.012712860411823061	0	0.03535191249143066	0	0.017605852608678113	0	0.006485563724865256	0.04774331874668222	0.03314931091999073	0.011873205365332458	0.010199689285581447	0.05189933481052827	0	0	0.009945061312923697	0	0.4744459052347137	0.42805298224709
TCGA.18.3416.01A.01R.1031.01	0	0.01808442378195308	0.04457350396796102	0.06642735270028699	0	0	0.03746967164688368	0.0347841730736344	0	0.11921545013116058	0	0.041469518965442605	0	0	0.04686550302751149	0.04687421612104977	0.01315862928597254	0.008553778521641103	0.03052475515401865	0	0	0.006933551863811787	0	0.36559918496555865	0.5149345282413277
TCGA.18.3419.01A.01R.1031.01	0.007941050545233837	0	0.12962266179885512	0	0	0.00571314289463539	0.05329442780613151	0.019327357315014237	0	0.04074955961110154	0	0.0030876315377403683	0	0.05921135344522206	0.0369323773189862	0.025312621656276818	0.003996617441749999	0.0013363896060453251	0	0.026400306314655016	0	0.02651495561462465	0	0.3732091168097264	0.4394404529062721
TCGA.18.3421.01A.01R.1031.01	0	0	0.007373357340051847	0.04978437530141648	0.0015888857837862216	0	0.026453378352105848	0.015559789285845858	0	0.061540128634550294	0	0.02552723939515991	0	0.03946441192640618	0.07032322944694712	0.047590096831322995	0.004318806873156123	0.0228806354485872	0.02690435399984012	0	0	0.006009719510686366	0	0.47708951537805105	0.40531840812986253
TCGA.18.4083.01A.01R.1101.01	0	0.004357873250521763	0.0919795224825016	0.00801496325770574	0.0019118763876757934	0	0.024439471365398594	0.020037577550478667	0	0.04115608909410774	0	0.004115114897871257	0	0.0735481682757082	0.02894469837169722	0.036425045696278004	0	0.0023030830762597377	0.017733088452950498	0.003472158948392559	0	0	0	0.4554164218649198	0.35843873110754737
TCGA.18.4086.01A.01R.1101.01	0.009041063849572484	0	0.1273585969778031	0.01403424247289364	0	0.016588563877721153	0.0263643262831276	0	0	0.030451741206984337	0	0	0	0.04248084877174723	0.055353983321360475	0.03748765921726638	0.020433578584999276	0	0.02025213211285501	0	0	0.007470494710654928	0	0.6115507612166354	0.4073172313869856
TCGA.21.1070.01A.01R.0690.01	0	0.027934119573053688	0.05586503637551899	0.012055561944337538	0	0.007528197040396304	0.06757878902042272	0.017027532782786722	0	0.0659975127784986	0	0	0	0.04901338261976029	0.050599077520192805	0.08793463411170159	0	0.004273120397462763	0	0.01567812190254041	0	0.012632041493912687	0	0.4342162323813251	0.4741171275605851
TCGA.21.1071.01A.01R.0690.01	0.002624748242521054	0.0004	0.07944851703470684	0	0.004972639911265181	0.002727779577098196	0.028928929759084534	0.009626966794134547	0	0.0213064803102265	0.005307941127754574	0	0	0.12666165328717274	0.03911460828248303	0.04506423216728443	0	0.004061156711700201	0.014501050089770578	0.004920073919645789	0	0.017354968048610038	0	0.446466141717429	0.40706105213066124
TCGA.21.1075.01A.01R.0690.01	0	0.0778221009999069	0.04544691103688202	0.013298850339147163	0.006297957461078925	0.0028729318872869926	0.0004	0.021597115737405487	0.010082430416782407	0	0.008775284068372458	0	0.006157418094938675	0.005249343765997095	0.008080207692892019	0.060183730974364864	0.023418893781496235	0.015796018878981084	0	0.022267746283611993	0	0.004247074342680365	0	0.25480481603132804	0.33194810391911034
TCGA.21.1076.01A.02R.0690.01	0	0.00968901700862245	0.03138365312495688	0	0.014139791461354885	0	0.024429469937298907	0.01540243377551894	0	0.0359712762271528	0	0	0	0.22953214298707797	0.02271440734854723	0.0851332522685443	0	0.007481044436646914	0.02009635896169061	0	0	0.0007	0	0.6780091336567226	0.49667134417218145
TCGA.21.1077.01A.01R.0690.01	0	0.021320318893049868	0.13165586652209738	0	0	0.007484393012137126	0.010791175503097264	0.006484422867588318	0	0.017665685701438054	0	0	0	0.10746803067205303	0.008853397452128537	0.055650070732294284	0.003930125356291294	0.0014267520534075118	0	0.012703060525286145	0	0.002466322624367551	0	0.5464593559622701	0.38789962191523636
TCGA.21.1078.01A.01R.0690.01	0	0.05523143662094975	0.03797127016668133	0.03975511013101677	0	0.013853305530561456	0	0	0.017477944638474855	0	0.030059520322632975	0	0.008593105173312365	0	0.008967427723051827	0.05443223442635549	0.009508143189509039	0.015909511780875338	0.043795331679242835	0	0	0	0	0.11071310563653164	0.33555434138266405
TCGA.21.1079.01A.01R.0690.01	0	0.0032014521740575774	0.05683246698106235	0	0.008877176485136723	0.02472453066259211	0.0012953403874560669	0.007629106483129739	0	0.0161035409815649	0	0.018701213506557606	0	0.09450007411230688	0.01391002960182898	0.0683032858957483	0.009949656547030583	0.009978513937519917	0	0.020928831072544698	0	0.004802345678807815	0	0.46005125512901546	0.35973756450734423
TCGA.21.1080.01A.01R.0690.01	0	0.04326031063775948	0.057407367919019806	0.025785601505447658	0	0.0004	0.041029309893998604	0.02738732684214354	0	0.04732518595372659	0	0.005190734772787182	0	0.010209598376334403	0.021445822917170176	0.04926320919506901	0.0076409921032986805	0.017242624333839256	0.021656299551511344	0	0	0.0011114970829369207	0	0.3878391415923767	0.37633602076715217
TCGA.21.1081.01A.01R.0690.01	0	0.020119029380818897	0.07287867784317552	0.015538945495150475	0	0.029779876783254645	0	0.01172606645401271	0.0023142874635078167	0	0.02084313469700544	0	0.0032670638640116237	0.03441158477090521	0.00635835392438648	0.06427117829934513	0	0.008823335208456651	0	0.03237773394785504	0	0.021771896862931597	0	0.46797754623083254	0.34448116499481723
TCGA.21.1082.01A.01R.0690.01	0	0.03773481096623534	0.12427556195355187	0.0004	0.005099517548413201	0.013490888464926213	0.011881438638905912	0.022333793887280608	0	0.026250612383694197	0	0.0069894674259050925	0	0.04149791995298968	0.022334515715565127	0.032564786667357536	0.0024284018868799243	0.027911902097099397	0.031687389646880046	0	0	0.0008	0	0.663418940618686	0.4077231501802382
TCGA.21.1083.01A.01R.0690.01	0	0.04053883215899269	0.0644597980481307	0.002620460573389776	0.004818851341745241	0	0.05712517120804475	0.025947559756124297	0	0.025517174618053494	0.0026794612271459992	0.006216698932983794	0	0.018334986867484804	0.05083622769822555	0.06671157812478173	0.007944319254028465	0.014911394950002082	0	0.011637744956648082	0	0.004572128966729082	0	0.45397477206634623	0.4048723886825106
TCGA.22.0940.01A.01R.0690.01	0.014192626341199744	0	0.06692086646393232	0	0.01073622114507479	0.0003	0.07413682792432255	0.0393231379341183	0	0.052339729649515866	0	0.033103670057533265	0	0.006440701825124249	0.036806746666413204	0.05542020825679976	0.02458560184734076	0.009639305127102132	0.020812289913786405	0	0	0.0024575946510299626	0	0.5351434451619846	0.4471932767798875
TCGA.22.0944.01A.01R.0690.01	0.006701212323749377	0	0.1334262824883277	0.011666096226595257	0.006259329843516075	0	0.0004	0.008850919759074418	0.006759317217877647	0	0.0100576265737965	0	0	0.07084836287816985	0.010785818093181174	0.033787358590093984	0	0.024112368253209723	0	0.03365834692764998	0	0	0	0.42439261271772616	0.3572667495393884
TCGA.22.1000.01A.01R.0690.01	0	0.026120934170015986	0.07807758861521379	0	0	0.008213933510670172	0.019901373833485336	0.015149566855702224	0.0012774915466073498	0.05461090479981571	0	0.004567138585838276	0	0.08749487151597063	0.017852190926421534	0.08263789985362671	0.03167063507364907	0.0012495838642658157	0.0426053950298851	0	0	0.006870917203156172	0	0.5501074014091479	0.4783004253843239
TCGA.22.1002.01A.01R.0690.01	0.003935465483184216	0.02938491568167944	0.06787651989299495	0	0	0.020514418323183247	0.008853117880881793	0.020988501497450802	0	0.0526579978667072	0	0.011498632070519129	0	0.014470376254773723	0.022284079671431332	0.08048623097025713	0.008771089102850462	0.018161362813428172	0.028607998832140796	0.008667691459410319	0	0.030652457310103163	0	0.2937198556143678	0.42781085511099587
TCGA.22.1005.01A.01R.0690.01	0	0.0350124921587333	0.2033378186484085	0.021965116278873317	0.0036435046253841985	0.010266744970752247	0.04273309963084527	0.003331023261881581	0	0.04334337708685833	0	0.011977775113922243	0	0.029463720231128056	0.03661966816583038	0.025497125747038114	0.004168519566438359	0.005177175582347415	0.03039589439722129	0	0	0.005578413053814536	0	0.7572383340260641	0.5125114685194772
TCGA.22.1011.01A.01R.0690.01	0	0.03875853247867586	0.19220005056874925	0	0.0015417935675197951	0.02731916417597211	0.02423490429238554	0.015161729518822697	0	0.02581926975459717	0.0005	0	0	0.024755156410985996	0.026208242492895134	0.02716414486169143	0.0042854089802979506	0.004505696022317815	0.008577992283981284	0.022575488253633712	0	0.004467548130650975	0	0.7028602768418094	0.4480729007721203
TCGA.22.1012.01A.01R.0690.01	0	0.04271683259919352	0.03535908746545864	0.018370532942150426	0	0.02331271150211454	0.01062164353003897	0.02476567892384353	0	0.02791598178271534	0.0015358965749189748	0	0	0.10794398435455482	0.04313536814213868	0.03540857999185936	0	0.009758758125110602	0	0.02707092510949641	0	0.005199730971828104	0	0.4697454724803446	0.4131157120154219
TCGA.22.1016.01A.01R.0690.01	0	0.010991465392381744	0.03413974851957244	0	0	0.05581506328541136	0.008958805998106462	0.015827827883031827	0	0.004469255651473564	0	0.011173385388543879	0.013097927304467518	0.0704012905770312	0.0036148535883828727	0.06116885889417519	0.006600562899438037	0.053495209082157685	0.04899960854953895	0	0	0.035286297394641876	0	0.36037995185955024	0.43404016040835464
TCGA.22.1017.01A.01R.0690.01	0	0.04047324387149661	0.06813645885176708	0	0	0.02782187494120119	0.02665446774637272	0.029575027722536607	0	0.03875700461618194	0	0.020468720727467943	0	0.03230884643911918	0.016392587793217762	0.05001027722349329	0.01141196624354909	0.013744598279828416	0.05605082535842715	0	0	0.007221855617855719	0	0.38100703157227883	0.4390277554325147
TCGA.22.4591.01A.01R.1199.01	0	0.012125329616065786	0.0444061977474349	0.018381445260974127	0.0023053587626703028	0	0.0019063680187469353	0.01804542037570763	0	0.025556734632445885	0	0.02930314996490739	0.0019281469993364976	0.021549687597623775	0.04586291284205354	0.09515467004384773	0.017565524088277135	0.0014724741857290449	0.0386991801132302	0	0	0.0009	0	0.34744640735982335	0.37513993336375767
TCGA.22.4594.01A.01R.1199.01	0.006494076979239944	0.010702200141103	0.2315460779941324	0	0	0.02480019195555787	0.02198036434250861	0.00902138387358359	0	0.0424297990014174	0	0	0	0.04238070107122627	0.030017178491107858	0.03275082390274542	0.016377109777128935	0.0001	0.01050351140667252	0	0	0.010038710962891304	0	0.6118129706453213	0.4891876475514366
TCGA.22.4595.01A.01R.1199.01	0	0.04433154284790511	0.10226500508181009	0	0.010692733915547821	0.022687120889365368	0.012488607117719604	0.014287763100136975	0	0.03884568445424573	0	0.02113165230155535	0	0.036366474430521864	0.03509490682470567	0.03827145329509836	0.018642613276381496	0.007967374982584227	0.038845862002834255	0	0	0.020513897035376597	0	0.5882753838615496	0.46243269155578853
TCGA.22.4596.01A.01R.1199.01	0.004451205607641517	0.008475797590399282	0.0630927348904762	0	0.004971141124009041	0.06389900933907706	0.036164669241528356	0.02723732522971625	0	0.06024465705342968	0	0	0	0.07097549407917404	0.06047871398786844	0.07480357229628935	0.07571829987076634	0.009103611713854978	0.08896448333441058	0	0	0.018712810574711646	0	0.45803783603891396	0.6672935259333528
TCGA.22.4604.01A.01R.1199.01	0	0.01677461324879971	0.06258638576515606	0	0.0023769012291030385	0.005892437003786003	0.018040834649580968	0.024540901946452014	0	0.0403251907397226	0	0.0001	0	0.07445822994821193	0.04505021555431958	0.061701233370203674	0.007649611545765049	0	0	0.061400988824024845	0	0.007555568609223966	0	0.5324583703399481	0.42846807884384674
TCGA.22.4607.01A.01R.1199.01	0	0	0.0994841256692845	0	0	0	0.009799120490722494	0.008638791733623878	0	0.04051205664911911	0	0	0	0.08279750847898207	0.019348961278357685	0.054770123810885994	0.007902972976826935	0.015503784357708737	0.00907480467661461	0.020852111648742528	0.005858810240065762	0.023719545956292318	0	0.5480754636197771	0.3982627179672266
TCGA.33.4532.01A.01R.1199.01	0	0.02338739751530046	0.03343037284578198	0.006327065295568773	0.0024094078380005827	0.016207047541899947	0.014487480884590651	0.025470663540376914	0	0.021678292679302907	0	0.01163881809333756	0	0.05366349884788374	0.020306816420672103	0.04265316318070911	0.015856610094182606	0.006180688513462779	0.012419183600043517	0.03261583941719298	0	0.010021952645299962	0	0.2109071263018539	0.34875429895360655
TCGA.33.4533.01A.01R.1199.01	0.005562439764746184	0.0002	0.05563858849495067	0	0.006446460264561122	0.02306832699273681	0.01587916958463108	0.004533537254645411	0	0.03531010560388403	0	0	0.009237384879328145	0.060421158741255865	0.0161084537283029	0.016874234439396563	0.05285967264373924	0.007479517078948221	0.05612471680779886	0.010381749503888158	0	0.003627482803000824	0	0.2901320306075545	0.3797700121407674
TCGA.33.4538.01A.01R.1199.01	0	0.03553987766754522	0.05132999304150013	0	0.01992731034898497	0.018098182250631187	0.008187090965103989	0.022766383501705865	0	0.022389743804821827	0	0.013088211560503743	0.003957610617214792	0.02567513272926528	0.04442758989033204	0.038006160290745425	0.03577561681566054	0.0015515510996177188	0.04325346736244781	0	0	0.013633895340566722	0	0.46841717829268226	0.39760781728664724
TCGA.33.4547.01A.01R.1199.01	0	0.010290230940202334	0.12202619007606255	0.003599557242906243	0.009279982006741934	0.023835301482307454	0.024034012022396016	0.003101975092913884	0	0.010367054486495957	0	0	0.0034288782865995668	0.044590916065497345	0.022612588250232418	0.03492310903740018	0.027325197605652617	0.0056193938787510184	0.06839266989725407	0	0	0.018981850542313022	0	0.6184907220512141	0.43240890691372663
TCGA.34.2596.01A.01R.0849.01	0.02942982517853639	0.0384125508112571	0.0927689429880265	0	0.014742610315234326	0.01911417633534601	0.006343317358908578	0.03473397412710121	0	0.05874286322842619	0	0.0014885168315068621	0	0.03335280322052017	0.03613218154078774	0.03989766273317955	0.005521529086219457	0.005402409550847575	0.01578127097546603	0.0015681786675074518	0	0.01577905190038451	0	0.569916459436237	0.4492118648492557
TCGA.34.2600.01A.01R.0849.01	0	0.01632478815210254	0.028557549534526112	0	0	0.027151724406955305	0	0.047685200537146095	0	0.03194774740935078	0	0.02837106568588394	0	0.02095171023787791	0.04376384944008072	0.034750257886183425	0.02556758780836811	0.007785038120308786	0	0.06768153812398482	0	0.003278918104703194	0	0.3104770789438175	0.38381697544747173
TCGA.34.2604.01A.01R.0849.01	0.0034411667650386234	0	0.022565821682868956	0	0	0.02115327516013211	0.009227213569240743	0.021284258520061723	0	0.03190770232081019	0	0.012137774265427368	0	0.12120228566168145	0.01988086677625796	0.07465651058795057	0	0.06782237694852115	0.026556172703385235	0.0017664385090630215	0	0.031029354772195167	0	0.32598335169320786	0.46463121824263426
TCGA.34.2605.01A.01R.0849.01	0.0078120414390425745	0	0.12864101895099336	0.0008	0	0.00982426547299523	0.010391610477117215	0.024065094057256074	0	0.0402829075062905	0	0.009031309788962228	0	0.10346845943742111	0.03651357121090061	0.04967973443638165	0.003438305692063069	0	0	0.024907367621802998	0.0002	0.00270827667477118	0	0.5897857568716396	0.45183104828409715
TCGA.34.2608.01A.02R.0849.01	0	0.02483673324964456	0.07583606146596651	0	0.0013084522000231524	0.01729729795507839	0.01214187616003053	0.007656364487740281	0	0.04014398817768852	0	0.0029433924841799955	0	0.12190556186985788	0.049134534118608235	0.06380517033097435	0.01860178146639999	0	0.04066823900331221	0	0	0.013763750674462965	0	0.5906956684952106	0.4900432036439676
TCGA.34.2609.01A.01R.0849.01	0.016313746368786727	0.012608758895207425	0.05155717809422066	0	0.013863243546602773	0.02972673924810924	0	0.010446315730762877	0	0.045001842968573916	0	0.01792715712609831	0	0.059419543589121084	0.04065924546042964	0.06055557837749775	0.033985913414510543	0	0.061198517880485116	0	0	0.01315368584313136	0	0.4046376784765487	0.46641746654353744
TCGA.37.3783.01A.01R.1199.01	0	0.0536048164961057	0.033903812979238473	0	0	0	0.042888689636306515	0.05039599038804063	0	0.07391589452061133	0	0.016909581858648565	0	0	0.04009402324798872	0.042810506147237484	0.01386276918672019	0.0385118411085874	0.004203240946099458	0.034902663961155656	0.0001	0.030861345097481986	0	0.46252935260788103	0.4769582544311217
TCGA.37.3789.01A.01R.1031.01	0	0.0014628362020932591	0.009506463836013666	0.020854067195461217	0	0	0.058668870815481874	0.024544651825737222	0	0.034156496653301706	0.0002	0.007770964985706438	0	0.04359220296970677	0.06137216104202295	0.07481527779553673	0.06594569008028142	0.021918813627689836	0	0.01794884738953926	0.0012544068901101419	0.022843629111075524	0	0.39918462583850767	0.46688641143205245
TCGA.37.3792.01A.01R.1031.01	0	0.005411479394103748	0.007435346024662456	0	0	0	0.03095627902925168	0.010112873120244645	0	0.045301230020114325	0	0.013674208398042764	0	0.16316152438748463	0.044532678565354436	0.13553032648073274	0	0.005524015213739601	0	0.03827661365050608	0.007186723929579363	0.0254675419851325	0	0.5894904130480848	0.532570840198949
TCGA.37.4129.01A.01R.1101.01	0.001963865912449139	0.0001	0.0008	0.0005999999999999999	0	0.016857081173610775	0	0.012200285290825796	0.002440418043958979	0.014886900914315642	0	0.023641197175983918	0.011996656135717104	0	0.0010351523276440507	0.10144292050726363	0.014181804399672891	0.009363027603065776	0.05621085884893338	0.03730354200152328	0	0.006520923406124735	0	0.13014361067265906	0.31151346955028275
TCGA.37.4130.01A.01R.1101.01	0	0.025999420662361095	0.051976116803670806	0.022522316622186473	0	0	0.07461904636570062	0.0334114598929542	0	0.09939085403131598	0	0.03828108803121621	0	0.04948434830840402	0.03160176402532602	0.033541781366304334	0.0076578017973429864	0.0003	0.016506344479337055	0	0.0020280879086570173	0	0	0.4964075201041776	0.4872989581360239
TCGA.37.4132.01A.01R.1101.01	0	0.009506642078606133	0.11994083231732262	0.014621637583506082	0	0	0	0.04156182019866461	0	0.06458156920923708	0	0.019629547483514913	0	0.05326567761352429	0.05039113136059325	0.033271864167932624	0	0	0.0011363514586835357	0.018397526923078104	0	0.004572028827795246	0	0.5093455180074247	0.4308766292224585
TCGA.37.4133.01A.01R.1101.01	0	0.018077976607227094	0.08270879486565948	0	0.0038382345164399354	0.017380887265294544	0.019277897716193523	0.022257841250869	0	0.04953127793598971	0.0002	0	0	0	0.04646375886422864	0.09346945937608199	0.010166602332268068	0.012821090081361817	0.0069703109286175305	0.010652880486032534	0	0.010946887417384737	0	0.5636361201820087	0.4047384914236693
TCGA.37.4135.01A.01R.1101.01	0	0.007845310807017348	0.10001993253205889	0.023842453758880264	0.0026792222990111303	0	0.0036250746833070852	0.018505555359399996	0	0.01995115241442428	0	0.002664145648274806	0	0.003735074201441521	0.052156445515066846	0.12249066183798452	0.005095651642966319	0.006457910689595644	0.008870185249928374	0	0	0.007111797465959625	0	0.4691491415812649	0.3850505741053166
TCGA.37.4141.01A.02R.1101.01	0	0.022255838978791645	0.05855959264240521	0.01427819680868278	0	0	0.046721475153896665	0.024995101941231515	0	0.05483822676311606	0	0.00971929001828253	0	0.02365497586603781	0.031194220968432416	0.05976500972899939	0.012085406222833925	0.003723619516777767	0.017707506866687303	0.013790715791386568	0	0.0014728672436666354	0	0.48070087677933254	0.3947620445112282
TCGA.43.2576.01A.01R.0849.01	0	0.048234590200891325	0.09153590163628712	0	0	0.029030401288360208	0.026822780907416886	0.03033436349388236	0	0.05263911738974275	0	0.014766731721651936	0	0.11936627039550517	0.03323680670573195	0.05655288616064337	0.006356538282959195	0	0.010193622406761887	0	0	0.0036928967287641872	0	0.5659605116805376	0.5227629073185983
TCGA.43.2578.01A.01R.0849.01	0.004176475076922341	0	0.13956941019571906	0.014137760295772664	0.003026045546446382	0	0.004309191059013571	0.011766844753966834	0	0.034276694056104264	0	0.021158052069674266	0	0.03293772970790281	0.047856522310160056	0.0511979684473635	0.005828653739749712	0.002959446754611918	0.03612827987665769	0	0	0.006496381065973072	0	0.5517736652995312	0.4158254549560381
TCGA.43.2581.01A.01R.0849.01	0	0	0.10863160359148108	0	0	0.018751553540941768	0.004691998803797531	0.00866062699202594	0	0.05262417846089574	0	0.00715134709559408	0	0.1938720301695585	0.031238861595839756	0.06201878854802393	0.0448375110424242	0.0026166362463076187	0.01214456579291079	0.006437576989977031	0.0070975819039115606	0.007767679550454837	0	0.5727605182749824	0.5685425403241444
TCGA.43.3394.01A.01R.1031.01	0	0.02238240058204072	0.06470381445511661	0	0	0.01852633514141395	0.004797155581869907	0.023252388596888943	0	0.011436700135977826	0	0.001583103515476218	0	0.1111603157585353	0.02084513699977876	0.05400266793764214	0.0038624298338073185	0.0007	0.02544682192539304	0.006668449646482192	0	0.006352171064530582	0	0.28934297338388615	0.37573116024975606
TCGA.43.3920.01A.01R.1031.01	0	0.029922133057655585	0.05445021928242394	0.023535451001596	0.005728791733820843	0	0.016201318285638908	0.026746867177510777	0	0.06549321056612993	0	0.03447285772720337	0	0.02552946442107072	0.020045448470074726	0.0655608547849573	0.006108430737754997	0.0034192449799343677	0.013429636553247953	0.013515932019809253	0	0.013272589275825883	0	0.34510430121772634	0.41743245007465457
TCGA.46.3765.01A.01R.1031.01	0.001	0	0.12856014739038926	0	0.010265029366253866	0.03214374758403119	0.02745109479699188	0.001980756796848196	0	0.050317730787317085	0	0.00275760673540312	0	0.055650187792560396	0.0537201886956883	0.038533077232088916	0.004577457648872153	0.0003	0.02787830090364969	0	0	0.0054919344167832385	0	0.5601526557346038	0.4406050843649961
TCGA.46.3766.01A.01R.1031.01	0	0.020387408612288483	0.10298561190347913	0.009983126202322164	0	0.015477223972459745	0.023639934981818485	0.004865999842161223	0	0.07075586907285296	0	0.016236607891993198	0	0.0565502889099418	0.04109012090926398	0.05313007263746874	0.03265634990760148	0.011585328572044251	0.10972091252249644	0	0	0.005420458605999748	0	0.6120606404013373	0.5744853145441918
TCGA.46.3767.01A.01R.1031.01	0	0.05615672154520839	0.048245407639173205	0	0	0.05059001318082226	0.020373444673711247	0.026969023576217447	0	0.06621613854346209	0	0	0	0.0606753410272066	0.03824189155533513	0.03886446510371253	0.01089318024816355	0.004549921284432134	0.0856814672318384	0	0	0.010479041919317741	0	0.5023232324034955	0.5179360575286007
TCGA.46.3768.01A.01R.1031.01	0	0.015892259253483008	0.018869213598708256	0.011515957305299925	0	0.005065937244511742	0	0.020929769511889157	0	0.04705948815252135	0	0.008328533290873586	0	0.0776901425199447	0.016557391303828176	0.06192949857125571	0.0152066097482915	0.0010921752656502068	0.04631193452190789	0	0	0.008596234782097934	0	0.336533883646474	0.35504514507026314
TCGA.46.3769.01A.01R.1031.01	0	0.06732273209850342	0.04174132920434481	0.006721772115376802	0.006103040026261061	0	0.020700026046970695	0.027999690649998576	0	0.06136157574775929	0	0.008679367319788151	0	0.011616046220454257	0.05832307473803514	0.09189579907126	0.01757487922864397	0.018182886054049444	0.0018272471337637982	0.00919630292093414	0	0.011575929256143019	0	0.41803643500093257	0.4608216978322866
TCGA.51.4079.01A.01R.1101.01	0	0.005866519885398573	0.09611168169370644	0.007352135230209219	0.0021085435703303173	0.019758111731808022	0.02487436474298896	0.01607725300141325	0	0.04039971349134964	0	0.014797059604544551	0	0.04706358598652168	0.04491029284797223	0.051163086635463415	0.014117317186940741	0.0005	0.00874655562959953	0.014757696431563728	0	0.012577444566583409	0	0.5113068754068929	0.42113145589033274
TCGA.51.4080.01A.01R.1101.01	0	0.01572680947289789	0.01526151553872437	0	0.0028347133200982907	0	0	0.02146006782782225	0	0.030018504494367514	0	0.013584539495129902	0	0.09491736416944781	0.03785691358085472	0.07248813173082498	0.010501956095006516	0.006195117288696035	0.0029258228407670886	0.020810730980761763	0	0.006856492359467226	0	0.26545276921518735	0.3514386791948664
TCGA.51.4081.01A.01R.1101.01	0	0.0087477439321869	0.02020790716273005	0.008824899302097886	0.012578331072499614	0.0036634959696611362	0	0.0036420854897236837	0	0	0.00375826447005955	0	0	0.1597057404117505	0.006781682391350017	0.07110404110883563	0.0037348669517979095	0.0013645361744653388	0.011343508825636967	0.005538772159094561	0	0	0	0.5331845262131777	0.32099587542188973
TCGA.56.1622.01A.01R.0690.01	0	0.03134192658063801	0.033265042294362966	0.02790599642913183	0.020725089938577485	0	0	0.025716264802906754	0	0.0047468577421229145	0	0	0.004344645536120062	0.04052628899504964	0.008316101144171903	0.012517339145073653	0	0.02779963729985873	0	0.09463072366415216	0	0	0	0.22396227285506912	0.33183591357216613
TCGA.60.2695.01A.01R.0849.01	0.00580119490735915	0.0029316227196722923	0.09636582494080081	0.015156079295053037	0	0.013493316622147151	0.006499528283670333	0.0180438889952598	0	0.07614358970508701	0	0.012856797511737397	0	0.04945908272898317	0.0559077750859164	0.05007419052990867	0.008426831295978711	0	0.011065079228583248	0	0	0.012747916795493539	0	0.5425676919697577	0.43497271864565074
TCGA.60.2696.01A.01R.0849.01	0	0.029856542066748922	0.078561598609652	0	0.0026948243250189217	0.02879820738518118	0.0271727386190533	0.019013944154133457	0	0.06476843928739394	0.0004	0	0.0005	0.012908979132444402	0.051870428275194516	0.047082624972343196	0.035677923518281834	0.038312183883411975	0.023769325398321946	0.011848960347533164	0	0.031906071918441734	0	0.5667205893512273	0.5051868795158144
TCGA.60.2698.01A.01R.0849.01	0	0.07003284690895537	0.03656581524249268	0	0	0	0.03100005674628021	0.03246134887442411	0	0.13411849446972587	0	0.0152450448176931	0.001399740030489681	0.05369323782482507	0.054615918923980177	0.04520448751696213	0.03335802948079756	0.015578829659328036	0.06856694188313779	0	0.0046083850467737554	0.019998404645208342	0	0.35268747407129963	0.6164475820710739
TCGA.60.2706.01A.01R.0849.01	0.002545769031808728	0.0023609042370580924	0.08625610930552673	0.0002	0	0.005240669251135066	0.05240692367354985	0.008610568810373535	0	0.07467649919212721	0	0.003196426341423894	0	0.08653016968542725	0.06008810811817733	0.06922876296724041	0.008982843785601005	0	0.03933948851612478	0	0	0.015130243471150202	0	0.5131895946306066	0.514791948337524
TCGA.60.2707.01A.01R.0849.01	0	0.030681150742443725	0.043172668994361584	0	0.006097365202450316	0.042163874710620254	0	0	0	0.028677132018674615	0	0.004883005035861575	0	0.07860071683572929	0.003264104188260612	0.053273222098414535	0.00249762393879131	0.018356497746000434	0.025936205168937004	0.01784796923881268	0	0.057103110155420966	0	0.3347366523365632	0.4125546460747789
TCGA.60.2708.01A.01R.0849.01	0	0.02906267624623869	0.022193073968486843	0	0.017882668050227073	0.019640790647967536	0	0.0032436916659803277	0	0.0016350603091398203	0.006033275137349526	0	0	0.11012659990649543	0.009125252337001389	0.05571766890654583	0.027537589865739703	0.012779101809005416	0.05631785862151807	0.016812305458726303	0	0.010999959914672522	0	0.282600998837853	0.39910757284509446
TCGA.60.2710.01A.01R.0849.01	0.004689984593070259	0.007262390343699966	0.07347414114016979	0	0	0.03533105325724324	0.01890905477848562	0.0287048444769045	0	0.03931516983842974	0	0.014018849387074775	0	0.08743442218553714	0.0493848556637013	0.042249079129624945	0.031895674764361705	0.004792061640781655	0.060813746250583126	0	0	0.010263704714143259	0	0.5426903863076561	0.508539032163811
