Input Sample	B cells naive	B cells memory	Plasma cells	T cells CD8	T cells CD4 naive	T cells CD4 memory resting	T cells CD4 memory activated	T cells follicular helper	T cells regulatory (Tregs)	T cells gamma delta	NK cells resting	NK cells activated	Monocytes	Macrophages M0	Macrophages M1	Macrophages M2	Dendritic cells resting	Dendritic cells activated	Mast cells resting	Mast cells activated	Eosinophils	Neutrophils	P-value	Pearson Correlation	RMSE
TCGA.18.3406.01A.01R.1031.01	0	0.10417585672169	0.20691902761166	0	0	0.088611855109831	0.034357757910157	0.062842641519843	0	0.14137886386216	0	0.013682263764306	0	0.041326840042496	0.088736432523315	0.088200210891138	0.037289633816684	0.010900736275822	0.043521013694616	0.0039003608048224	0.019326479759192	0.014830025692269	0	0.5059229274139998	0.8642179677555643
TCGA.18.3407.01A.01R.1031.01	0	0.0682997410437	0.2201309953761	0	0.085255425628164	0	0.054315674089831	0.015086123748625	0	0.12766727251028	0	0	0	0.1560804253271	0.071918339060837	0.072483233158143	0.002717802233994	0.036047103241361	0.025616638572434	0.03348920210133	0	0.030892023908105	0	0.5350005105999872	0.8493190177537485
TCGA.18.3408.01A.01R.1031.01	0.0057985187333239	0.0044473428242245	0.13255789494674	0	0.0013174493851003	0.028252200898929	0.018244234326823	0.011977932111831	0	0.12211685969884	0	0.045054890871776	0	0.018363244780293	0.089912631763451	0.20299066160559	0.18082624653747	0.001689494380227	0.12546620874388	0	0	0.010984188391514	0	0.46146052131674187	0.8879155762650206
TCGA.18.3409.01A.01R.1031.01	0	0.0026015443197495	0.021069227656335	0	0	0.088098232186579	0	0.0028234071321917	0	0.082973016306759	0	0.012727884241961	0	0.21192827624651	0.11495802258431	0.22398439446053	0.1726064861011	0	0.020831331007084	0.030910741642519	0	0.01448743611437	0	0.43381817121784766	0.9026279986375056
TCGA.18.3410.01A.01R.1031.01	0	0.046152463702669	0.081649259497838	0.047078049565766	0.028709262291388	0	0.055739604154138	0	0	0.16042583728185	0	0.02443340848382	0	0.17517216392167	0.25021417845283	0.02149154091659	0	0.0014418952955739	0.10749233643586	0	0	0	0	0.5028093100361374	0.8644164266258492
TCGA.18.3411.01A.01R.1031.01	0	0.0091501110186424	0.15726583145968	0	0	0.004339222071032	0.062751673879088	0.048471834962102	0	0.046425352425559	0.011439748801446	0.019971404713879	0	0.082305028726571	0.10838930255519	0.22866974463667	0.12145687239799	0	0.089469844850272	0	0	0.0098940275018819	0	0.5393271076646133	0.8504244777178094
TCGA.18.3412.01A.01R.1031.01	0	0.0175850112903	0.11975526453099	0	0.020270600139792	0.008398646237036	0.027677743719417	0.043812931888463	0	0.094454572479738	0	0.011290413461399	0	0.1222000111282	0.15594464298073	0.19331221280306	0.03788205472052	0.0042825189046409	0.083956763268065	0.020645207721577	0.0015252615014631	0.037006143224612	0	0.36887399080915556	0.9317463368312674
TCGA.18.3414.01A.01R.1031.01	0	0.0025148308072707	0.060593392961627	0.036689821090333	0	0	0.037649444738716	0.086892755049136	0	0.1664728913251	0	0	0	0	0.062937925899418	0.061953291154454	0.039968852910618	0.084656197851039	0.12037443465765	0.078906249363132	0	0.16038991219151	0	0.34457391859115094	0.941727083365652
TCGA.18.3415.01A.01R.1031.01	0	0.066305380488111	0.12893140680789	0.031477211323389	0.042893662915285	0.014468654179427	0.16233307992914	0.029699266919463	0	0.082587702783607	0	0.04113007868809	0	0.015151310379392	0.11153600254813	0.077442075126928	0.027737700312472	0.023828100437256	0.12124511918458	0	0	0.023233247976844	0	0.474445905018012	0.8821503488630275
TCGA.18.3416.01A.01R.1031.01	0	0.035119850701139	0.08656149772768	0.12900155095044	0	0	0.072765894731763	0.067550671169287	0	0.2315157432768	0	0.080533575909885	0	0	0.091012547171605	0.091029467955015	0.025553985354175	0.016611390454946	0.059278905313973	0	0	0.013464919283284	0	0.36559918510907435	0.9411879298437561
TCGA.18.3419.01A.01R.1031.01	0.018144692994222	0	0.295252064391	0	0	0.013053628558852	0.12136854074321	0.043782078842809	0	0.092442345721532	0	0.0068826711568771	0	0.13456564636925	0.084275361850031	0.05756096365179	0.0090542596691197	0.0031249729910051	0	0.060178313481516	0	0.060314459578785	0	0.3733798094429918	0.9317508600028831
TCGA.18.3421.01A.01R.1031.01	0	0	0.018191518415999	0.12282781666818	0.0039200918943058	0	0.065265674458335	0.038389051294295	0	0.15183156584329	0	0.062980705346988	0	0.097366443680189	0.17350119735883	0.11741410111274	0.010655343334408	0.056451015515166	0.066378318049417	0	0	0.014827157027856	0	0.4770895153126807	0.8789426207532639
TCGA.18.4083.01A.01R.1101.01	0	0.01215793081276	0.25661156135605	0.022360762135535	0.0053339003010218	0	0.068183121252885	0.055902378221207	0	0.11482042956829	0	0.011480664659536	0	0.20519034877804	0.080752150584802	0.10162140006407	0	0.0064253185376358	0.049473137036088	0.0096868966920794	0	0	0	0.4554164219889005	0.8897823083977802
TCGA.18.4086.01A.01R.1101.01	0.022196617705357	0	0.31267666538104	0.034455311337208	0	0.040726399426233	0.064726763518186	0	0	0.074761734638801	0	0	0	0.10429426086315	0.13589894784481	0.092035533097278	0.050166250998758	0	0.049720787163158	0	0	0.018340728026022	0	0.6115507578000264	0.8004340648927379
TCGA.21.1070.01A.01R.0690.01	0	0.058918183573366	0.11782960991751	0.025427391791074	0	0.015878349967207	0.14253606675273	0.035914188694354	0	0.13920086080741	0	0	0	0.1033782152533	0.10672273631097	0.18547027438775	0	0.0090127947807212	0	0.033068035031804	0	0.026643292731807	0	0.43421623165301193	0.8999244689581476
TCGA.21.1071.01A.01R.0690.01	0.0064726568673638	0.0010177833952888	0.19503393651255	0	0.012130649645766	0.0066286632246619	0.071063817111241	0.024081279767373	0	0.052289207676228	0.013069653510871	0	0	0.31141137566653	0.096190411021786	0.11075723452589	0	0.0095413082576032	0.035623630942338	0.012085499059787	0	0.042602892814718	0	0.44619610582609587	0.895474569272934
TCGA.21.1075.01A.01R.0690.01	0	0.2351544741931	0.13728172876406	0.04093889170971	0.021598544647779	0.0055784125069483	0.0010457611125433	0.063528358126135	0.030876175525909	0	0.025686912514587	0	0.018553071726872	0.015956170199029	0.024420227441211	0.18179069190358	0.070003751441418	0.047644253740943	0	0.067095446628478	0	0.012847127817696	0	0.2548687358889166	0.9850286636989328
TCGA.21.1076.01A.02R.0690.01	0	0.01973613498791	0.063203968309696	0	0.028534058662601	0	0.049097475561905	0.030984433855598	0	0.072297674946285	0	0	0	0.46253749471611	0.045715872280214	0.1707372124574	0	0.015240358522266	0.040435295558661	0	0	0.0014800201413538	0	0.6781070577856092	0.7427366789807259
TCGA.21.1077.01A.01R.0690.01	0	0.054963499109464	0.3394070616706	0	0	0.019294665792073	0.027819506853504	0.016716754815791	0	0.045541900972101	0	0	0	0.27705114166978	0.022823945856771	0.1434651353609	0.01013180391488	0.0036781182464376	0	0.032748319940906	0	0.0063581457967912	0	0.5464593531533574	0.8379230649174815
TCGA.21.1078.01A.01R.0690.01	0	0.16459759742527	0.11315982184894	0.11847591269322	0	0.04128483625553	0	0	0.052086782930464	0	0.089581684472258	0	0.025608685521236	0	0.026724180674111	0.16221585894402	0.028335624454905	0.047412656435104	0.13051635834495	0	0	0	0	0.11071310538509731	1.0355945140852216
TCGA.21.1079.01A.01R.0690.01	0	0.0088994090330455	0.15798313253893	0	0.024676813633812	0.068729353090944	0.0036007940144537	0.021207422786587	0	0.044764690646715	0	0.051985712551423	0	0.26269170636183	0.038667161810045	0.18986976243696	0.027658096489569	0.027738310274892	0	0.05817805335289	0	0.0133495809779	0	0.4600512553178168	0.8875036430807642
TCGA.21.1080.01A.01R.0690.01	0	0.11526167350542	0.15292586072673	0.068581634799258	0	0.0012339569296177	0.10917710819861	0.072681722591825	0	0.12539511987421	0	0.013330966382919	0	0.027044019556398	0.057064108766451	0.13102888436133	0.020315876695817	0.045823220289667	0.057100994323838	0	0	0.0030348529979098	0	0.3883901947283675	0.921099744108154
TCGA.21.1081.01A.01R.0690.01	0	0.058403865915524	0.21156069986276	0.045108262640836	0	0.086448490237666	0	0.034039778550987	0.0067181927361528	0	0.060505877714011	0	0.0094840173784556	0.099893952076321	0.018457754416634	0.18657385606413	0	0.025613406062824	0	0.093989859829569	0	0.063201986514134	0	0.46797754807506964	0.8836909064120181
TCGA.21.1082.01A.01R.0690.01	0	0.092541984620424	0.30499982600098	0.0010505714596032	0.012586591089188	0.03306583877412	0.029058263044557	0.054454809541127	0	0.064392878814555	0	0.017269518861882	0	0.1016721193889	0.054814195519896	0.079819898848013	0.0060316168606072	0.068556306459732	0.077557610988662	0	0	0.0021279697277467	0	0.6634834031890579	0.7706469469951802
TCGA.21.1083.01A.01R.0690.01	0	0.10012743093013	0.15921016118951	0.0064723091225395	0.011902148240948	0	0.14109426139453	0.064088242248398	0	0.063025228976135	0.0066180403932482	0.015354711897883	0	0.045285840679049	0.12556111124732	0.16477186350067	0.01962178605028	0.036829868006442	0	0.028744229673565	0	0.011292766449352	0	0.4539747730541659	0.8902795819054378
TCGA.22.0940.01A.01R.0690.01	0.031737119152492	0	0.14964640553436	0	0.024008011159957	0.0006	0.1657825192981	0.087933204636477	0	0.11704051089796	0	0.074025419737036	0	0.014402501457791	0.082306127078417	0.12392898346611	0.054977575081886	0.02155512072997	0.046539809430886	0	0	0.0054955984338254	0	0.5351434451752755	0.8511156530415277
TCGA.22.0944.01A.01R.0690.01	0.018729169997159	0	0.37144608652241	0.034576798227372	0.016320675703529	0	0.0005	0.0255448916444	0.019441629471537	0	0.027874823917685	0	0	0.19601504584466	0.029607504603705	0.095506384546895	0	0.069416970753438	0	0.094999422538259	0	0	0	0.4248202927421133	0.9113228636777668
TCGA.22.1000.01A.01R.0690.01	0	0.054611981982838	0.16323963878846	0	0	0.017173168046072	0.041608522049928	0.031673747390706	0.0026708978330601	0.11417699410169	0	0.0095486818261924	0	0.18292869276891	0.037324221574315	0.17277404580853	0.066214942351621	0.0026125502132545	0.089076640251701	0	0	0.014365275012721	0	0.5501074017134158	0.8447033139865671
TCGA.22.1002.01A.01R.0690.01	0.0080068420130007	0.069946685958762	0.15946154327628	0	0	0.048515332980895	0.021432228949297	0.045283327735233	0	0.12328798553594	0	0.026671127212368	0	0.032309037045597	0.052246953222125	0.19064455161577	0.020876177129898	0.041678792712456	0.067554222010772	0.020496896201035	0	0.071588296400571	0	0.2927007196328825	0.9621543374072447
TCGA.22.1005.01A.01R.0690.01	0	0.068315529683714	0.39674784076725	0.042857804334902	0.0071091186319267	0.020032225288482	0.083379791927039	0.0064994113660824	0	0.084570550871338	0	0.023370745441458	0	0.057488899600797	0.071451412246774	0.04974937581298	0.0081335146354533	0.010101579888805	0.059307734896104	0	0	0.0108844646069	0	0.7572383340901898	0.6876298924134552
TCGA.22.1011.01A.01R.0690.01	0	0.086500505681604	0.42894816952163	0	0.0034409435703642	0.060970355763341	0.054086967204048	0.033837639999896	0	0.057622921875536	0.0011109330574287	0	0	0.055248055311799	0.058491023334437	0.060624386776442	0.0095640887409559	0.010055720831219	0.019144188955378	0.050383516194288	0	0.009970583181631	0	0.7028602766413237	0.72356094028055
TCGA.22.1012.01A.01R.0690.01	0	0.10340161665302	0.085591244125157	0.044468251057548	0	0.056431430719943	0.025711060726251	0.059948526886066	0	0.067574243996567	0.0037178360652614	0	0	0.26129237143279	0.10441473718817	0.085711047873295	0	0.023622335891254	0	0.065528676306917	0	0.01258662107777	0	0.4697454728811618	0.8819354448474639
TCGA.22.1016.01A.01R.0690.01	0	0.025323615183236	0.078655736629222	0	0	0.12859423930117	0.020640500616159	0.036466272422375	0	0.01029687015404	0	0.025742744712951	0.030176763879697	0.16219994680325	0.008328385080561	0.14092903082526	0.015207263003715	0.12324944535897	0.11289187666971	0	0	0.081297309359691	0	0.36037995221201835	0.9330679127369715
TCGA.22.1017.01A.01R.0690.01	0	0.09202796205856	0.15508710404526	0	0	0.06339584287257	0.060587388823974	0.067510410820965	0	0.088613962018802	0	0.04670280072189	0	0.073485690364386	0.037281913375441	0.11385447665139	0.0259543842849	0.03125323327254	0.12769866876402	0	0	0.016546161925297	0	0.3806397404181114	0.9241888337780605
TCGA.22.4591.01A.01R.1199.01	0	0.032322141519809	0.11837236318623	0.048998896875285	0.0061453323670184	0	0.0050817559479523	0.048103174748843	0	0.068125874650089	0	0.078112586395346	0.0051398069233457	0.057444392421193	0.1222554795751	0.25365114250662	0.046823917768987	0.0039251370238413	0.10315931696509	0	0	0.0023386811252484	0	0.3474464067394827	0.9407569554211592
TCGA.22.4594.01A.01R.1199.01	0.013338249977773	0.021532878747955	0.47297297404205	0	0	0.050888416060239	0.045459610566235	0.018042774677924	0	0.086655887613597	0	0	0	0.086763069365943	0.061452205402034	0.066923993077102	0.033380519388858	0.0003	0.02177154641263	0	0	0.02054497447094	0	0.6116747493236758	0.7915637696047155
TCGA.22.4595.01A.01R.1199.01	0	0.095865936601395	0.22114570795108	0	0.023122790194415	0.049060374066659	0.027006324254359	0.030896957012377	0	0.084002893847934	0	0.045696709355309	0	0.078641657717503	0.0758919245894	0.082761132755199	0.040314220559723	0.017229264382675	0.084003278567988	0	0	0.044360828143988	0	0.5882753845485609	0.8227136575895349
TCGA.22.4596.01A.01R.1199.01	0.0066705364586252	0.012701752782114	0.094550196835508	0	0.0074497072166651	0.095758472245056	0.054196044857985	0.040817608309071	0	0.090282092582939	0	0	0	0.10636322869824	0.090632849725504	0.1120999514735	0.11347075598883	0.01364258937962	0.13332136540051	0	0	0.028042848045835	0	0.4580378357095398	0.8920547886277913
TCGA.22.4604.01A.01R.1199.01	0	0.039150205351421	0.14607012453426	0	0.0055474407006497	0.013752337885035	0.042105432975171	0.057275916039832	0	0.094114807592721	0	0.0003	0	0.17377777550362	0.10514252383883	0.14400427291783	0.017853398992724	0	0	0.14330353116707	0	0.017633912682322	0	0.532458370103547	0.848889086307272
TCGA.22.4607.01A.01R.1199.01	0	0	0.24979522628082	0	0	0	0.02460466437468	0.021691188581766	0	0.1017219410054	0	0	0	0.20789670906313	0.048583410911424	0.1375225983044	0.019843617337926	0.038928535485168	0.022785975746865	0.052357679247042	0.014710918167629	0.059557535493756	0	0.5480754640071716	0.8395232988503462
TCGA.33.4532.01A.01R.1199.01	0	0.06715934807448	0.095720044477025	0.01954662604713	0.0074494561372607	0.044786020570867	0.043608694617987	0.073296219322151	0	0.061841294154485	0	0.033410855153047	0	0.15391029674588	0.059022749891821	0.12246867607049	0.045610921971377	0.017797644449098	0.032200146648723	0.093501194908633	0	0.028669810759549	0	0.2106508951692034	0.9974649865302819
TCGA.33.4533.01A.01R.1199.01	0.012367017258282	0.0025499449156257	0.14754242139467	0	0.016946010227981	0.060664028106723	0.042012386332665	0.011494818611444	0	0.092673727031292	0	0	0.024366487217649	0.15915504698817	0.042319521427731	0.044385903217929	0.13926416326406	0.019608342913174	0.14770648283088	0.027383862554911	0	0.009559835706809	0	0.29047036787196195	0.9613103276425196
TCGA.33.4538.01A.01R.1199.01	0	0.08938425279344	0.12909704188473	0	0.050118004496085	0.045517671939886	0.020590871370052	0.05725838989842	0	0.056311125810326	0	0.032917389634837	0.0099535532880143	0.064574013926327	0.11173721420687	0.095587054887723	0.089977146528523	0.0039022147204406	0.10878424752859	0	0	0.034289807085742	0	0.46841717803701083	0.8856972279892633
TCGA.33.4547.01A.01R.1199.01	0	0.022942675716444	0.28230391404692	0.0086010225226248	0.02151279807803	0.054801371771342	0.055641218129183	0.0072927732375245	0	0.023979233346814	0	0	0.0080431913587438	0.10337157180873	0.052469428137549	0.080789410352853	0.063373397914298	0.013013493562148	0.15795889099704	0	0	0.043905609019757	0	0.617873441698942	0.8102554324973725
TCGA.34.2596.01A.01R.0849.01	0.06551435359845	0.085510990024606	0.20651489905408	0	0.032818834566957	0.04255047071394	0.014120993523525	0.077322031777612	0	0.13076872602452	0	0.0033136187098406	0	0.07424737840412	0.08043461083131	0.088817027936591	0.01229159128785	0.01202641796238	0.035131020107883	0.0034909553025334	0	0.035126080173804	0	0.569916459393494	0.8277042862074808
TCGA.34.2600.01A.01R.0849.01	0	0.042631696754564	0.074440045015862	0	0	0.070767193054716	0	0.12420141962849	0	0.083195997770782	0	0.073688420375456	0	0.054490360588503	0.11394652372003	0.090575396340878	0.066628973649659	0.02032511242925	0	0.17648173517118	0	0.0086271255006233	0	0.31056904417749315	0.9615367099881574
TCGA.34.2604.01A.01R.0849.01	0.005286571530872	0	0.049537711495951	0	0	0.044684052910891	0.019276079661644	0.046840313262403	0	0.069099241910067	0	0.02783005355093	0	0.25862248448956	0.042971980694857	0.16125759060925	0	0.14691106575845	0.057988695288304	0.0028003055770356	0	0.066893853259776	0	0.3265753956934157	0.955985789963435
TCGA.34.2605.01A.01R.0849.01	0.017260408329015	0	0.28468814374549	0.0020473573384263	0	0.021558775951223	0.023018535927564	0.053374944091278	0	0.089193404296424	0	0.019982912662354	0	0.22897329300428	0.080835397120543	0.10994027582937	0.0076063723877889	0	0	0.055086361707632	0.0005	0.0059598058867891	0	0.5897646273789483	0.8126906557950839
TCGA.34.2608.01A.02R.0849.01	0	0.050682742121797	0.15475382798955	0	0.00267007530557	0.035297495381599	0.024777154599899	0.015623855920086	0	0.081919283435004	0	0.0060063937503948	0	0.24876492695829	0.10026571886899	0.13020315358804	0.037959472534525	0	0.082989088763708	0	0	0.028086810782546	0	0.5906956687035205	0.817579828093731
TCGA.34.2609.01A.01R.0849.01	0.034813901332795	0.026506195092006	0.11084625575385	0	0.030680519549294	0.062983527717589	0	0.022567898653449	0	0.096731595025983	0	0.037491765820878	0	0.1274978739628	0.087253870013385	0.12986975936927	0.073397289376709	0	0.13120213227942	0	0	0.028157416052569	0	0.4048667408071772	0.9135428671904634
TCGA.37.3783.01A.01R.1199.01	0	0.11098804585635	0.070570677880419	0	0	0	0.086556631472184	0.10553855689648	0	0.1556490481245	0	0.036804627885987	0	0	0.082243758624787	0.092379108795207	0.028888808200003	0.083016427016482	0.0005	0.081584136959386	0.0004	0.064871433989478	0	0.46215881864236086	0.8864264170986222
TCGA.37.3789.01A.01R.1031.01	0	0.0031331736537469	0.020361406136225	0.044666254257571	0	0	0.12565983779711	0.052570927807468	0	0.073158044110332	0.0005	0.01664423048879	0	0.093367898295138	0.13144987645996	0.16024299698138	0.14124568298518	0.046946779932407	0	0.038443713321677	0.0026867496544161	0.048927594746661	0	0.3991846261734764	0.9172278852463326
TCGA.37.3792.01A.01R.1031.01	0	0.010161050894022	0.013961233819716	0	0	0	0.058126124625049	0.018988784911008	0	0.085061416427802	0	0.025675848820133	0	0.30636586168102	0.083618319270986	0.2544831902969	0	0.010372357594248	0	0.071871403442697	0.013494399950125	0.04782000826629	0	0.5894904132186696	0.8081440093090936
TCGA.37.4129.01A.01R.1101.01	0.0058984252276234	0.0010906815554339	0.0017662473304281	0.0023882136582802	0	0.050187694396372	0	0.039105564421336	0.014928708952923	0.048319599822969	0	0.073969992228126	0.040432710021873	0	0.0035422336006477	0.32177755527953	0.045116491758239	0.028656390413384	0.18321828292501	0.11923542464047	0	0.020365783767358	0	0.1297280416155829	1.0424734930848918
TCGA.37.4130.01A.01R.1101.01	0	0.053354147320679	0.10666166247629	0.046218683196666	0	0	0.15312785924791	0.068564602910073	0	0.20396278864338	0	0.078557706090716	0	0.10154823356404	0.064850875464591	0.068832039944415	0.015714791950797	0.0006	0.033873137606136	0	0.0041618968672416	0	0	0.4964075197949423	0.8675155936890356
TCGA.37.4132.01A.01R.1101.01	0	0.022064491410266	0.27820507957225	0.033958159174742	0	0	0	0.096275992573859	0	0.14983748662629	0	0.045579164502145	0	0.12369788035593	0.11790868223586	0.076683092214027	0	0	0.0029178431721892	0.042353048636232	0	0.010519079526204	0	0.5096779064549107	0.85953616354751
TCGA.37.4133.01A.01R.1101.01	0	0.044665814722909	0.20435119891451	0	0.0094832540837856	0.04294349428038	0.047630499547861	0.054993144774229	0	0.12237847237679	0.0004	0	0	0	0.11479945662204	0.23093789999147	0.025118939816258	0.031677466086754	0.017221767553389	0.02632040084167	0	0.02704681741979	0	0.5636361180633395	0.8347460838532194
TCGA.37.4135.01A.01R.1101.01	0	0.01830116863224	0.26039129178182	0.063069714111285	0.0055619355163317	0	0.0093463174416829	0.049955966626531	0	0.050904797312445	0	0.007309705015335	0	0.0097524213553768	0.13552698207854	0.31768636405626	0.013602050615942	0.017080583077581	0.023233846893476	0	0	0.018276855485152	0	0.46874869003458514	0.8825593362236227
TCGA.37.4141.01A.02R.1101.01	0	0.056377857925215	0.14834149743073	0.036169121401878	0	0	0.1183535149568	0.063316882336971	0	0.13891464203339	0	0.024620628031154	0	0.059922112189705	0.079020315080857	0.15139502276492	0.030614405978847	0.0094325673981461	0.044856152682585	0.034934248956831	0	0.003731030831976	0	0.48070087526864436	0.878707839875635
TCGA.43.2576.01A.01R.0849.01	0	0.092655734125252	0.17490455165987	0	0	0.056125692957261	0.050993587143654	0.057890150719642	0	0.10103474495085	0	0.028586126928126	0	0.22791225158332	0.063256787739767	0.10759007758609	0.012188201462925	0	0.019752230757654	0	0	0.0071098623855905	0	0.565921728414105	0.8317922565536081
TCGA.43.2578.01A.01R.0849.01	0.01004381742585	0	0.3356442197583	0.033999264374711	0.0072772019439453	0	0.010362980456054	0.028297557889272	0	0.082430485506039	0	0.050882052073135	0	0.079210470051734	0.11508800632248	0.1231237004385	0.014017067621733	0.0071170407608866	0.086883279816837	0	0	0.015622855560524	0	0.551773665478638	0.8351603481167204
TCGA.43.2581.01A.01R.0849.01	0	0	0.19107031727759	0	0	0.032981794852189	0.008252678560437	0.015233032538655	0	0.092559790660222	0	0.01257838524831	0	0.34099828330393	0.054945512824485	0.10908381369435	0.078863951025777	0.0046023579950858	0.02136087448577	0.011322946884074	0.012483818516714	0.013662442132414	0	0.5727605179334876	0.8222804787908982
TCGA.43.3394.01A.01R.1031.01	0	0.059570254608519	0.17220774250489	0	0	0.049307420356634	0.012767521777106	0.061885707008762	0	0.0304385189062	0	0.0042133939997226	0	0.29585067115861	0.05547886160732	0.1437268798292	0.010279770112878	0.0018930262421191	0.067726143276316	0.017747928264595	0	0.016906160347132	0	0.28934297435753564	0.9744153217154617
TCGA.43.3920.01A.01R.1031.01	0	0.07168137718495	0.13044079182072	0.056381460348004	0.013723877315416	0	0.038811832158217	0.064074719650931	0	0.15689535024201	0	0.082583080688689	0	0.061158313058708	0.048020819726838	0.15705739908368	0.014633339460379	0.008191133663089	0.03217199940508	0.032378728726408	0	0.031795777466882	0	0.34510430143833765	0.9433233292546587
TCGA.46.3765.01A.01R.1031.01	0.002235252384356	0	0.29178089805722	0	0.023297573651358	0.072953646079205	0.062303173715477	0.0044955375768162	0	0.11420143079658	0	0.0062586808508015	0	0.1263040073745	0.1219236695775	0.087454908235135	0.010389025867121	0.0007	0.063272762484789	0	0	0.012464528021169	0	0.5601526553217749	0.8333251727160068
TCGA.46.3766.01A.01R.1031.01	0	0.035488127315684	0.179265875018	0.017377512503857	0	0.026941026128549	0.041149762888961	0.008470190009442	0	0.12316393046463	0	0.028262877552278	0	0.098436445325305	0.071525103159386	0.092482898322744	0.056844534533691	0.020166448411113	0.19098993584631	0	0	0.0094353325200518	0	0.6120606386452936	0.8185702767122217
TCGA.46.3767.01A.01R.1031.01	0	0.10842404306057	0.093149350998407	0	0	0.097676175506281	0.039335830165327	0.052070179542369	0	0.12784616440568	0	0	0	0.11714832397803	0.073835159826806	0.07503718762879	0.021031901796907	0.0087847162287652	0.16542865868659	0	0	0.020232308175483	0	0.5023232327333403	0.8718074582736991
TCGA.46.3768.01A.01R.1031.01	0	0.044761235335181	0.053145955910567	0.032435192219291	0	0.014268430823688	0	0.058949600476108	0	0.13254508256918	0	0.02345767454935	0	0.21881764521331	0.046634608421613	0.17442710909866	0.04283007368453	0.0030761588626909	0.13043956584141	0	0	0.024211666994424	0	0.33653388308331317	0.9456150693761953
TCGA.46.3769.01A.01R.1031.01	0	0.14609280017925	0.090580216750725	0.014586492316354	0.013243820947488	0	0.044919816310378	0.060760356563522	0	0.13315687168122	0	0.018834545716217	0	0.025207247202852	0.12656321295991	0.19941725669276	0.038138132912153	0.039457530097464	0.0039651933206316	0.019956314994724	0	0.025120191354346	0	0.41803643493525355	0.9079085402829972
TCGA.51.4079.01A.01R.1101.01	0	0.015963885105822	0.22710263733244	0.019782931284857	0.0048490598053065	0.044863915996077	0.059452379970695	0.037313238535099	0	0.097147685743287	0	0.034560407518792	0	0.11120471518161	0.10535653887678	0.12153533816494	0.033666917561004	0.0012040320789792	0.020640526225148	0.03549144031528	0	0.029864350303888	0	0.5117328096205368	0.8611570992727262
TCGA.51.4080.01A.01R.1101.01	0	0.042747941264323	0.042803552301105	0	0.0087465517685347	0	0	0.060986615603881	0	0.085816989655609	0	0.03816468559638	0	0.27207835471306	0.10505191558869	0.20798119410439	0.029954274503769	0.017676834353698	0.0072753545960435	0.060961344186949	0	0.019754391763563	0	0.2648529729770621	0.9931333340452801
TCGA.51.4081.01A.01R.1101.01	0	0.027540841932314	0.063196252490064	0.02728557475007	0.038948949143245	0.011508633634599	0	0.011451385680386	0	0	0.011569038419752	0	0	0.49782923471838	0.021005872043874	0.22143773675236	0.011484889423663	0.0043710459088506	0.035251857060543	0.017118688041894	0	0	0	0.5331446012721219	0.8515232196832583
TCGA.56.1622.01A.01R.0690.01	0	0.094450073767544	0.10024545522614	0.084095769458626	0.062455836736568	0	0	0.077496931208962	0	0.014304834134555	0	0	0.013092752480576	0.12212749510099	0.025060883299112	0.037721471866207	0	0.083775251887581	0	0.28517324483313	0	0	0	0.22396227273914796	1.0050076881410772
TCGA.60.2695.01A.01R.0849.01	0.012999373581346	0.0070054194381702	0.22192151542506	0.035191675942017	0	0.030210407027845	0.015042011609437	0.041035822990533	0	0.1751650024444	0	0.029560712563246	0	0.11392103975104	0.12864621179841	0.11528279928375	0.019333005304226	0	0.025604554573486	0	0	0.029080448267025	0	0.5428684868539966	0.8418854067448543
TCGA.60.2696.01A.01R.0849.01	0	0.059100000308891	0.15550997802587	0	0.005334310337129	0.057005062508339	0.05378750041699	0.03763743768709	0	0.12820689263139	0.0009	0	0.001	0.025552878075729	0.10267572212444	0.093198435071067	0.070623219369474	0.075837644954611	0.047050558448725	0.023454608479351	0	0.063156971925048	0	0.5667205974224898	0.8372925593622979
TCGA.60.2698.01A.01R.0849.01	0	0.11360714070181	0.05931699056539	0	0	0	0.050288229115739	0.052658733357154	0	0.21756674725818	0	0.024730481094022	0.0022706552450254	0.087101060719241	0.0885978325184	0.073330626476946	0.054113327377427	0.025271942290833	0.11122914943547	0	0.0074757139888493	0.032441369855514	0	0.3526874730622814	0.9369303976741012
TCGA.60.2706.01A.01R.0849.01	0.0049452388055522	0.0045861326045624	0.16755528046618	0.0004	0	0.010180169421004	0.10180214293022	0.016726308280412	0	0.14506151353538	0	0.0062091615711763	0	0.16808765156291	0.11672309220561	0.13447911039514	0.017449464445746	0	0.076418228092784	0	0	0.029390987023691	0	0.5131895945602052	0.8612388174638106
TCGA.60.2707.01A.01R.0849.01	0	0.074368695269342	0.10464715241805	0	0.014779533263803	0.10220191464746	0	0	0	0.069511111422214	0	0.011836020295788	0	0.19052195123284	0.0079119316355105	0.12913010146516	0.00605404376524	0.044494706066978	0.062867320185205	0.043262072706278	0	0.13841344562613	0	0.3347366522367661	0.9476774829690696
TCGA.60.2708.01A.01R.0849.01	0	0.072819154256405	0.055606748634181	0	0.044806636949782	0.049211771350671	0	0.0081273622862506	0	0.0040967908126472	0.015116914488716	0	0	0.27593212239708	0.02286414234498	0.1396056417546	0.068997914625287	0.032019191442878	0.14110947095433	0.042124746539304	0	0.027561391162886	0	0.2826009994834141	0.9746151104624234
TCGA.60.2710.01A.01R.0849.01	0.0092224674002329	0.014280891011831	0.14448082981415	0	0	0.069475597315544	0.037183094399641	0.056445705418631	0	0.077310034315429	0	0.027566909284581	0	0.17193256876828	0.097111239248923	0.083079324234979	0.06272020965478	0.0094231932272834	0.11958520824511	0	0	0.020182727660607	0	0.5426903868414955	0.8508227067886411
TCGA.60.2711.01A.01R.0849.01	0	0	0.26106101412474	0.046972965671549	0	0.040933976689339	0.086061810549205	0.016714597912401	0	0.13434147085788	0	0.034908487228751	0	0.045618225342514	0.092333581791281	0.087934115652865	0.033407312172949	0.014208393206332	0.10169325104405	0	0	0.00381079775614	0	0.5346904055564902	0.8494724412105296
TCGA.60.2712.01A.01R.0849.01	0	0.057132739928842	0.2638156836644	0	0.0010045514335511	0.09441023939322	0.051023422834284	0.033305174973906	0	0.096002476839622	0	0	0	0.11307291087483	0.1233854785868	0.079427318141677	0.016038469867128	0.0052500295522637	0.057999198622824	0	0	0.0081323052866591	0	0.6814625971558751	0.7636605583386765
TCGA.60.2713.01A.01R.0849.01	0	0.0271681329878	0.067642199202302	0	0.014394866660561	0.039498158511516	0.067001057003428	0.018065737747952	0	0.13072955601822	0	0	0	0.34041496906857	0.093655219340024	0.12719749280942	0	0.0014060101360782	0.057351442776902	0	0	0.015475157737224	0	0.361836044642435	0.9401208714684051
TCGA.60.2714.01A.01R.0849.01	0	0.053004497027769	0.26009168502423	0	0	0.030347827699479	0.069453160607151	0.04876753386651	0	0.12317214528293	0	0.060493376343805	0	0.055876768863914	0.065119478142784	0.062591220430428	0.011622325935555	0.068885572348659	0.072193082046293	0	0	0.018381326380489	0	0.5700394021649599	0.8288311444195453
TCGA.60.2715.01A.01R.0849.01	0	0.10242237194029	0.041216629318581	0	0	0.10042785024973	0.042156354072797	0.080936665768272	0	0.072008362696989	0	0.025754950810868	0.0015576024629872	0.080017667565897	0.055662264325024	0.11602917641509	0.070927312959052	0.066600979217692	0.11359000709053	0	0	0.030691805106186	0	0.4905138096678689	0.8787341757346476
TCGA.60.2716.01A.01R.0849.01	0	0.10944545454552	0.076719980954485	0.015027648983261	0	0	0	0.089074073618999	0.041297558726645	0.043923293786607	0	0.017801194978464	0	0.14679264130747	0.042805146104221	0.21123529893039	0.075527934930931	0.051870284645085	0.078479488487925	0	0	0	0	0.26762259613445316	0.9732609112717894
TCGA.60.2719.01A.01R.0849.01	0	0.045561446531134	0.1013469168674	0	0.050797182619562	0.070564071794664	0	0.03994424103588	0	0.081441213994843	0	0.040401882733683	0.027386869321422	0.19451377237441	0.087284328233459	0.18111515754485	0.023875834340087	0.031662955126389	0.016905938380223	0	0	0.007198189101992	0	0.438118402709841	0.898059900749635
TCGA.60.2720.01A.01R.0849.01	0.0097320649208302	0.029226371043289	0.19455171530361	0	0.016525367125017	0.0016078586506966	0.075193099615054	0.044671126972273	0	0.11328815305961	0	0.0071573477515602	0	0.15611074136443	0.11700424282124	0.027381134162429	0.061307467278615	0.01800880827013	0.059425791745783	0.049968456987918	0	0.018840252927523	0	0.4623887912901156	0.8863015450949906
TCGA.60.2721.01A.01R.0849.01	0	0.034960276427138	0.1716490510629	0.060501078574109	0.029982992968494	0	0.11956144977449	0.017867064186497	0	0.15870909664867	0	0.022683730369501	0	0.036075298124378	0.094195801319021	0.097854232628304	0.01523485387519	0.014404835258756	0.12008399480837	0	0	0.0062362439741944	0	0.5595951301195932	0.8397636692790656
TCGA.60.2722.01A.01R.0849.01	0	0.015582905524612	0.18655994463645	0.047727639733188	0	0.0076064371663887	0.019588144955624	0.092281300911713	0	0.0068345309919831	0	0.015986921254639	0.0027322750707482	0.20369213482793	0.08040462998874	0.1550439790401	0.0079832602480631	0.050179735999897	0.067110313914261	0.040685845735661	0	0	0	0.3382003192882575	0.9461678042255093
TCGA.60.2723.01A.01R.0849.01	0	0.041503563415339	0.17289324676624	0.045764156173406	0.011354147663857	0	0.15029927418993	0.030882145611496	0	0.077624725224791	0	0.068683965184247	0	0.057351165653839	0.094616028058197	0.070610335641943	0.013255071871316	0.027531287936547	0.12112338422983	0	0	0.016507502379023	0	0.3850273855478652	0.9227788406456027
TCGA.60.2724.01A.01R.0849.01	0	0.0084704730409878	0.026281225066656	0	0	0.065213583170082	0	0.040605773023329	0	0.046015085730493	0	0	0	0.22597119843474	0.013206677008328	0.17644126359045	0.01016978470668	0.069641570367008	0	0.20177257854878	0	0.11621078731247	0	0.3775375872033188	0.9355899733006806
TCGA.60.2725.01A.01R.1199.01	0	0.021688492625133	0.12956719086211	0	0.01509034163073	0.030008541751741	0.047138679406964	0.050432916077043	0	0.1398511494986	0	0	0	0.12471102813592	0.10304434070173	0.092841373650749	0.032637389898509	0.07523562672555	0.061477025162042	0.013522674957904	0	0.062753228915278	0	0.42450453097359653	0.9044962662836252
TCGA.60.2726.01A.01R.0849.01	0	0.11398033874127	0.067612029638462	0.0406717854283	0.070380894789123	0	0.19035590267218	0.061212535432065	0	0.112636952095	0	0.0072645743773082	0	0.092929998674057	0.093596163770778	0.043663139450515	0.016505777243064	0.025125503771531	0.057725408190751	0	0.0063389957255974	0	0	0.3185666862464311	0.9513443835218838
TCGA.66.2727.01A.01R.1031.01	0	0.033775183309181	0.17645883286294	0.010937421089524	0.0045528983805073	0.015583733664992	0.018824662928052	0.021425839611811	0	0.081186569030021	0	0.047002894961822	0	0.091931994462967	0.11710875455061	0.071812613020734	0.10778672755505	0.042529499071791	0.10762691977756	0.017406550939051	0	0.034048904783387	0	0.49573718259521976	0.8704398430041139
TCGA.66.2734.01A.01R.1031.01	0	0.081488179882506	0.043308319466009	0	0.01016570679993	0.093568193120058	0.031368732037156	0	0	0.051250408733634	0	0	0	0.069900457085348	0.061594038184177	0.092421556877007	0.055243065596638	0.017663097361203	0.082612029241752	0.032546469104452	0	0.27686974651013	0	0.35971536390205605	0.9403979855158583
TCGA.66.2737.01A.01R.1031.01	0	0.095226353934163	0.18890187944265	0	0.010742390523706	0.025736707267848	0.021617936043703	0.054025603700097	0	0.12227476827731	0	0.044988360815014	0	0.033211764008888	0.077298791436227	0.13528436657373	0.034204632860352	0.034125247523549	0.07098430016155	0.021076809393464	0.0090696527080148	0.021230435329732	0	0.5582326431588913	0.8391209683455003
TCGA.66.2742.01A.01R.1031.01	0	0.012637691862457	0.21278729886649	0.0061849233461358	0.044288801711669	0	0.012422264872836	0.025490465497083	0	0.064326768538025	0	0	0	0.12126895815177	0.10054900265217	0.090324889031961	0.059794996403093	0.010910447765835	0.056304234119302	0.04647346545157	0	0.1362357917296	0	0.5391881416605127	0.8460901001925571
TCGA.66.2744.01A.01R.1031.01	0	0.082458390329853	0.079957485876835	0.018007896494843	0.0020462703542736	0.035885130495451	0.10761943380027	0.038124606263367	0	0.091258665768724	0	0.042479963801037	0	0.19763987478109	0.081399420230397	0.12634186066001	0.015162054817546	0	0.05965673536933	0	0	0.021962210956978	0	0.5048706021659329	0.8664568744491692
TCGA.66.2753.01A.01R.1031.01	0	0.074925190273725	0.16551039970004	0	0	0.11446901202837	0.026693197052794	0.052158778678307	0	0.0070051807294501	0	0	0	0.11311061826658	0.11806892429977	0.097408034907984	0.016699889180096	0.013417192416114	0.10289229102554	0.026726670904411	0	0.070914620536825	0	0.517278766283905	0.8605740870411236
TCGA.66.2754.01A.01R.1031.01	0.013378032547562	0.0010112679924121	0.18337944655444	0	0	0	0.038484212127093	0.065335337871224	0	0.10852077152757	0	0.076436286863385	0	0.06040643363484	0.059359351301612	0.22567235606388	0.056306138537865	0.019233213386106	0	0.081092099767557	0	0.011385051824458	0	0.2336508818149567	0.9941475460446279
TCGA.66.2755.01A.01R.0849.01	0	0.065046584625738	0.042269613544553	0.036090611792468	0.0308776751468	0	0	0.026158322756053	0	0.027284786700703	0	0.0108627614075	0	0.23887587718451	0.17531466482776	0.035799933659531	0.033701073311135	0.038924161614607	0	0.22646376531206	0	0.012330168116583	0	0.4051440657175448	0.9248970576966749
TCGA.66.2756.01A.01R.0849.01	0	0.037299364911144	0.31906980769915	0	0	0.035660016881484	0	0.070765640754048	0	0.12748982427089	0	0.052271784728942	0	0.12017938273484	0.086965253545219	0.059106277339148	0.020253463622991	0.026704343196933	0	0.026605055735155	0	0.017629784580062	0	0.5129267883756968	0.8576369116031933
TCGA.66.2757.01A.01R.0849.01	0	0.082857448308781	0.11675034991854	0.06857172069303	0	0	0.063023386004342	0.078251430599843	0	0.1305355078812	0	0.050263458834736	0	0.034578290485669	0.11694247127996	0.16219363953759	0.033499417025559	0.029633554099082	0.032899325331672	0	0	0	0	0.43884183543245	0.8976326724060049
TCGA.66.2758.01A.02R.0849.01	0	0.021281063311653	0.10129865346548	0.13437265429945	0	0	0.14618956075211	0.018985794747011	0	0.21106967951661	0	0.01452878556822	0	0.087172606911611	0.08480363745423	0.10661619600735	0.012953858712188	0.02791839269386	0	0.019874146818771	0	0.012934969741453	0	0.4407920267807057	0.8969312359685954
TCGA.66.2759.01A.01R.0849.01	0	0.040784862313555	0.17664890259869	0	0.041889338926632	0	0.048187920475515	0.03626521573791	0	0.13573472828054	0	0.025265748155015	0	0.13258736488929	0.086932767703128	0.12605537980924	0.018596417289632	0.025644674163505	0	0.086079305751537	0	0.019327373905814	0	0.44226127842468554	0.8959821879492158
TCGA.66.2763.01A.01R.0849.01	0.0066843179359458	0.010922614530912	0.2985397370291	0	0	0.01754852036321	0.02043073542339	0.029507990127694	0	0.062580900965045	0.005978619053477	0.020755840887461	0	0.17796887060499	0.10644810828052	0.12240319271423	0	0.0084182986436596	0.012283096178518	0.064059022928327	0.0027224489807387	0.032747685352775	0	0.5452056514697566	0.8388927350447171
TCGA.66.2765.01A.01R.0849.01	0	0.1103693226606	0.10162472091294	0	0.023704126006453	0.07534076642932	0.062748573596545	0.04491091699063	0	0.04239613549401	0	0.027043632976042	0.0011112137932155	0.039171408114519	0.06638793086169	0.032957185569129	0.16311006812253	0.037185310304619	0.15722724503142	0	0	0.014711443136336	0	0.5369105425982188	0.8597651457306125
TCGA.66.2766.01A.01R.0849.01	0	0.019146164643947	0.1692579407173	0	0.0055001033536175	0.0051187847537757	0.0062440265583105	0.052493099727925	0	0.16741186514857	0	0.035383649468575	0	0	0.17000408567708	0.23015321668762	0.047259365364845	0.01121905661071	0.079661756906866	0	0	0.0011468843808607	0	0.41933302787268895	0.9082952118550841
TCGA.66.2767.01A.01R.0849.01	0	0.088479097526684	0.1216616924767	0	0.03730490549878	0	0.066997591855879	0.062137490991862	0	0.13854892047387	0	0.032381126389345	0	0.0606560554591	0.099141757609033	0.10425116735087	0.042026786323048	0.0046672709850742	0.13212080107469	0	0	0.0096253359850618	0	0.5679114489264983	0.8391276329945284
TCGA.66.2768.01A.01R.0849.01	0.0062701959489856	0.012133044174568	0.0047943471188181	0	0.036802077408451	0.023363480025305	0.071664798128038	0.035828083524843	0	0.053958084019262	0.0029769084163087	0.013536627614049	0	0.19169222171841	0.10380443360381	0.15803520836728	0.027971480040664	0.054275998319351	0	0.12161346918079	0	0.081279542391064	0	0.36479487058511795	0.9375995582144457
TCGA.66.2769.01A.02R.0849.01	0.0041328888925728	0.030236005391814	0.089179369821523	0	0	0.02060945233205	0	0.043177263401618	0	0.12866869838527	0	0	0	0.29751671286738	0.12405740770941	0.075448394509807	0.017792041004654	0	0	0.14023684285904	0	0.028944922824855	0	0.522189456412548	0.8519899438132208
TCGA.66.2770.01A.01R.0849.01	0	0.02226035705308	0.24261904731915	0.0019664806282357	0.020543490871913	0.01164360533752	0.053006794491576	0.012174627390531	0	0.065766250924649	0	0.037286479839341	0	0.23998601609196	0.12830013402638	0.10862280932409	0.001	0.0019904627839395	0	0.041085187893024	0	0.011779268661398	0	0.4837907966286873	0.8745751091014985
TCGA.66.2771.01A.01R.1031.01	0	0.065347407331127	0.098163661665975	0.040428975444808	0	0.0088003624550116	0.051590757516193	0.02751177316008	0	0.082110510490028	0	0.024241570770851	0	0.056521592283799	0.12154875477075	0.16925351263823	0.094466314279908	0	0.0067841784721887	0.026377687697537	0.021273693880841	0.10557924714268	0	0.41230051867381445	0.9103949905651698
TCGA.66.2773.01A.01R.1199.01	0	0.077599330741179	0.15082738269068	0	0.031869664151259	0	0.063080466362045	0.061011062414103	0	0.14732239684867	0	0	0	0.039505251494817	0.12652307191322	0.10474727067184	0.031535241596737	0.043268778646145	0.065644700654629	0.0013569945463538	0.010250637328352	0.045457749939981	0	0.49042730286436054	0.8731568051804486
TCGA.66.2777.01A.01R.1199.01	0	0.026138369382735	0.050012358681778	0	0.0004	0.011090809837447	0.072031615976382	0.031543521395296	0	0.040966564079937	0.038581536116877	0	0	0.36638241972152	0.019755620480931	0.18020825797013	0.025616115862016	0.015697095960527	0.052826553629846	0.053849829702834	0.0007	0.014149855700942	0	0.4097463000718704	0.9183629131923208
TCGA.66.2778.01A.02R.0849.01	0	0.040888015948758	0.10425583375394	0	0	0.037980554096783	0.034103658476009	0.043973730344734	0	0.10566775995689	0	0.01180960369952	0	0.068839652238462	0.026692719315507	0.062127432888805	0.12656533603146	0.042155491389077	0.089894867702158	0.043698385594567	0	0.16134695856332	0	0.432669229901625	0.9009951210628783
TCGA.66.2780.01A.01R.0849.01	0	0.10933509856162	0.15392549721745	0	0	0.034373166719047	0.0096387206015253	0.040635110227185	0	0.10163691444099	0	0.008643567074581	0	0.18181697498744	0.081358449084841	0.1055591995869	0	0.03510462515468	0.0094014240668347	0.090498254996124	0	0.038072997280785	0	0.5112985068426252	0.8604320566932064
TCGA.66.2781.01A.01R.0849.01	0.017463148789291	0	0.38561260977731	0.020169683611376	0	0	0.014452022184081	0.024703512512822	0	0.032025911124676	0	0.012466798487512	0	0.090407405175169	0.042828390350276	0.097823160194311	0.021321928112857	0.025187944746885	0.010203745890321	0.059091535335765	0	0.14624220370735	0	0.6451498075887439	0.7713455571485635
TCGA.66.2782.01A.01R.0849.01	0.0004	0.0059495767987828	0.22110277609663	0	0.08155409877681	0.012556955705922	0.025207927236417	0.023438828452079	0	0.15717085877731	0	0.0021314328886108	0	0.033769657888982	0.14010020551072	0.14765441368805	0.029557682400202	0.026261888295596	0.0089120968795069	0.015804004177163	0.0023830410240453	0.066005988356631	0	0.6169403402842467	0.8021386337142004
TCGA.66.2783.01A.01R.1199.01	0	0.14978834828129	0.25892832448999	0.01570718038461	0	0.059649063697522	0.019167173279574	0.021738619591614	0	0.052218518963584	0.0099431723158106	0	0.017106454225418	0.051509120767954	0.1089573927924	0.081571224403703	0.025672630991244	0.0004	0.058916647616429	0.050145891452328	0	0.018541203213975	0	0.6353900614632215	0.7861070397844167
TCGA.66.2785.01A.01R.0849.01	0	0.039115119214447	0.14640741301995	0.10816310308756	0	0	0.063295800291864	0.050334025361831	0	0.099316067898227	0	0.079471287595418	0	0.041109691393727	0.14559210262856	0.07508061493481	0	0.042055510531199	0.074883538821362	0.0009	0	0.034313617640518	0	0.5635692216171194	0.8303411453919446
TCGA.66.2786.01A.01R.0849.01	0	0.011972570805504	0.197425939341	0	0.013137306182021	0.067435140735188	0.015382596690228	0.052069169456966	0	0.090302709604399	0	0.053108873242992	0	0.059704530921356	0.10076475087016	0.13287227169437	0.043293601786286	0.038874835479555	0.10555983156579	0	0	0.018095871624178	0	0.5692642775185358	0.8359501664295818
TCGA.66.2787.01A.01R.1031.01	0	0.064352081534649	0.1540475391769	0.064148468587491	0.012610207852202	0	0.086340795787127	0.050916264734164	0	0.16346788890007	0	0.011812673337553	0	0.066633867595476	0.071913227464584	0.11953874311417	0.023242657207968	0.0062111365659434	0.1047644481417	0	0	0	0	0.5307762847386733	0.8553876604198462
TCGA.66.2788.01A.01R.1031.01	0	0.061628586397721	0.20656984963462	0	0.016978727025444	0.062394085522975	0.030463596030701	0.034135210165182	0	0.13422041141184	0	0.0077632961631353	0	0.093146760305934	0.10829182530487	0.070789363597957	0.0093199391215436	0.026168163240572	0.03406678908938	0.038035300892091	0	0.066028096096037	0	0.5753121734651785	0.8276365446532651
TCGA.66.2789.01A.01R.1031.01	0	0.12001891245564	0.12513979828809	0	0.019309858907749	0.067360736572543	0.030684242206397	0.015812929249955	0	0.074676005902261	0	0.059438302952617	0	0.20105205779996	0.043192266484481	0.085823783064701	0.0205933508668	0.0037884139838223	0.12247685513324	0	0	0.010632486131736	0	0.4132342753034406	0.9101296118600561
TCGA.66.2790.01A.01R.1031.01	0	0.036813542662528	0.20086221011329	0	0.012299043458818	0.075437435202999	0.075793335688948	0.036968588717474	0	0.093142402467341	0	0.026137078276563	0	0.079030072674221	0.17738612046576	0.029824407645406	0.0081172595059984	0.029014605398657	0.09778643047567	0	0	0.021387467246332	0	0.5931699396532308	0.8142076293256173
TCGA.66.2791.01A.01R.1031.01	0.0044512691113288	0.015125125832999	0.24566453221049	0.061510666732187	0.020045727334876	0	0.14151765118302	0	0	0.15390725668025	0	0.0074873494273322	0	0.034661283609225	0.17101105185668	0.074460644743926	0.013858264934453	0.003758995980701	0.041798307909064	0	0	0.010741872453472	0	0.5988404980029617	0.8071577588918292
TCGA.66.2792.01A.01R.1031.01	0	0	0.2450474611716	0	0.072402226446191	0.093244982856338	0.025565493397703	0.026629376256611	0	0.016319100010993	0	0.035419812922013	0	0.094208456186736	0.10835970699081	0.13757900299504	0.027472917164951	0.032388012971147	0.026161871174248	0.026779776163362	0	0.032421803292265	0	0.4084235634503444	0.9124965019476045
TCGA.66.2793.01A.01R.1199.01	0	0.04666659104319	0.21668662623944	0	0.070171366604331	0	0	0.10393817101992	0	0.10850165335673	0	0.014307862258462	0	0.19874780255464	0.059328898688681	0.097697841543562	0.0002	0.017091551132637	0	0.047059660775394	0	0.019622502457369	0	0.25930314780816344	0.984091668062622
TCGA.66.2794.01A.01R.1199.01	0	0.0074319580817711	0.082468489635893	0.11903303245184	0	0	0.072793761130915	0.026489555549779	0	0.13952672878439	0	0.1175539764359	0	0.055811603461188	0.13254535915108	0.10916873845223	0.067399256090841	0.015978110988011	0.053358767781486	0	0	0.0004	0	0.4850962200606078	0.8737293787774203
TCGA.66.2795.01A.02R.1031.01	0	0.023070553236009	0.16316470198798	0.0052948428095506	0	0.05515134515753	0.065095331876076	0.025650639136938	0	0.071569422553066	0	0.016465552054368	0	0.075514578803744	0.11613106339474	0.20497517177054	0.077210940785598	0.029074618109905	0.01329641461503	0	0.024660614217956	0.03367420949097	0	0.49178796309101186	0.8723271845351148
TCGA.66.2800.01A.01R.1199.01	0	0.052952835502265	0.064026117509656	0	0.010986415140814	0.12415120952323	0.023178925375523	0.049979503978362	0	0.0558247071224	0	0.042254043282217	0.015355546788762	0.16595287835155	0.051673200953289	0.11074518277709	0.080938455594317	0.012033189603507	0.098702081113862	0	0	0.041245707383163	0	0.30622381417022226	0.9550121504384361
