0.5547174368985 0.619447773089632 0.643190905218944 0.108546913601458 0.185947337886319 0.381175924791023 0.0794733052607626 0.199515112675726 0.793728224001825 0.499125494156033 0.947211753576994 0.63022778253071 0.884403349133208 0.588212333153933 0.814617363037542 0.997771800030023 0.213797809090465 0.755817126715556 0.160273867193609 0.735878551146016
0.167306791525334 0.483193784253672 0.858416864648461 0.796992426970974 0.135591893456876 0.0605548291932791 0.295994616113603 0.0515327658504248 0.78277977462858 0.103711549192667 0.13347899261862 0.398549909470603 0.436338209314272 0.111005588667467 0.724520817864686 0.0525374989956617 0.107452326919883 0.323923758696765 0.137744880281389 0.910751509014517
0.320028785150498 0.342079971218482 0.804400375112891 0.283850071020424 0.975469032069668 0.760799956740811 0.911277370993048 0.890676830662414 0.304376183310524 0.95868973666802 0.171405336819589 0.169506668113172 0.874502129852772 0.746588945388794 0.898045441135764 0.497083559865132 0.915168620180339 0.239147895248607 0.343112264061347 0.00113380560651422
0.722284108400345 0.550138111459091 0.915440360549837 0.391174472402781 0.622396558988839 0.746942576253787 0.978475439129397 0.899177057668567 0.631963375490159 0.561914269346744 0.735131994588301 0.337974006542936 0.151963988319039 0.648533869767562 0.329816384008154 0.850325343199074 0.506536968518049 0.165586365619674 0.0357771385461092 0.370250293519348
0.157100537093356 0.816902684979141 0.638634918257594 0.502223264425993 0.450354858068749 0.605477827833965 0.568888183915988 0.276700284797698 0.522028129082173 0.772977539803833 0.162432703655213 0.774247757857665 0.922904387582093 0.521010572090745 0.585227303905413 0.92566625890322 0.984412241959944 0.848789572017267 0.887761548859999 0.935829701833427
0.165370744885877 0.936408758629113 0.772939621238038 0.0201639656443149 0.90469636186026 0.0986238038167357 0.289531346643344 0.894338343292475 0.694066300522536 0.832875055028126 0.0479849323164672 0.23243530606851 0.000942369224503636 0.912068945355713 0.628578498726711 0.915703684091568 0.36790159298107 0.518513152142987 0.594548642169684 0.208801042754203
0.1849277371075 0.909037006786093 0.979745815740898 0.00339330499991775 0.166265363804996 0.144689881941304 0.778583082137629 0.165118749719113 0.486185885267332 0.255626394180581 0.0611476458143443 0.393721534637734 0.648984428495169 0.330755000002682 0.211812461260706 0.918766114627942 0.459308300865814 0.689606435596943 0.356494849314913 0.646527767181396
0.118237905669957 0.768596965586767 0.997661224100739 0.0854672384448349 0.00556269870139658 0.0581035860814154 0.775603083427995 0.625744919525459 0.163070086156949 0.015158454887569 0.450732711702585 0.728647993411869 0.219062254298478 0.188060018466786 0.927090204786509 0.159114114707336 0.937596007017419 0.830899504944682 0.950182567816228 0.0150457655545324
0.1741442901548 0.297921878285706 0.163477255497128 0.392760819988325 0.795321932760999 0.821548047475517 0.188207097351551 0.425880097551271 0.846363107906654 0.708368398714811 0.309442254947498 0.109652145532891 0.489216654328629 0.517899914644659 0.598060891963542 0.0930083759594709 0.746645428938791 0.620000429917127 0.247517516138032 0.589643229031935
0.0285989155527204 0.833233336452395 0.775515730027109 0.460758623667061 0.815007022116333 0.252084740670398 0.0899458983913064 0.880337528884411 0.617637099698186 0.503984392853454 0.151269034482539 0.585098421666771 0.348629153100774 0.655133177060634 0.81987558118999 0.192527309758589 0.223431159742177 0.189709835452959 0.801897357217968 0.385901705361903
0.960743638454005 0.451150517677888 0.568952150642872 0.585113906767219 0.955747833009809 0.475066061597317 0.631605399074033 0.0173553330823779 0.800996153848246 0.941318333381787 0.728360499255359 0.445022201864049 0.700886657927185 0.152269208105281 0.157799747539684 0.516830630134791 0.651395092951134 0.770586750935763 0.45294427848421 0.336478311801329
0.544552701991051 0.542201356031001 0.664479996776208 0.0766259061638266 0.297618292504922 0.797089108964428 0.437787252943963 0.685910069849342 0.590947798686102 0.16264289082028 0.522094472078606 0.939131625695154 0.249358865199611 0.1694026584737 0.176205271389335 0.736403757706285 0.815544672776014 0.21003302349709 0.903727166354656 0.891010235063732
0.359979669097811 0.41623494727537 0.310291847679764 0.43229071656242 0.216456809313968 0.151573885697871 0.802699195221066 0.271254666615278 0.207460271893069 0.521245988085866 0.756014811107889 0.772781772306189 0.423560797702521 0.388657992705703 0.764634830644354 0.07376190694049 0.833042436046526 0.734457039507106 0.337632723152637 0.992417760659009
0.44923631567508 0.896972000366077 0.320909460773692 0.480390689801425 0.514902708120644 0.370214395690709 0.898160595912486 0.728721540188417 0.106751657091081 0.277175636263564 0.555792034370825 0.660679840715602 0.260581038426608 0.30377087672241 0.42787027452141 0.117025980958715 0.271222805837169 0.394902106141672 0.928929987363517 0.119999036891386
0.319944160757586 0.0700067293364555 0.822683287085965 0.757056895876303 0.268423547036946 0.967153007397428 0.291750311618671 0.142501011257991 0.0355770676396787 0.824497828260064 0.724477329524234 0.594178178347647 0.771699371282011 0.235016766702756 0.413347852416337 0.323521569836885 0.176434091292322 0.370086049195379 0.23938271519728 0.805955297313631
0.197932971641421 0.227251647040248 0.344080975279212 0.520102063892409 0.936263591283932 0.0588892810046673 0.413282826077193 0.854593940079212 0.150730156339705 0.00118246371857822 0.754359665326774 0.238893352914602 0.578370759030804 0.895883204648271 0.5093200171832 0.756955018965527 0.208680721698329 0.097461479017511 0.496983635937795 0.451954915421084
0.461392678087577 0.355465841945261 0.223042665515095 0.114768314408138 0.264708026312292 0.0300293068867177 0.952217673650011 0.474644485861063 0.961014283588156 0.188837603200227 0.275505302008241 0.181842170888558 0.911990455817431 0.997963216155767 0.0132333687506616 0.925312300445512 0.441738402703777 0.476800008909777 0.374571830267087 0.0533332005143166
0.394382108002901 0.407897874247283 0.30544258095324 0.452104767318815 0.594992935657501 0.579277963610366 0.187925908016041 0.340276882983744 0.410980280954391 0.739762606564909 0.432741045486182 0.340792802395299 0.918356639100239 0.877973010763526 0.07106798957102 0.164931046543643 0.628210925031453 0.756427485495806 0.35874225734733 0.595674852840602
0.630379585549235 0.768674878170714 0.284199887188151 0.836907675955445 0.992557304678485 0.541629375657067 0.833334187977016 0.57037058705464 0.859233102295548 0.882155351573601 0.60748660354875 0.515229802113026 0.452648734673858 0.707081120228395 0.999799499055371 0.735120217548683 0.519194559194148 0.0862099921796471 0.0471977670677006 0.858633416006342
0.779700061772019 0.192474771989509 0.881461987970397 0.597263761796057 0.531048406613991 0.636123567586765 0.921208915533498 0.432553776772693 0.809563837945461 0.0114191523753107 0.86783783743158 0.203385758912191 0.494902987964451 0.578555719926953 0.927886247634888 0.383439125260338 0.284708368359134 0.160512846661732 0.574538843007758 0.564685942837968
0.193481503752992 0.935609319247305 0.410338172223419 0.105237319134176 0.251100884284824 0.18497482012026 0.956181240035221 0.00938211218453944 0.0363184351008385 0.831825412344187 0.667803668184206 0.736108302371576 0.569321796298027 0.766270051710308 0.668632519897074 0.548438328551129 0.322491681203246 0.998942164005712 0.828113679541275 0.659384487429634
0.357048175763339 0.0932777172420174 0.912286272738129 0.384278006153181 0.415896017570049 0.199438271811232 0.141272677341476 0.973385804099962 0.00177289918065071 0.729375446913764 0.362075708806515 0.391787379980087 0.858211017679423 0.760967447888106 0.470988767920062 0.603627681732178 0.502796026878059 0.457033076323569 0.812152371043339 0.664759867358953
0.10079340194352 0.595682066166773 0.383645651629195 0.607927523786202 0.608651487389579 0.00937804928980768 0.5745478507597 0.825595926260576 0.147154691861942 0.869873435003683 0.846533220261335 0.26066008512862 0.518091054400429 0.120309748454019 0.363458485575393 0.429758384823799 0.605905684176832 0.859574362635612 0.803111986024305 0.225838590180501
0.800315622705966 0.538677264470607 0.794387459522113 0.45833599800244 0.960398966446519 0.181428076699376 0.132554312702268 0.850748535245657 0.29408316523768 0.838595217093825 0.686332310549915 0.566648580599576 0.193850732175633 0.16357785766013 0.298075733007863 0.637060374952853 0.405272972537205 0.619411538122222 0.458466723794118 0.588824576232582
0.582582516828552 0.473664389457554 0.535267748404294 0.346288888016716 0.352962878765538 0.645214322488755 0.940541701857001 0.208380138967186 0.896226273616776 0.0716170561499894 0.312691204948351 0.372067081276327 0.222381706815213 0.390374940587208 0.33562210877426 0.226717296987772 0.24641850264743 0.220614398829639 0.464453817112371 0.52969957399182
0.145918564172462 0.224156558979303 0.289304858306423 0.622059638844803 0.610025416361168 0.810083298943937 0.196441889507696 0.300140846055001 0.0828604081179947 0.655585234286264 0.687854332150891 0.719137143110856 0.0237563801929355 0.965953381266445 0.962162998737767 0.761775601189584 0.235909065231681 0.922081713331863 0.00505345361307263 0.600978024536744
0.857469414826483 0.366875903215259 0.919461677782238 0.545525440713391 0.746616569813341 0.330757394898683 0.100528420181945 0.473165442701429 0.853423073887825 0.735326246125624 0.893974791048095 0.983242050278932 0.834260683972389 0.685879836324602 0.233220813330263 0.411639345576987 0.121041985461488 0.979657999239862 0.864653669064865 0.0177518774289638
0.981974533060566 0.427820338867605 0.901778841158375 0.921022267779335 0.512582747964188 0.782624556683004 0.735410348279402 0.321195222437382 0.885302165988833 0.121627310523763 0.474143159808591 0.816235251259059 0.419380090897903 0.133956806501374 0.631292229285464 0.398268055636436 0.441126262070611 0.861631388077512 0.065893437480554 0.092425521928817
0.227232604054734 0.530487363459542 0.611013523070142 0.828585051931441 0.366688502719626 0.878098002634943 0.8366134010721 0.538165662670508 0.498725725105032 0.0743022526148707 0.729012716328725 0.245534105692059 0.745238412171602 0.638122060103342 0.385498146526515 0.279857632238418 0.0676231700927019 0.748964888043702 0.606091857422143 0.0741788204759359
0.639754572184756 0.997898961417377 0.218479891307652 0.272654349682853 0.565185263287276 0.0153789555188268 0.37813957571052 0.775092109804973 0.212642804719508 0.00389789440669119 0.494169592158869 0.822731646709144 0.807256529806182 0.912817137315869 0.582106938352808 0.208852936280891 0.981118530733511 0.977083252044395 0.609144777990878 0.717500016558915
0.804074060171843 0.28474099538289 0.885033629601821 0.050693352939561 0.185808108421043 0.57213182724081 0.550341059919447 0.106363559840247 0.158540373435244 0.616301877656952 0.2623904151842 0.265425069257617 0.497329583624378 0.153797542443499 0.159279122250155 0.962680471129715 0.0044371027033776 0.75685409270227 0.363213796168566 0.610949639463797
0.248215278843418 0.208941725781187 0.699108478147537 0.23402460757643 0.532115403329954 0.319078948581591 0.994418809888884 0.558440670371056 0.293289650930092 0.123753248946741 0.133126001805067 0.383146193111315 0.360001391498372 0.0901542943902314 0.0875084602739662 0.394925624132156 0.519746229983866 0.562290294561535 0.363921400159597 0.755494865123183
0.459300618851557 0.103498739888892 0.878599983640015 0.182695287978277 0.454742212546989 0.115498710423708 0.591154548106715 0.435212172102183 0.0840452541597188 0.64534914190881 0.886564887594432 0.355151168536395 0.0193472250830382 0.220340793952346 0.870407840935513 0.793367491802201 0.383620902430266 0.427611760795116 0.400820302776992 0.00193588063120842
0.416395786218345 0.583694029366598 0.501808547414839 0.607065278338268 0.83194785984233 0.200673860264942 0.873117199633271 0.136076373280957 0.566327645909041 0.692177546909079 0.312606445513666 0.579050338594243 0.257263728184626 0.976679131388664 0.998106407001615 0.242436023661867 0.290040341205895 0.919779259711504 0.795437952270731 0.360430166823789
0.999718294944614 0.814777120947838 0.79177407361567 0.447710936656222 0.176410379586741 0.00107601634226739 0.366205125115812 0.933340998366475 0.948868157342076 0.111972220940515 0.212256515864283 0.788084455998614 0.959986495785415 0.426384799415246 0.362631246214733 0.089285250287503 0.726793264737353 0.217004956910387 0.242462414782494 0.27632953110151
0.90539518580772 0.233803001232445 0.659243575995788 0.695067411055788 0.722154981456697 0.545213531237096 0.834975296631455 0.821105773560703 0.502910611918196 0.448155257618055 0.760609738063067 0.180841880384833 0.0380807323381305 0.50697967573069 0.0940229035913944 0.887243100441992 0.519927779212594 0.409995726542547 0.75148091930896 0.546856215922162
0.501064898446202 0.788343616528437 0.622384364483878 0.746858563739806 0.0294946462381631 0.319239135598764 0.556605062680319 0.333357317373157 0.82960480125621 0.655813129618764 0.062493679812178 0.167750807246193 0.685649680206552 0.0339564613532275 0.769462258787826 0.184945440385491 0.421232705470175 0.700359404785559 0.611504099564627 0.478598937159404
0.508600022178143 0.618626705603674 0.339415692258626 0.959830103442073 0.359181762905791 0.859336529392749 0.981438534567133 0.583008708665147 0.743883861927316 0.692981602856889 0.819275001296774 0.616792278829962 0.993513075634837 0.44198887841776 0.188698318321258 0.64799923542887 0.121741441078484 0.207349189789966 0.445533106802031 0.124740695813671
0.463597600115463 0.54815188376233 0.966215652180836 0.665095886448398 0.465917452936992 0.252139813033864 0.216148286359385 0.855423058150336 0.87281963811256 0.422431796323508 0.788732656976208 0.744709341553971 0.132276320829988 0.370347610907629 0.616179389646277 0.205509263090789 0.967036253539845 0.801466058008373 0.036568212788552 0.118089306168258
0.252914838725701 0.742886024992913 0.795212166151032 0.0338265635073185 0.232325622113422 0.193903861101717 0.809934738790616 0.479794724378735 0.789197956910357 0.770614216569811 0.293652102584019 0.846787298331037 0.257902104407549 0.463302209973335 0.832588275661692 0.723778625717387 0.130361803341657 0.919992070179433 0.459734166739509 0.782037783414125
0.087194824591279 0.792527536861598 0.657819688087329 0.275070648174733 0.615127169294283 0.0792843773961067 0.543500607367605 0.410818520234898 0.805815970525146 0.30703226197511 0.567316405242309 0.151006224332377 0.849966689478606 0.520129978889599 0.595622301334515 0.242658694041893 0.569165978580713 0.639595069224015 0.416856456780806 0.817041838075966
0.508187069091946 0.443486043484882 0.357422396540642 0.320750000420958 0.805789765901864 0.0885731535963714 0.0874818312004209 0.926327373366803 0.555213422514498 0.479648105800152 0.798861124552786 0.000448380131274462 0.647118265973404 0.862459330586717 0.991917811334133 0.771157751325518 0.436494563007727 0.992709866259247 0.0474541336297989 0.931043056072667
0.460543291177601 0.445256629027426 0.16188329202123 0.720009250799194 0.218114272691309 0.588219319703057 0.965723695466295 0.959597125183791 0.837936802534387 0.137346495874226 0.352261368185282 0.303029079223052 0.945528043666855 0.815896789077669 0.406894572544843 0.342346230056137 0.900307405972853 0.916451530531049 0.682196176145226 0.653681710129604
0.705449333181605 0.300892021972686 0.539004467660561 0.37369685806334 0.37260953290388 0.811251739505678 0.69740141229704 0.491247872356325 0.906277696834877 0.740509095834568 0.2867049833294 0.119042154634371 0.622684203321114 0.952097369357944 0.527316362131387 0.225673036882654 0.577378865098581 0.0649960753507912 0.685822323895991 0.0861954900901765
0.536093434086069 0.96538435597904 0.594334170920774 0.808200324419886 0.280299335252494 0.459805054357275 0.5362415057607 0.767503327922896 0.143865085905418 0.508596176747233 0.907634902046993 0.0931037201080471 0.613950941478834 0.0720627349801362 0.205923137953505 0.616969986120239 0.517577117541805 0.090968502452597 0.169597558444366 0.591979816788808
0.494438443798572 0.733987914165482 0.935367628233507 0.613676248583943 0.722477085655555 0.779385905014351 0.601215150905773 0.990052291424945 0.109730296069756 0.784524557879195 0.456545419991016 0.907421426614746 0.595762367593125 0.842393679078668 0.186039814259857 0.617068760097027 0.540355243952945 0.212385728256777 0.151093778433278 0.564681961899623
0.517950027249753 0.856572742806748 0.320907112909481 0.688436120981351 0.0355458853300661 0.728474124800414 0.753832771442831 0.975681624608114 0.501930963946506 0.59579505212605 0.154650977114215 0.063378375954926 0.538915109587833 0.0693838940933347 0.164581568678841 0.670773044694215 0.448644220363349 0.368645718786865 0.960687923943624 0.326438195072114
0.780302604194731 0.997716067824513 0.312185168964788 0.444031089544296 0.898721537785605 0.340516543481499 0.759701127652079 0.186073927674443 0.231544639216736 0.403370673768222 0.920969552593306 0.4539922142867 0.907920340076089 0.276149257784709 0.786685700761154 0.471016587456688 0.634016007650644 0.440989183960482 0.137567138997838 0.127176638226956
0.740802064538002 0.0897265779785812 0.414444864960387 0.860828300472349 0.762083048000932 0.775466556428 0.580975154647604 0.900650208815932 0.983813408762217 0.058348580962047 0.258220199961215 0.757694785948843 0.823785298271105 0.870027894154191 0.0297758041415364 0.271579696098343 0.510607238393277 0.094717257656157 0.653132283594459 0.555435009067878
0.829750995151699 0.627025484107435 0.403204835951328 0.048357967287302 0.378424935508519 0.0258048980031163 0.584083177614957 0.437304472317919 0.938886235933751 0.725763557478786 0.972433754475787 0.558280463097617 0.585821565939113 0.9036119740922 0.3483747956343 0.042029395699501 0.0269202361814678 0.306515017524362 0.25058674858883 0.74780052062124
