0.0503216180950403 0.703035867772996 0.517909643938765 0.625872102798894 0.954625917365775 0.404019451932982 0.0365666293073446 0.352356816176325 0.0775356760714203 0.0394485255237669 0.364350108196959 0.800239823525771 0.881198691669852 0.77113997307606 0.762819778406993 0.136077790055424 0.823372271610424 0.578950646799058 0.203772107604891 0.314589442918077
0.472832667408511 0.984988171607256 0.115803921828046 0.069160136859864 0.0799946079496294 0.00243351655080914 0.581002157181501 0.103509516920894 0.243477078154683 0.708489574724808 0.340895125642419 0.109562814235687 0.696701370878145 0.301942243706435 0.131528039695695 0.0819499082863331 0.0297605593223125 0.255058283219114 0.283461309270933 0.19044578471221
0.530643597943708 0.441571064060554 0.563673051074147 0.419569141464308 0.907600755803287 0.781341978814453 0.249098538653925 0.112373360665515 0.0291278818622231 0.96957541955635 0.962383598554879 0.774024389917031 0.766810948960483 0.60702205193229 0.490308099426329 0.620508568361402 0.339378922712058 0.0631314916536212 0.296436789212748 0.49183290079236
0.22360728518106 0.244287454290316 0.988462374545634 0.24001213000156 0.476966840447858 0.464566611684859 0.515497846528888 0.567399696912616 0.440704482374713 0.707483509555459 0.921518643852323 0.938404819229618 0.235072806244716 0.517497609835118 0.0463511999696493 0.885222329059616 0.562537507619709 0.725150374928489 0.711742762243375 0.58773693931289
0.0599412040319294 0.983571090269834 0.385109355673194 0.775691705523059 0.352842985419556 0.96666654618457 0.414696106454358 0.517554683843628 0.354236357612535 0.678696418181062 0.892156263347715 0.162935581058264 0.614866976859048 0.696420564781874 0.62940659490414 0.417844531591982 0.940613836748526 0.166294370545074 0.802716379286721 0.0508449345361441
0.949443463701755 0.62815239536576 0.976827008184046 0.709238148992881 0.0254936465062201 0.585946197854355 0.825265956344083 0.147191633004695 0.310047748265788 0.625340307829902 0.663232780294493 0.266986246686429 0.581708030775189 0.154609547695145 0.00725490041077137 0.662801768630743 0.230520052136853 0.270493373274803 0.364854302024469 0.864150764653459
0.564209554810077 0.483198579866439 0.126705541973934 0.62117636972107 0.850408517057076 0.105523473350331 0.474214259069413 0.204900787211955 0.792089443420991 0.336343948030844 0.169138657860458 0.583111452171579 0.168891584966332 0.837488365825266 0.937805807916448 0.93040536926128 0.639693931676447 0.552446604706347 0.949453731765971 0.548997638048604
0.368446520762518 0.979691007174551 0.720387331908569 0.932466248050332 0.322711498942226 0.619021200807765 0.231739406473935 0.453088929178193 0.415583713678643 0.0470501873642206 0.303948647575453 0.535211845533922 0.614554058061913 0.0933161252178252 0.929301387397572 0.250196568900719 0.814227700000629 0.222681530984119 0.434674097690731 0.434890803182498
0.859054670669138 0.123790170298889 0.162150508025661 0.618062081281096 0.928957761265337 0.522010058863088 0.602247680770233 0.564092825865373 0.264368718722835 0.311983333202079 0.6367817025166 0.694504924817011 0.326428912580013 0.935311632230878 0.18558611208573 0.791695146355778 0.540696540847421 0.941662754863501 0.0750331415329129 0.910027139820158
0.931404526578262 0.914513672003523 0.0712045822292566 0.623423023847863 0.607461925363168 0.0885442746803164 0.802612646715716 0.834421976469457 0.434514914872125 0.536932616960257 0.796467498177662 0.594756859354675 0.82144885789603 0.816892940318212 0.643720242427662 0.288624006323516 0.24438473302871 0.955419598845765 0.788248474011198 0.334652623860165
0.689868046669289 0.428873439552262 0.292445889674127 0.0748903690837324 0.994000752689317 0.0122289049904794 0.47813214501366 0.986638099420816 0.664010343607515 0.468188544036821 0.337399831041694 0.726404564455152 0.287414299324155 0.865347760729492 0.551921808859333 0.637948252493516 0.113880560500547 0.582957859616727 0.513043762650341 0.989526707213372
0.117700042203069 0.270231138449162 0.239818405825645 0.210393590154126 0.0156426252797246 0.11381028778851 0.272963119903579 0.298619445646182 0.316740497713909 0.50768353859894 0.798695791047066 0.581534519558772 0.120620964560658 0.00361487898044288 0.752748618368059 0.0679941531270742 0.83221704303287 0.126582257915288 0.346164453774691 0.950129469158128
0.405118599068373 0.838982357643545 0.830015008337796 0.126486585708335 0.155012201983482 0.588749515591189 0.944777826778591 0.380502980435267 0.329357912996784 0.75390011491254 0.25598697620444 0.570151336025447 0.255988575285301 0.573068656027317 0.0446764668449759 0.957598375855014 0.669213039334863 0.405912292422727 0.700309131992981 0.763556946069002
0.936708212830126 0.157971440581605 0.986943311989307 0.163794280495495 0.888236599508673 0.167373861651868 0.180930857546628 0.222078917780891 0.971812999108806 0.021466329228133 0.849852070678025 0.126998941414058 0.0773340740706772 0.446632576873526 0.531566076213494 0.446787518681958 0.136309944791719 0.580511683598161 0.590304516023025 0.883557254914194
0.263937611831352 0.586948829703033 0.638715732609853 0.427385848248377 0.215628097997978 0.59989752410911 0.673118971055374 0.640814119018614 0.307939956197515 0.334755430463701 0.808865831233561 0.748540768632665 0.276078822324052 0.382338510127738 0.472498933086172 0.273839974310249 0.139405909692869 0.719314691843465 0.325356274144724 0.482747682603076
0.319699128158391 0.303441024152562 0.919650037307292 0.375267821596935 0.0640127020888031 0.622189207002521 0.636293544666842 0.975257438607514 0.0139428146649152 0.0772739637177438 0.417017608415335 0.997563356067985 0.504178037401289 0.262975575402379 0.998934030300006 0.592778169317171 0.484742410248145 0.708950087195262 0.699331904761493 0.0854983138851821
0.41761284857057 0.144200759707019 0.182053642114624 0.712726638186723 0.796838866779581 0.185517021920532 0.137311603175476 0.73351052752696 0.391523101832718 0.769546775845811 0.253076774766669 0.722578458720818 0.745860392926261 0.353691490832716 0.827575190924108 0.88790211151354 0.214066859334707 0.54036640515551 0.134536113822833 0.690966023830697
0.154989120783284 0.763789141084999 0.141545586520806 0.0098391289357096 0.41100314585492 0.313871717080474 0.281861643772572 0.445144642144442 0.863381202099845 0.62094079866074 0.0286587090231478 0.692373736994341 0.0315984815824777 0.821714472491294 0.266419759020209 0.544883963186294 0.825456780847162 0.281802138546482 0.512150297407061 0.829437838168815
0.0164056203793734 0.681699920678511 0.762039946159348 0.424187669763342 0.739876103354618 0.912542399019003 0.695210304111242 0.399778058286756 0.771533693885431 0.702525040134788 0.846097725909203 0.731141074793413 0.930850301869214 0.605472622672096 0.00438709673471749 0.990990335587412 0.949493772350252 0.738858171273023 0.543983923271298 0.104893238749355
0.722274039173499 0.620705749839544 0.322657941607758 0.29686920135282 0.858661130536348 0.659932287409902 0.629823633935302 0.660934005165473 0.457338780863211 0.720660872524604 0.41910846112296 0.0416049533523619 0.303509155754 0.334311302285641 0.519662485457957 0.18128180410713 0.754727599211037 0.596710924524814 0.731013228185475 0.19293183228001
0.122430111281574 0.874499969882891 0.816233203047886 0.159624989842996 0.232065343065187 0.948172503616661 0.663926530163735 0.179401349741966 0.0315160595346242 0.382708505960181 0.133476046612486 0.790433522313833 0.148409694898874 0.420694306259975 0.486707982374355 0.378981644520536 0.828726921230555 0.857940949266776 0.743995947064832 0.438425184227526
0.423540922813118 0.563536615110934 0.700499957893044 0.315163166960701 0.0184358432888985 0.109141077380627 0.42258113832213 0.125388110522181 0.215636229142547 0.558607797836885 0.542935932287946 0.155883108498529 0.555715767899528 0.73684936366044 0.822432198561728 0.393922774586827 0.695704038487747 0.661509730154648 0.73922956106253 0.90380872762762
0.841031095245853 0.11140876985155 0.165552319725975 0.891222408972681 0.841162306955084 0.305851086275652 0.257944049546495 0.526503213681281 0.666475868783891 0.833071801811457 0.0825012577697635 0.204510124865919 0.56794553832151 0.73411678057164 0.905020681675524 0.290925019187853 0.46881599072367 0.283451287774369 0.0567376920953393 0.263855041470379
0.59249032009393 0.688395824283361 0.405438530026004 0.0386622198857367 0.696335643297061 0.275783536257222 0.594465177506208 0.361882909433916 0.757416386390105 0.480768305016682 0.592016955371946 0.356711812317371 0.973725254647434 0.737830345751718 0.50209662062116 0.656475632684305 0.501161497551948 0.735825015231967 0.211794475559145 0.102033678209409
0.668957844609395 0.83617451461032 0.846409520599991 0.697568929288536 0.112149123800918 0.996525026392192 0.871864097658545 0.534346300875768 0.0379060546401888 0.769060788210481 0.20020442106761 0.627616877201945 0.773456494091079 0.227689115563408 0.659093695692718 0.93818230740726 0.648680661804974 0.347889250144362 0.226659277686849 0.886199172819033
0.532098952447996 0.318286006338894 0.431740786414593 0.807434716960415 0.0432027650531381 0.866392734926194 0.644436415517703 0.816830690717325 0.335969993844628 0.811784620163962 0.681080301757902 0.0344997490756214 0.461431842762977 0.368641604669392 0.0846363131422549 0.565766956657171 0.208146788878366 0.226870096288621 0.383835868211463 0.974487701198086
0.127266517141834 0.691720420029014 0.815348074771464 0.169334966922179 0.757647315040231 0.549756863620132 0.486501812236384 0.0202772589400411 0.700468684080988 0.927009110106155 0.881808638572693 0.34642377239652 0.96560935722664 0.0196518080774695 0.859081147471443 0.314197575906292 0.779228388331831 0.462458139285445 0.674529657931998 0.39299252582714
0.297733929241076 0.165838870918378 0.111194515600801 0.550776758696884 0.28868734324351 0.192629239754751 0.564194077858701 0.575344884302467 0.271878852276132 0.541257652221248 0.199486507102847 0.534751924453303 0.974668320966884 0.0655903108417988 0.225053572561592 0.878432455705479 0.488780139712617 0.299518294632435 0.20454068412073 0.404855786357075
0.269857009407133 0.48103576595895 0.638546906644478 0.22158721764572 0.834280092502013 0.869117323542014 0.218889066018164 0.142554159276187 0.502999855903909 0.974867315264419 0.0581475298386067 0.686464262893423 0.409467317862436 0.405671891989186 0.225674104643986 0.818201942136511 0.891217455733567 0.38664865330793 0.661503844661638 0.901042468147352
0.843786725774407 0.374862875789404 0.964645467698574 0.277555761160329 0.647643434116617 0.553555902093649 0.0849147895351052 0.0962785240262747 0.828850886086002 0.380885715363547 0.385271805338562 0.176991714164615 0.198932560160756 0.550967889372259 0.454436196247116 0.219749800860882 0.86943141464144 0.600064207566902 0.502822908107191 0.785644766176119
0.686462700832635 0.0925635155290365 0.945889818482101 0.267059911973774 0.917868951801211 0.254898549057543 0.429392678895965 0.992672000778839 0.41820668708533 0.439237970858812 0.427858825773001 0.939104530960321 0.252611007075757 0.381637028884143 0.806255052331835 0.958617174066603 0.0987099753692746 0.4163275831379 0.881809507030994 0.406078395433724
0.412661435315385 0.63120353850536 0.275916738202795 0.354534187819809 0.780059678014368 0.149725671159104 0.956564301624894 0.398794923443347 0.694647307973355 0.40942764095962 0.161409952910617 0.566858506062999 0.302068426273763 0.861543416976929 0.958207842661068 0.46341512282379 0.684039795072749 0.17139772628434 0.5668567228131 0.77679030247964
0.844652182422578 0.181578484829515 5.95147721469402e-05 0.418328675907105 0.963194232434034 0.387408511713147 0.42747111665085 0.159986167447641 0.267913280753419 0.20909309363924 0.543688951060176 0.424327161861584 0.619289641268551 0.13196663162671 0.420943283243105 0.0766747919842601 0.363257573451847 0.309919300489128 0.69815612770617 0.461178901605308
0.468015519436449 0.339800867484882 0.0381472075823694 0.0711399591527879 0.556557973846793 0.481470787897706 0.507292660884559 0.781140060862526 0.283015611581504 0.264975548489019 0.349331659032032 0.479725101031363 0.0469541123602539 0.528657157206908 0.141196632059291 0.367961512412876 0.557988334912807 0.81298936298117 0.152389492839575 0.58761807018891
0.953157234704122 0.582568528363481 0.346316351089627 0.212458408204839 0.611247115535662 0.372584456577897 0.980560530209914 0.392924740677699 0.846022497862577 0.668995489832014 0.33702974114567 0.935492516728118 0.779644045047462 0.57275384827517 0.21093507274054 0.919958551879972 0.740482888417318 0.0752254049293697 0.528640266275033 0.461133970646188
0.313193937530741 0.534282393055037 0.517761724069715 0.798979406245053 0.826252053258941 0.948324127821252 0.895339579554275 0.323678048094735 0.903273905161768 0.294438289478421 0.114973080577329 0.811247293138877 0.274742075707763 0.913446514168754 0.712687778985128 0.671363913454115 0.228777754120529 0.950652366271242 0.573421515757218 0.589321986073628
0.827964917058125 0.641134276986122 0.54595311707817 0.512470819754526 0.426116620190442 0.879926712019369 0.17643496254459 0.99423018284142 0.629473688779399 0.69625753746368 0.0831926492974162 0.694820718606934 0.382105933735147 0.862367415800691 0.913821575930342 0.295184324495494 0.848500285064802 0.495381716405973 0.324480036040768 0.883988252608106
0.945820704568177 0.412076161243021 0.309716077055782 0.493520631454885 0.260310840327293 0.819472010945901 0.682758356910199 0.627068073721603 0.17331406311132 0.293014077236876 0.143744497327134 0.138994747539982 0.662923904368654 0.577480426291004 0.449497616617009 0.774561547674239 0.483994484879076 0.654964074958116 0.101788143161684 0.085047101136297
0.950236931676045 0.0259782520588487 0.414515540469438 0.253849955974147 0.933027722639963 0.89796017552726 0.466463333461434 0.0415899904910475 0.725538248196244 0.876184040913358 0.92157322447747 0.42666482925415 0.895512473769486 0.861600811593235 0.213378026848659 0.404778742929921 0.718057271791622 0.60972274816595 0.319456363795325 0.0947739745024592
0.544562759110704 0.489138508914039 0.663481080438942 0.381641868734732 0.103347861673683 0.833286987151951 0.467230695066974 0.942703385138884 0.6288410150446 0.440227715531364 0.752449133433402 0.856007745256647 0.490997160086408 0.801108791492879 0.7870664736256 0.306960832094774 0.542242961237207 0.798008480342105 0.462937699630857 0.36273068911396
0.696327217621729 0.695919571211562 0.319007582962513 0.710191424470395 0.851376443635672 0.66393052530475 0.180511643178761 0.707323213573545 0.633099859580398 0.0112571325153112 0.974946565926075 0.157149371458218 0.698785855900496 0.382691336330026 0.473555923905224 0.214772737585008 0.0348253450356424 0.906440844293684 0.372696905629709 0.0773289576172829
0.657487184507772 0.466794091276824 0.5923028269317 0.0348951499909163 0.989958067657426 0.925595565931872 0.145421378314495 0.609967419877648 0.722288168268278 0.919063621899113 0.987415520008653 0.31222674367018 0.354905749671161 0.727252251701429 0.261962933698669 0.171766475075856 0.460856588324532 0.919060647720471 0.179905811091885 0.382058325922117
0.172602895181626 0.279789835214615 0.84002641425468 0.640445037046447 0.00142147950828075 0.287529126740992 0.210662465309724 0.480434687109664 0.88751184171997 0.782303253887221 0.0903635919094086 0.632596387295052 0.511201704153791 0.7582215690054 0.0477065681479871 0.724029042292386 0.730018615722656 0.615744637092575 0.578388104913756 0.608530994039029
0.293308380292729 0.396324833389372 0.914641109062359 0.839522352907807 0.964042748557404 0.0801886508706957 0.074495893670246 0.41262689861469 0.75535774929449 0.246723191346973 0.710179482121021 0.0346494712866843 0.963802020996809 0.257727339630947 0.112362070474774 0.774888026760891 0.722595567815006 0.445869114482775 0.583804188296199 0.344744582893327
0.705940342042595 0.642429001629353 0.450614042347297 0.544700913596898 0.613761584507301 0.464634247822687 0.952889006817713 0.383039810229093 0.131896950071678 0.653907838510349 0.577966385288164 0.526428530691192 0.679634568514302 0.13252794649452 0.598319557029754 0.881098454119638 0.459183888277039 0.84230921859853 0.0380213060416281 0.5031944361981
0.541302551981062 0.959344151662663 0.328606951283291 0.0939647261984646 0.528297290671617 0.766132170334458 0.273975363466889 0.519320410210639 0.946104334434494 0.56743554212153 0.532645327970386 0.452180871274322 0.15548529336229 0.371251378208399 0.248543854802847 0.960593695985153 0.598051003413275 0.0151354258414358 0.154830681858584 0.387081163935363
0.327297709183767 0.482895525405183 0.96297652553767 0.0888484204187989 0.953671527793631 0.31615264294669 0.623915737960488 0.0207870989106596 0.43194940360263 0.333631111774594 0.779878715053201 0.384671815438196 0.479358075419441 0.958604610292241 0.50806400901638 0.155893627554178 0.816261208150536 0.979558440390974 0.778826791327447 0.50537197268568
0.0875248983502388 0.372685661306605 0.616538947448134 0.525085012661293 0.173806813079864 0.25412845169194 0.318934757262468 0.478424878092483 0.483218671288341 0.789384786970913 0.852108813822269 0.0973039681557566 0.779502018122002 0.454578051576391 0.159703078214079 0.876085186842829 0.213603554293513 0.436764227226377 0.317302579060197 0.0586939693894237
0.111913417465985 0.153310657013208 0.274642741307616 0.852840290637687 0.541243561776355 0.140410839347169 0.578507321188226 0.805490623228252 0.296175865689293 0.418814358999953 0.186568687437102 0.692188411718234 0.175739577505738 0.320983323967084 0.149645378813148 0.703894860344008 0.743122508516535 0.293141461443156 0.950994237093255 0.750027358531952
0.234558128053322 0.711951060919091 0.950915089109913 0.207822062307969 0.416201437823474 0.522466660710052 0.0345863695256412 0.946970766875893 0.740707533899695 0.346072434913367 0.317786662140861 0.33068425138481 0.557947459397838 0.683791457908228 0.272897461662069 0.275061991065741 0.0119792164769024 0.602875588694587 0.0022669811733067 0.629135233117267
