0.183307801140472 0.692719166399911 0.993235405068845 0.201496678870171 0.0792710152454674 0.450592171400785 0.146869682241231 0.961714294739068 0.161419420735911 0.948811089154333 0.67026523174718 0.862983491970226 0.499126667389646 0.568406365346164 0.553757155314088 0.452967452583835 0.374771566130221 0.294143951963633 0.210687913699076 0.779953737743199
0.664352442603558 0.761156905209646 0.0244668254163116 0.461575409863144 0.517913869814947 0.195509007200599 0.69831945351325 0.98127249092795 0.16146686160937 0.865501842694357 0.615424755262211 0.0677070657256991 0.448562897276133 0.222135194810107 0.565349717391655 0.406658535357565 0.208501389017329 0.714066216256469 0.823061549570411 0.758143447106704
0.642827410018072 0.590571822132915 0.885433091316372 0.333660065894946 0.735158786177635 0.103186616441235 0.450217591132969 0.703355996869504 0.410534250317141 0.324779424583539 0.575877964729443 0.201185025740415 0.461865564109758 0.156679285690188 0.620150026399642 0.0314552746713161 0.197858483530581 0.845134458504617 0.0838268140796572 0.0828344109468162
0.592600142816082 0.964686560677364 0.677501109894365 0.215024514123797 0.377730715554208 0.463666648836806 0.712987072765827 0.100935600697994 0.135170029476285 0.0332830252591521 0.866420680657029 0.646808790042996 0.489605179987848 0.756117805140093 0.273159005213529 0.919987577712163 0.314935975940898 0.270488305715844 0.156324082287028 0.471213764045388
0.22166232788004 0.550411937292665 0.643394525861368 0.572549037402496 0.884525454603136 0.526077986229211 0.882806096691638 0.450807490618899 0.869115359382704 0.160259455442429 0.523004828952253 0.152537614107132 0.606952972477302 0.170721240341663 0.279138167155907 0.41113531566225 0.191973192617297 0.495569917140529 0.219287666026503 0.249972722027451
0.307926880195737 0.411027807509527 0.386551799951121 0.198072235565633 0.0787522732280195 0.131748130312189 0.85590732540004 0.506726733176038 0.798123317537829 0.0269028565380722 0.105104775400832 0.143460578052327 0.72146482206881 0.281037141336128 0.594820014201105 0.341285592177883 0.0985937830992043 0.706022909609601 0.431325727840886 0.722272404003888
0.0985164167359471 0.402416658820584 0.22910921392031 0.980252141365781 0.00712443492375314 0.038227349286899 0.458025562111288 0.604959318647161 0.0333957141265273 0.0776505272369832 0.568718402646482 0.0070426648017019 0.890653329668567 0.897042282857001 0.548515910981223 0.28453395050019 0.0270645136479288 0.967892826301977 0.412037102738395 0.0733611870091408
0.775433422066271 0.461811898741871 0.722668991889805 0.329475504811853 0.790681667393073 0.174248022492975 0.288277475396171 0.712780239293352 0.651870103087276 0.474306529620662 0.302843649405986 0.177908803801984 0.91104275197722 0.743750638561323 0.73482485092245 0.356718864757568 0.000733183231204748 0.329269133275375 0.903918278636411 0.0235569817014039
0.957687766989693 0.780219323001802 0.137931685196236 0.957305309129879 0.86547085409984 0.846662917174399 0.742463144939393 0.116828860482201 0.419168730732054 0.340820275014266 0.992648657644168 0.700528840534389 0.646059061633423 0.982547517633066 0.319457918405533 0.150935163488612 0.80783554376103 0.193244471913204 0.0137571166269481 0.400741616263986
0.740171537967399 0.129474954213947 0.486203712876886 0.581416761502624 0.5033218562603 0.194800509139895 0.825894220732152 0.540562221547589 0.380480329971761 0.80448745447211 0.485993036068976 0.122278903843835 0.806123326532543 0.311162379104644 0.946406041970477 0.910607839701697 0.674779152497649 0.486054898239672 0.766854713438079 0.328374177915975
0.403794810874388 0.939497619867325 0.988968014717102 0.887041729176417 0.858033031923696 0.764633890008554 0.192509038606659 0.451422541635111 0.123345880303532 0.992133303312585 0.0426720348186791 0.985880417050794 0.363412566715851 0.968393080169335 0.354709512554109 0.172798383515328 0.0248088084626943 0.889536737231538 0.709314371692017 0.567398243118078
0.921040958724916 0.0112440383527428 0.965671805897728 0.488949478371069 0.0853595363441855 0.501569719053805 0.180814162362367 0.563321375055239 0.0412055754568428 0.172410372877494 0.313039477681741 0.0871440109331161 0.474485710030422 0.770393526414409 0.586044168099761 0.175699064042419 0.810845528496429 0.813818551599979 0.409396854927763 0.104379788041115
0.460474457824603 0.508493672590703 0.292536087566987 0.669254107633606 0.307593373348936 0.346303013851866 0.190096819773316 0.714973725378513 0.458016673335806 0.384220066480339 0.61160098342225 0.250342876650393 0.0618007227312773 0.273163554957137 0.679904038086534 0.459036397049204 0.415656278375536 0.205004814080894 0.197962915757671 0.862395145464689
0.282707628095523 0.0077546292450279 0.0419512633234262 0.191434275126085 0.260523459175602 0.404169980203733 0.101003942079842 0.532052473397925 0.950602487195283 0.958464892348275 0.554894003551453 0.687181660439819 0.811513955239207 0.351271641906351 0.223996202694252 0.991424353094772 0.171046605100855 0.536692708265036 0.490794447017834 0.231686101993546
0.127010013442487 0.59096090705134 0.660809906898066 0.588925517397001 0.783465121872723 0.476817103102803 0.835883875144646 0.707166184438393 0.615218886407092 0.0626636508386582 0.434802828356624 0.386770157609135 0.117612180067226 0.971917082788423 0.565529050072655 0.163249493343756 0.141769581474364 0.299890265567228 0.891057444736362 0.360196568537503
0.295647700084373 0.233261216897517 0.418738140026107 0.54058140842244 0.454559152247384 0.216709991451353 0.19070250284858 0.694447861751541 0.852886592037976 0.00546115660108626 0.942673025885597 0.738661026814952 0.332428194349632 0.214070816989988 0.203757948707789 0.913816035958007 0.959123483160511 0.635305090108886 0.219459966989234 0.797297622309998
0.0189629816450179 0.71266201348044 0.843451279215515 0.610779648413882 0.221060514450073 0.954437859822065 0.0383529318496585 0.166402127128094 0.522927422309294 0.494200015673414 0.697258065687492 0.740753375226632 0.666195775847882 0.713090085657313 0.0777620919980109 0.708160070236772 0.968427537474781 0.0040152168367058 0.774752657162026 0.933816336328164
0.747534722788259 0.788284518988803 0.743325097486377 0.490869966568425 0.526888407533988 0.0439852599520236 0.673826550366357 0.423475325806066 0.211397241801023 0.73838173202239 0.26624137093313 0.711237108102068 0.361922057811171 0.918897133087739 0.712331784656271 0.852398285409436 0.802523763151839 0.627704211277887 0.456307058222592 0.595782994292676
0.891284998971969 0.550202580634505 0.487144310493022 0.550476353615522 0.316093199653551 0.964905785862356 0.948317600414157 0.601701884996146 0.138547303620726 0.412371464073658 0.356811973499134 0.0163466283120215 0.930941542144865 0.437283817213029 0.271417870884761 0.66763856401667 0.565651214215904 0.149808362592012 0.729133789427578 0.929680539993569
0.332518579438329 0.605063010239974 0.394073761999607 0.169705288717523 0.835366984130815 0.540547523880377 0.875142699573189 0.146353481337428 0.668459772132337 0.128807767294347 0.225888832937926 0.773837010376155 0.727813534671441 0.137884196126834 0.936776001006365 0.544532132102177 0.840973882935941 0.392240829300135 0.2398823404219 0.545893714530393
0.482309401035309 0.662135236663744 0.714117922820151 0.739008634816855 0.14595314161852 0.714874162105843 0.0546343775931746 0.459010262275115 0.78650237317197 0.790148124098778 0.418696114094928 0.188370055286214 0.374880222603679 0.844651441089809 0.818753655767068 0.273005683440715 0.640684405807406 0.890932103386149 0.366879564011469 0.110966298962012
0.981721495743841 0.986828931374475 0.566516638500616 0.520410054828972 0.10148406540975 0.619513716781512 0.456005799584091 0.228758510202169 0.0462384819984436 0.078197980299592 0.262419803068042 0.0217763395048678 0.470924940193072 0.601908629061654 0.857024525757879 0.0354320656042546 0.899777693208307 0.883602026849985 0.420435860287398 0.902836182154715
0.58548991358839 0.559442987665534 0.339376879157498 0.797241415129974 0.66094598476775 0.286515629151836 0.133209977066144 0.358957605436444 0.183493610238656 0.664016361813992 0.794064904563129 0.728005797369406 0.00194993754848838 0.0633331411518157 0.392513829050586 0.874505427666008 0.328510264167562 0.2684423297178 0.772320636315271 0.406911775004119
0.827247509267181 0.349789816187695 0.996563504450023 0.728422397514805 0.377163154538721 0.95145393977873 0.69248598231934 0.880499980412424 0.865333463996649 0.502304826397449 0.765876977238804 0.0906913024373353 0.9904132084921 0.500188226113096 0.883000826230273 0.0633826814591885 0.616273383144289 0.783914010738954 0.906667082803324 0.355342761613429
0.804381126072258 0.0694157325197011 0.752002890687436 0.516451805364341 0.338932315353304 0.722267430974171 0.234022724907845 0.405530947260559 0.428951623383909 0.299115226138383 0.740848359884694 0.565277023473755 0.667894385289401 0.83857227419503 0.605013639898971 0.026613482972607 0.735550382407382 0.923628184245899 0.882818119134754 0.343478683847934
0.195671069668606 0.709446872351691 0.757768827490509 0.437019657809287 0.692295299842954 0.122269628569484 0.320139239076525 0.577704130671918 0.277978516183794 0.95454867510125 0.654697147430852 0.580042412271723 0.266552627552301 0.553360098740086 0.471545339329168 0.417789011495188 0.384884461062029 0.925946624949574 0.669942251639441 0.845285976771265
0.666012498550117 0.39018665230833 0.312019814038649 0.369013717398047 0.981125405058265 0.618776978226379 0.389329294441268 0.158531669760123 0.208600026322529 0.95237236074172 0.756907555973157 0.89536046446301 0.830504501704127 0.427542923251167 0.784987281309441 0.0936758012976497 0.349777606315911 0.115999726578593 0.889674066798761 0.0881126807071269
0.146567955613136 0.839471300598234 0.572279165266082 0.175685970345512 0.712474743835628 0.526040182914585 0.520845253253356 0.768876311834902 0.605838409392163 0.174813865218312 0.440386087168008 0.404539579991251 0.1743804870639 0.470785776153207 0.981288813985884 0.95224264007993 0.688671194948256 0.600916765397415 0.0424325715284795 0.847338018706068
0.936402639839798 0.402924416353926 0.276067033177242 0.794701726874337 0.942270565545186 0.15400804579258 0.439027251675725 0.870785493170843 0.680828139185905 0.158347262535244 0.511630069231614 0.378039032686502 0.825685963733122 0.701734969159588 0.469464623136446 0.701185022713616 0.719139044638723 0.828965230146423 0.304437086451799 0.111479916144162
0.591685297898948 0.0200588221196085 0.00526966364122927 0.379835550207645 0.339422325836495 0.613362176110968 0.0229979001451284 0.780460295034572 0.0349937069695443 0.0705708218738437 0.296094194520265 0.331971018807963 0.468696191674098 0.128474051132798 0.0523628941737115 0.303978588432074 0.871682029915974 0.275400323327631 0.524754137964919 0.385648504132405
0.795858470024541 0.681292048888281 0.918627643492073 0.117084770230576 0.420170836849138 0.100950884632766 0.593441994162276 0.853996540186927 0.819809837033972 0.724581729620695 0.513802119065076 0.991226395126432 0.878237186232582 0.644442000892013 0.53720459039323 0.166466803755611 0.541203326079994 0.201564405113459 0.965169547824189 0.334187798202038
0.402175045805052 0.825094627216458 0.37338645523414 0.448347274912521 0.217067432589829 0.0762641613837332 0.117447685915977 0.910991933429614 0.699832858517766 0.733108303276822 0.386970504419878 0.330178367672488 0.366679276805371 0.635380478808656 0.730093762511387 0.57496561575681 0.635558309266344 0.719718279782683 0.3619980791118 0.600528057897463
0.41681508324109 0.367303786799312 0.412894880399108 0.452903411118314 0.302604304160923 0.795731620164588 0.144388078944758 0.955823779804632 0.507814513053745 0.147256074473262 0.628541736397892 0.576281341025606 0.234204049687833 0.665052549680695 0.00243116985075176 0.570707133039832 0.0083526368252933 0.0415219140704721 0.970142357051373 0.0448947779368609
0.803895912133157 0.810903548495844 0.19874917017296 0.861648099031299 0.622398005099967 0.914164518471807 0.329654945060611 0.240639276569709 0.805777916219085 0.686746505321935 0.0379008541349322 0.341885318979621 0.0138325050938874 0.283477463992313 0.699817450717092 0.217929243342951 0.519748755265027 0.874704871093854 0.97223574668169 0.922441707691178
0.680287853814662 0.56625685095787 0.572885208996013 0.21094377618283 0.215486705070361 0.811142937047407 0.335624487837777 0.343100813915953 0.215576436836272 0.803284192923456 0.85863827727735 0.40919184545055 0.313170288922265 0.124090919271111 0.619586075656116 0.290167754050344 0.239365217974409 0.0974875413812697 0.289385866839439 0.109100882895291
0.607013150351122 0.141544114099815 0.37793041812256 0.656712411204353 0.318079211050645 0.898238969966769 0.0887665953487158 0.988614319590852 0.882639475166798 0.0102836431469768 0.744470077566803 0.615832488751039 0.364826520672068 0.899101104820147 0.358919735997915 0.246400956762955 0.79999104840681 0.304954364895821 0.866599008906633 0.668280955171213
0.816181515576318 0.601758019765839 0.585080972872674 0.406725642969832 0.81923119421117 0.0852716325316578 0.792239155387506 0.344252909999341 0.540614303899929 0.396106775384396 0.788756442023441 0.3953909331467 0.543364269891754 0.819973667850718 0.163237495580688 0.625360492151231 0.976714651333168 0.120600467314944 0.730652566300705 0.995924317510799
0.567178664728999 0.372742207720876 0.0322835231199861 0.039399117231369 0.753395986044779 0.770096173277125 0.558824681211263 0.826193293789402 0.0784457782283425 0.513259020168334 0.613662071060389 0.941888537956402 0.726429152535275 0.116608216660097 0.573809050954878 0.131341249216348 0.828247115015984 0.0260441352147609 0.839955393457785 0.233301339671016
0.867726629832759 0.644669238012284 0.798792858375236 0.0485753561370075 0.0480351394508034 0.316483471542597 0.716579772997648 0.221725323237479 0.321249641245231 0.81949199619703 0.816075564362109 0.484268500003964 0.423082288354635 0.463446730747819 0.780378337251022 0.284249846590683 0.898970651905984 0.814172716112807 0.889028262812644 0.166922711068764
0.0743706352077425 0.719620312098414 0.368906441144645 0.114450720604509 0.886055670445785 0.33412090013735 0.527858495013788 0.125888964394107 0.241601176559925 0.746920387726277 0.166764289839193 0.876774259377271 0.48284852784127 0.0438129948452115 0.791861891048029 0.942338953027502 0.0556863257661462 0.922326533356681 0.0221601061057299 0.681314120534807
0.867792571196333 0.802011061925441 0.394283376634121 0.168577639618888 0.773624256020412 0.298046329524368 0.687104109209031 0.97423777426593 0.265853489516303 0.396963018691167 0.209061442641541 0.998330591013655 0.517655106959864 0.203784610144794 0.144370696973056 0.438991880510002 0.62794040562585 0.645199804566801 0.30631096707657 0.980664134956896
0.0969571005553007 0.0617055336479098 0.904649196891114 0.275367080001161 0.646869766758755 0.653386997524649 0.912687295349315 0.558904092526063 0.37991767260246 0.9988853498362 0.843994288705289 0.185217634076253 0.524852033704519 0.453893195372075 0.754353506257758 0.539578111143783 0.318725869059563 0.76531336014159 0.65062237973325 0.887260917108506
0.418925680918619 0.0786505660507828 0.0991486897692084 0.0339936991222203 0.193821805296466 0.38694099499844 0.324943186482415 0.252394046401605 0.429082930786535 0.551193152321503 0.178210797253996 0.661130503285676 0.180203644325957 0.857168928021565 0.829897997668013 0.459046523785219 0.933066450059414 0.051526642870158 0.0397511019837111 0.497833648696542
0.718817679444328 0.131597368745133 0.632929380517453 0.790728162741289 0.227415064349771 0.299108744831756 0.730204190826043 0.0291813374496996 0.136270920746028 0.399659143062308 0.956029887311161 0.19854803592898 0.741312775528058 0.628040806856006 0.732281476724893 0.37628756952472 0.648185714147985 0.79686897364445 0.96507432917133 0.508518324233592
0.130940145114437 0.227402029093355 0.271465249126777 0.714876613114029 0.549771817633882 0.0740005890838802 0.092737192986533 0.412621289724484 0.340081356232986 0.915411273716018 0.424582991050556 0.393488586414605 0.238219634862617 0.774815393844619 0.862664532847703 0.693389524705708 0.300500800134614 0.603690600255504 0.265563053777441 0.258271015249193
0.677996046608314 0.376528993947431 0.621823631227016 0.0677164765074849 0.535427530761808 0.0711964850779623 0.566637893905863 0.299250645563006 0.242225845577195 0.163434654707089 0.0581179047003388 0.483981475466862 0.0255982906091958 0.67502683470957 0.49537932081148 0.224292202154174 0.384790051029995 0.810690900078043 0.533974781632423 0.703386442735791
0.546066791051999 0.409636880736798 0.381164089543745 0.00755642540752888 0.266640030080453 0.315152634400874 0.501791951945052 0.50436274218373 0.259075799258426 0.314057828625664 0.794069489929825 0.532257667509839 0.923227184917778 0.931126513751224 0.214086573803797 0.472723715938628 0.774064310826361 0.434562806738541 0.613360335119069 0.144003569614142
0.226841899333522 0.12607409269549 0.509321033488959 0.514843017328531 0.871060157660395 0.307753148023039 0.711233139969409 0.828242978546768 0.0322655367199332 0.0677643425296992 0.550641551613808 0.209258639020845 0.753217582823709 0.775545175652951 0.423460136633366 0.899422275368124 0.549101880053058 0.290976966032758 0.368907127296552 0.242687168298289
0.360248174285516 0.0193120171315968 0.234955624910071 0.714150382205844 0.329987342469394 0.87112356745638 0.392960079014301 0.0403518520761281 0.401797468308359 0.62684548436664 0.785363751230761 0.515460504917428 0.807528658071533 0.313985108397901 0.809255212545395 0.0663102162070572 0.739625012502074 0.429204156622291 0.526885161641985 0.193756918422878
0.587226292816922 0.505898670293391 0.624011317268014 0.577862691367045 0.545266672037542 0.869510602205992 0.669965296983719 0.467378444736823 0.132997088134289 0.504930871538818 0.581709145568311 0.442040044581518 0.294290271122009 0.612281318521127 0.259158871136606 0.29041396221146 0.841410587308928 0.833196687977761 0.693263538181782 0.77258773194626
