0.392076002899557 0.579061169642955 0.0887288318481296 0.761954530375078 0.0866229543462396 0.683162099216133 0.676418102812022 0.848199969390407 0.374710078118369 0.989834828767926 0.0447235952597111 0.070232821861282 0.397680430207402 0.843638006830588 0.896795339649543 0.0513261659070849 0.1433624336496 0.742458465974778 0.0307545869145542 0.57447470119223
0.241079428233206 0.725308395689353 0.586472262162715 0.326754112960771 0.683885130798444 0.993928393349051 0.00501712108962238 0.776039636461064 0.0729046042542905 0.278022955870256 0.0698492212686688 0.595326452981681 0.865459044231102 0.162762172752991 0.744721028255299 0.558314592344686 0.543677648762241 0.242742417380214 0.438057902734727 0.463146548951045
0.474071162054315 0.497282735304907 0.837362542748451 0.0653137320186943 0.225103060016409 0.692429432412609 0.507286701351404 0.874898113775998 0.13878055755049 0.893255194183439 0.222110388800502 0.593332850607112 0.223277333658189 0.122825851198286 0.392755051841959 0.0140570362564176 0.734134454047307 0.128294323105365 0.0438051642850041 0.90161422570236
0.755097312154248 0.478501778328791 0.963416612008587 0.629987596999854 0.610755932284519 0.559622399974614 0.0575403883121908 0.305093498900533 0.0270749726332724 0.162175643956289 0.779955439269543 0.477824839297682 0.649406901327893 0.62463116645813 0.655349734704942 0.153202129760757 0.39716983656399 0.431917186127976 0.459970269817859 0.675109869334847
0.404581326059997 0.0138157340697944 0.541761238127947 0.287030800478533 0.962189768208191 0.439413097687066 0.492006241576746 0.316993634216487 0.745287164580077 0.603115442907438 0.400377476820722 0.627599047962576 0.444584061857313 0.987145977793261 0.248555374564603 0.522018746705726 0.290099177509546 0.927307436941192 0.763130308128893 0.60399234155193
0.192898947978392 0.51663651689887 0.862780858762562 0.243219179334119 0.119152620900422 0.534850545227528 0.357713599223644 0.954537142068148 0.693098481744528 0.261651299428195 0.999689016724005 0.772169018862769 0.719035816844553 0.677088843658566 0.839213500730693 0.868887597462162 0.971671149600297 0.90047389222309 0.354562991298735 0.905642475001514
0.281520890304819 0.468432208523154 0.687982365954667 0.279070844408125 0.370554454391822 0.40260641858913 0.398436094867066 0.232978331157938 0.469871428562328 0.891666509909555 0.873995244503021 0.251166189322248 0.754598774481565 0.90266061713919 0.304197748424485 0.00993289425969124 0.446940706344321 0.426697830902413 0.456952254055068 0.778175734449178
0.565893987892196 0.745159605983645 0.898596110520884 0.721968753030524 0.995830026920885 0.649240780854598 0.950715708779171 0.148625530535355 0.981761986156926 0.576426224550232 0.435809297254309 0.683838501106948 0.513270972529426 0.865225632907823 0.226960906758904 0.104256531689316 0.0131994583643973 0.765097016701475 0.952790436567739 0.728359363041818
0.389536656672135 0.974458776880056 0.506607655435801 0.839681823272258 0.769599370658398 0.00655814399942756 0.0970727775711566 0.468568705022335 0.385733782546595 0.590794194024056 0.993140591774136 0.418148600729182 0.184093709336594 0.590413177851588 0.703918866347522 0.341074371477589 0.40463749691844 0.318893494782969 0.872980658663437 0.362117775715888
0.128017126349732 0.735025444766507 0.32004190934822 0.400433709146455 0.726023301715031 0.461483191233128 0.57308226916939 0.736258568475023 0.760450976900756 0.491352851036936 0.166934966808185 0.0800064806826413 0.0753144021145999 0.249942823778838 0.907422869000584 0.296510533429682 0.641697117593139 0.387205787235871 0.145030766259879 0.240954340202734
0.52650572406128 0.150204121600837 0.450411514844745 0.805061303311959 0.889177993871272 0.0983606034424156 0.8538051196374 0.0543866732623428 0.858310076175258 0.845542883034796 0.906777622178197 0.574856227263808 0.676667348714545 0.443170305341482 0.962205351097509 0.528477371437475 0.883194822119549 0.534034499665722 0.0344869317486882 0.411256027175114
0.773977698758245 0.771193433087319 0.239476357586682 0.484604817116633 0.976198535645381 0.723099794471636 0.832711089402437 0.839171586092561 0.19938603322953 0.772626531776041 0.160489005735144 0.294309759512544 0.230255159083754 0.235105199972168 0.359529487788677 0.351228803396225 0.26000986690633 0.886766472831368 0.52146140509285 0.943369070766494
0.805455985479057 0.225834978511557 0.760978196747601 0.554392951540649 0.999739134218544 0.713436428457499 0.415622299537063 0.438064495800063 0.654547040816396 0.672641897341236 0.00392378470860422 0.0147853256203234 0.777760537108406 0.779335689963773 0.298200524412096 0.574602389009669 0.772442723158747 0.10266894637607 0.241397724719718 0.517277756938711
0.723941970150918 0.911651652073488 0.61742823687382 0.096364650176838 0.385269346181303 0.0444439125712961 0.39491074369289 0.81840536207892 0.664882314391434 0.290265124756843 0.399094660999253 0.314531984040514 0.0157006103545427 0.0631194948218763 0.310585962608457 0.824457700131461 0.248267352115363 0.632366000441834 0.587793172569945 0.149776399834082
0.839942011749372 0.220351637573913 0.017026568762958 0.887261688709259 0.2080755578354 0.249520315323025 0.267464883159846 0.288550207391381 0.911482838913798 0.150245993863791 0.230628336314112 0.0690035629086196 0.754904472269118 0.144606729736552 0.390429915394634 0.935961021110415 0.141484685940668 0.665726595092565 0.360395056195557 0.674783499212936
0.531524522928521 0.254348419373855 0.312707826960832 0.411979998927563 0.215690112207085 0.143046519020572 0.156734283082187 0.708226413466036 0.677631670143455 0.7625285719987 0.433459209976718 0.305730137508363 0.225397979142144 0.234064814634621 0.676359189907089 0.587256074417382 0.424109007464722 0.448036110494286 0.150165668455884 0.306606790749356
0.388057915493846 0.707738186465576 0.883033462334424 0.11011777841486 0.899224417516962 0.374976425431669 0.302162484731525 0.431612396612763 0.278009058907628 0.756985831307247 0.166375633329153 0.211742916842923 0.354523339541629 0.680858851410449 0.821955282473937 0.599805815611035 0.948666686192155 0.505979312350973 0.512069747783244 0.511905405437574
0.717556879622862 0.375877489801496 0.986459000501782 0.949160421965644 0.788672750350088 0.555720693897456 0.0297338818199933 0.168767716037109 0.254980945726857 0.322719227289781 0.29810608853586 0.972827612422407 0.00747249042615294 0.983392503811046 0.740811670897529 0.731554939411581 0.316965158563107 0.124726419802755 0.419734849594533 0.290609610965475
0.537748989416286 0.453470659442246 0.304769514128566 0.489671890623868 0.57366031804122 0.669914343161508 0.882227094378322 0.23804829781875 0.412926471792161 0.816427926067263 0.55886537884362 0.158315170090646 0.936721982900053 0.889836779795587 0.797359576681629 0.3004631169606 0.260392087744549 0.496770366793498 0.286644601263106 0.830960831837729
0.370047936215997 0.336679683532566 0.537099627545103 0.0137346333358437 0.857430030126125 0.963434899691492 0.336449072463438 0.908530933549628 0.00621215347200632 0.267085842322558 0.0193214938044548 0.0746099271345884 0.912508012959734 0.284014122793451 0.392380075762048 0.843188241822645 0.524869169807062 0.928143049357459 0.774855736875907 0.624483904801309
0.683847396634519 0.820713589899242 0.429610635153949 0.591827075695619 0.651778656290844 0.970501185860485 0.81443128362298 0.398719422286376 0.521787272999063 0.0170546299777925 0.0876622046343982 0.218576153274626 0.678475593216717 0.730719615472481 0.132070614956319 0.277134926058352 0.0825708678457886 0.13149387598969 0.918106227880344 0.229618081822991
0.776748370146379 0.0367610338144004 0.540635005570948 0.277501388452947 0.271372300805524 0.920336867682636 0.625973983667791 0.657480828696862 0.226404106011614 0.648261218797415 0.645322611788288 0.0245717901270837 0.18756603775546 0.140027415473014 0.314446610398591 0.242404491174966 0.0947551759891212 0.273408848326653 0.185480109183118 0.581895877607167
0.668662821641192 0.468516646884382 0.376125746639445 0.765461826696992 0.38384921848774 0.381339214509353 0.727117646252736 0.919631750322878 0.662068442907184 0.615767877316102 0.279731048503891 0.462638976052403 0.232116685016081 0.154544821474701 0.706542850937694 0.0281604332849383 0.158880391856655 0.09562036418356 0.240626957733184 0.887415869859979
0.957051406148821 0.311698790173978 0.939848634181544 0.155951046617702 0.783622232964262 0.581578524550423 0.497750850161538 0.771276358747855 0.279783186037093 0.865329502383247 0.0479728949721903 0.622224180959165 0.754782334668562 0.278442387469113 0.406349007505924 0.568185254000127 0.316921362653375 0.910505153937265 0.372529738117009 0.929940185975283
0.511512197786942 0.288430993445218 0.940875364467502 0.924259348772466 0.49913767259568 0.88839798560366 0.28974973061122 0.887252419488505 0.865029197419062 0.969629148952663 0.248801069334149 0.871840866515413 0.376176241785288 0.00754993595182896 0.589867630973458 0.323950697202235 0.258703742409125 0.530474035767838 0.730209909612313 0.695512263802812
0.736160034313798 0.925656316569075 0.469800465973094 0.0189738522749394 0.0923446943052113 0.966537632979453 0.271429533138871 0.578027331037447 0.84980023978278 0.703818169655278 0.0680926602799445 0.121017440222204 0.537832259433344 0.895505735417828 0.361570450942963 0.5778190465644 0.447505335323513 0.0851120790466666 0.829885087907314 0.617941801203415
0.457556042587385 0.662944737356156 0.0551474587991834 0.841692577349022 0.147320128977299 0.77834279788658 0.943367130123079 0.184796215966344 0.602310929447412 0.229016589699313 0.391192060429603 0.730006203055382 0.863503014901653 0.740238712867722 0.729434110224247 0.0672139558009803 0.23172561917454 0.622098811669275 0.132919786963612 0.897094009444118
0.486948654521257 0.0284971161745489 0.911020766943693 0.739121941383928 0.721345249330625 0.814852688228711 0.71626591659151 0.658943597227335 0.200094509869814 0.75534209003672 0.403171323239803 0.142159749288112 0.810607169521973 0.345812910236418 0.516184935113415 0.498541453620419 0.155417660018429 0.618376491125673 0.155871359631419 0.716126187006012
0.0610848988872021 0.885446014348418 0.635370522271842 0.199812560807914 0.0181834881659597 0.43919553165324 0.202755427686498 0.379061497980729 0.9592589228414 0.720008060103282 0.148062610533088 0.900925271678716 0.0940382992848754 0.677833314985037 0.216180578805506 0.520523876650259 0.854980494827032 0.499973357887939 0.395126106217504 0.862465221202001
0.909932989394292 0.650131577858701 0.594958118163049 0.606855548452586 0.596283672377467 0.448177824961022 0.622154860058799 0.146877970080823 0.693059823475778 0.999676618957892 0.473554039141163 0.500194988679141 0.977131617255509 0.417526175733656 0.52978004864417 0.343070915201679 0.569427006877959 0.697629909496754 0.995050358586013 0.80201763077639
0.524317815201357 0.611480525927618 0.255524536129087 0.981721662916243 0.497165370499715 0.270951266866177 0.508586247218773 0.302032762905583 0.338172463933006 0.988246063468978 0.150930759031326 0.21163902641274 0.812004813458771 0.398758951574564 0.948415932245553 0.949323287699372 0.767640804173425 0.275001791538671 0.699902524007484 0.585881589679047
0.30402716062963 0.0286779827438295 0.120216357987374 0.654158619698137 0.070346585707739 0.843332654098049 0.788669816218317 0.505020769080147 0.916983169270679 0.303578486433253 0.403340392746031 0.44260250707157 0.416500886436552 0.800917568150908 0.897518669720739 0.240583083825186 0.58843374508433 0.202061630319804 0.384243653155863 0.058931008214131
0.328186384169385 0.572735951049253 0.200572315137833 0.992978650145233 0.695689648389816 0.193146496079862 0.276412713341415 0.998386566992849 0.605252742534503 0.893988891039044 0.579106466611847 0.416218727827072 0.20633120671846 0.321068882243708 0.241809415863827 0.3453429332003 0.749256095383316 0.158340245485306 0.197713985107839 0.403579062316567
0.580602057510987 0.108352034818381 0.204597618198022 0.308999581960961 0.422020117053762 0.779510923894122 0.0261091096326709 0.741322345798835 0.890009421622381 0.605082364520058 0.362177355214953 0.46983215212822 0.970657899277285 0.089902583276853 0.440936098108068 0.0754342703148723 0.675331518985331 0.363552019931376 0.20353718707338 0.492956761969253
0.443672605790198 0.134335157461464 0.0810540462844074 0.692303431686014 0.7992097241804 0.140136159025133 0.760415352648124 0.911055220058188 0.866732536582276 0.915854269172996 0.814753061858937 0.293734499253333 0.480918523855507 0.221483136760071 0.582392175681889 0.428933900548145 0.570178389782086 0.0260648166295141 0.748855721671134 0.205219431547448
0.275471113389358 0.646429968765005 0.801844593137503 0.177348351338878 0.609359046444297 0.557636610930786 0.3810793987941 0.158194904914126 0.303059896919876 0.905861975159496 0.6386280041188 0.733506163815036 0.434566723648459 0.629245704272762 0.892682175617665 0.949251377722248 0.542173601686954 0.467992574675009 0.931839286349714 0.108192094834521
0.297875093529001 0.508526878431439 0.673251862404868 0.11637769616209 0.468427624786273 0.512361537199467 0.748862529639155 0.59361775056459 0.200780395418406 0.1217584842816 0.896132471971214 0.261320844758302 0.914734330726787 0.615577121730894 0.0400629877112806 0.461622186470777 0.424886622000486 0.179684744914994 0.514292559353635 0.0717895017005503
0.171422013780102 0.79369398439303 0.894095568917692 0.651604607934132 0.244354139547795 0.377030434086919 0.567116597434506 0.848035217728466 0.547661654418334 0.36050109541975 0.0543779416475445 0.211598883615807 0.129597063874826 0.0362386216875166 0.927342760143802 0.365759448381141 0.2734875313472 0.902099334169179 0.238195702200755 0.0280623673461378
0.554566870443523 0.789130890043452 0.473903112579137 0.56609717477113 0.765554224839434 0.785771640017629 0.105042452225462 0.186780893942341 0.35989878536202 0.990416519809514 0.225516270613298 0.140426149591804 0.669824717799202 0.471394852502272 0.940890581114218 0.80191603093408 0.366020503686741 0.483699064003304 0.971679389709607 0.870396706042811
0.151827545370907 0.591938141966239 0.179503713268787 0.234407099196687 0.443647477542982 0.153876117430627 0.570492165861651 0.95352724683471 0.523341287858784 0.62026942637749 0.958869440015405 0.971220053965226 0.0201879916712642 0.680951796704903 0.904676376376301 0.503229777095839 0.101384825306013 0.311476006638259 0.0672386437654495 0.475235218647867
0.454214754048735 0.177788017783314 0.736544178100303 0.782043781131506 0.0972907037939876 0.0667010014876723 0.953777182148769 0.0431091533973813 0.798932084580883 0.648461770731956 0.176766459830105 0.800839064409956 0.000513857696205378 0.586413581622764 0.666311620967463 0.0222915671765804 0.833235037047416 0.505357289453968 0.469125182367861 0.634219942614436
0.532644730992615 0.39963766746223 0.967502389801666 0.998384003527462 0.16825508326292 0.849101547384635 0.069352603983134 0.0660123478155583 0.0466431071981788 0.886111560277641 0.911994579480961 0.719936782959849 0.605089923599735 0.770164468558505 0.860635760473087 0.095781035721302 0.958566908491775 0.640546080423519 0.248080430319533 0.694253435125574
0.182648884598166 0.818095335736871 0.844176021171734 0.778198210056871 0.458212427096441 0.561751971486956 0.194596991408616 0.0654227337799966 0.539274624781683 0.178277198923752 0.573703303700313 0.889995971228927 0.929171370342374 0.0957032104488462 0.317802924895659 0.873309389688075 0.763669837964699 0.622558468254283 0.792988244211301 0.552797795040533
0.0967418444342911 0.297645619604737 0.615101426141337 0.397972877603024 0.801081093493849 0.316754841245711 0.0360531320329756 0.333125297445804 0.531377375125885 0.481124771060422 0.0938131669536233 0.393429071642458 0.552942376118153 0.272322552511469 0.314336553448811 0.107278062030673 0.667496964102611 0.707135614007711 0.550994826247916 0.850638294126838
0.680397163378075 0.190792200621217 0.966630573384464 0.788147537503392 0.412343763979152 0.499676988925785 0.261714494321495 0.752661227947101 0.0303331175819039 0.150102933635935 0.36599905602634 0.184518354479223 0.828047915594652 0.118882899172604 0.97126795956865 0.903025751700625 0.594696808839217 0.284684956772253 0.205360647058114 0.520920903189108
0.442875640466809 0.527255636639893 0.353034730767831 0.0515658911317587 0.951433151727542 0.237804675009102 0.891180629143491 0.509789921576157 0.155247999355197 0.973554552067071 0.775253679836169 0.573310870444402 0.236714461585507 0.0921249382663518 0.149180174106732 0.0522386687807739 0.566418998874724 0.922413381747901 0.860780951799825 0.252155628520995
0.463540090247989 0.285358310677111 0.740704158553854 0.291583097307011 0.550976736471057 0.680710427695885 0.15863582957536 0.721667490666732 0.136941074859351 0.683323567965999 0.519145141821355 0.135030296398327 0.263854708988219 0.868525786558166 0.616670736577362 0.733583246124908 0.686328971292824 0.873373450245708 0.874354172032326 0.440642576664686
0.124913374194875 0.261473130201921 0.758305012481287 0.889982539229095 0.124724416993558 0.722829908132553 0.294813755666837 0.717507265508175 0.654740751022473 0.594535271404311 0.970820728689432 0.696429674746469 0.290723846992478 0.612537066685036 0.173740287311375 0.397597381379455 0.591091189766303 0.9526845975779 0.0548640140332282 0.799854651326314
0.803269640309736 0.883628556272015 0.742181689012796 0.695242072688416 0.438742808299139 0.171408509137109 0.67746826284565 0.969922568416223 0.896486632758752 0.468087373767048 0.718352589290589 0.5502439646516 0.604504074435681 0.395017471164465 0.113840404665098 0.0576769155450165 0.795343603938818 0.428311793599278 0.412773934658617 0.112216890556738
0.336352077778429 0.743600296089426 0.257095460779965 0.110354312229902 0.718852090416476 0.649415631545708 0.433007396524772 0.126068524550647 0.590363211696967 0.440725524444133 0.21828820137307 0.430516863707453 0.894866269081831 0.0741371794138104 0.275552987819538 0.976092567900196 0.921714774798602 0.183078282512724 0.894090567715466 0.487901163287461
