1163.22863051362
1033.90703867625
1112.07810625462
1050.40643608607
1120.66001406196
1029.84550179038
1154.62731453476
927.363681032033
954.641015905263
1093.85314777616
954.74299014339
1175.90408204187
1155.65576563668
932.30700317431
1124.03717267485
1100.51617211966
949.563647958581
1135.03489880614
965.87588058227
1268.08860674885
1086.37550537219
1109.6026407511
1023.00652038656
1204.07454871709
3014.39484003541
1003.21606251204
873.186488334494
953.62766061829
1070.01606617548
1072.28838577485
1325.79544884494
1015.22906587366
1005.10009981529
1049.175345712
917.131797183466
1142.57323385991
1210.15251807353
1188.96956146544
1334.67106559304
869.590280176129
880.35463039287
1342.48728132042
1016.24771437134
1024.81138794009
1078.5552345497
1099.62921583431
980.237975839071
1096.53524707703
994.601440240036
1225.7446843117
1192.26002851419
1253.97260697875
1076.11505277798
1073.66064656693
1061.74973125399
923.123590805446
1110.68913825996
1052.78124277291
1101.19754167926
1130.11087810595
1123.66130219751
1328.82083662186
1478.30458062176
1034.86642839844
1212.08184425262
1334.73093890112
869.979744559203
1061.52123330681
1041.39532183159
1050.59763555556
961.006840657406
1167.0021236652
1235.69087886902
980.388153000895
1024.35479227327
1036.68806098276
1325.36044579052
937.049990399105
1402.43023842115
853.857621722695
1033.80271714766
1052.46118852937
1276.48341588674
944.957591055718
916.412684650705
920.507819522982
1063.17945534053
1254.60257027819
1046.51291481923
1364.80182858681
976.874138378138
1070.78908270924
1143.81051418953
1051.32957316064
3017.57820887695
1252.0667080083
3009.52610300939
883.573944837355
961.207041763958
915.489900252352
1045.70101412421
1406.86945959068
718.903882297318
1017.56497997766
1051.34713824127
1046.76130663162
1080.85165172862
1027.39682771922
3015.36161587925
936.108243332014
1045.68405141779
1094.04612529367
995.702744317651
1234.75002995966
1217.6592839885
973.253337879849
1164.66102224522
1179.73185437394
1064.72131682628
944.196851137037
1025.16234276671
1076.15624039372
1212.26179761422
863.163869291809
1143.02827715514
1100.90973338291
1119.46220492136
1220.52607499973
1037.73866949918
958.515418129518
885.942463331038
1135.97112834776
1095.57343227196
1100.9026512445
1020.64480250961
1102.56527803382
1080.80241750318
1016.27900904386
1273.9297424888
1026.75925596539
773.10319882729
1065.3464031876
948.360102740409
1186.85868669853
981.228349196361
3011.78412948197
1294.60217585737
1210.10558042497
1039.18539129762
1147.52841782445
1086.86251059289
1271.9305368323
1267.68383788864
1116.01555049047
1054.60534905038
904.727175237202
1289.98118069586
1241.91191813098
876.381377757064
1280.17304945544
1385.91888778954
1090.88413799723
1332.30444779023
1118.43153721827
1109.02287816633
1026.55263083691
807.306858035991
1093.72038881402
1182.47465672613
915.586165116889
1094.43016393411
1004.22079051687
1149.40272290887
1198.05111884693
1184.82442272116
1196.32384162296
1122.96157688051
3013.66171118982
1052.61305984049
751.925144379385
1175.11811930601
892.249125330044
994.815813374205
1005.84082912596
1104.24891072653
1066.61784634296
1216.21745674523
1092.75442016455
1025.63817768477
1115.30394354217
1253.09991022193
1088.14929452149
1159.87406543038
1119.22417009859
1015.22710964359
1229.54880508669
989.409984526215
868.24837847141
1106.42141692801
970.850137740559
862.183281239029
1093.94650201637
1392.80140257759
1021.36794625273
1055.02347977205
1178.58606695638
922.477030972426
1286.54009754357
856.783630538941
952.602606734482
795.055679783898
1264.13439561989
1275.45052150441
1177.59551057561
1116.58308754776
1089.3334970923
1455.99822314155
1022.44504115075
819.265840831793
833.085317469551
830.083245978376
972.192933585723
3018.46798100682
1188.68914945039
1263.54830807158
887.678467306481
1043.70345583135
1227.0031132915
1118.92679411616
1126.31691337127
1141.885207742
986.009154526771
1231.42505167664
906.90262189267
1313.8518766699
1095.73858365632
1067.89787660744
1002.7376075178
982.164220771426
1128.25864250495
1084.64380669343
1081.69190951573
1223.37235826534
1251.33887636571
1216.16015431066
1206.04822806568
1246.29192856456
1213.00288967852
1072.22575266162
956.060000072852
1199.90119872532
1250.89689711119
1124.36042554117
1195.92918125022
1113.33849904673
1260.25315590052
1014.49022389242
1079.68362619893
1221.66819245935
992.262085828461
1152.27014659746
1113.48056775358
1294.40959458899
1294.59937346957
936.787989250038
873.67986995169
1194.73297201416
973.160830045247
1084.66761965141
997.500904428785
1208.65657399143
1055.50074864103
1165.47662853657
958.087011439286
1163.74857862401
991.780417155012
919.876107372627
1049.7799818916
1159.88649707311
1050.37548675569
803.747299152257
3018.20130172741
1047.37910053142
929.276154119215
912.310067526122
1209.71038779504
1030.80831450286
834.262328062447
919.78208289819
965.327144030532
1130.3917115453
1068.79102907261
940.766942055946
1202.95918950825
1104.12182517154
964.025873701672
1172.45055034135
1093.13126660957
1074.80001414876
1054.11037443136
1285.70509710733
1029.5920096154
994.797846548281
870.617075764946
1195.47404900039
1185.6014172862
994.109936808079
3015.56772172719
1223.02591356393
1075.32884788525
1145.3905356416
1096.64105624654
865.732877241045
1174.59633157222
1085.82449068128
916.302112681024
1154.69197389613
1298.91060643104
1123.66556165917
1194.74840822728
913.578044992121
1269.03039111969
1084.53428238252
924.754481594699
1238.03858023057
985.561436759033
1113.9405457868
1136.97869719927
1373.53526439788
1218.00467826521
970.377369992687
943.415012723364
1013.69302619398
1108.71156782283
3016.44279456178
1110.04991819928
956.262231324146
897.269559147648
1046.11498481164
1128.66529940931
3009.42655763727
1124.48468116799
852.465828319218
985.002451855124
954.091831336065
1138.38506697738
1405.84434724898
1055.72593231435
3017.77510912621
846.503391011441
1000.50770317774
1431.30191176038
1229.90727009893
1070.51937369396
1087.65387337329
1110.09299606599
3017.50690697192
1141.08297016955
996.094658057539
1046.34796443047
1321.16716941798
1035.67784518936
1085.47048539061
1098.34489178833
1167.58940383622
1170.53613929239
1065.04856109296
944.441127174636
1216.61453311094
796.211934700211
1144.18452606865
1056.47696046697
1190.70126060473
994.678049493409
1177.99457560929
1075.57930888399
1090.56961650432
972.133689972102
889.344631877797
1192.15617693542
1094.54397793165
3018.50214118198
1193.14606978436
1068.93292542805
1208.56183108385
1118.77348627652
1187.61997903607
1096.10251936116
1163.61250504564
1138.17298335659
1191.98555009463
1153.21440707406
1044.59396824502
3015.57120788047
1034.19408741117
1196.18036317801
1097.40510686454
3012.95906088893
996.003463295049
1025.84721880763
1218.95602517888
1149.35350787871
919.109204845071
1108.99206082195
1079.06808883596
1461.23527696671
1086.90588745183
903.931489603121
1026.61367671332
1064.70526097894
1031.0661700375
1224.25815602971
1039.59212174398
1228.62127785122
869.773570526776
1184.62121512976
856.241023163107
1037.56260283622
1008.00491945071
1026.98819252333
1111.33125809827
1045.59840000234
1133.78365864931
1254.34765765999
999.28301231809
1217.23617959096
1103.49218324465
1301.12337398304
1196.46621147839
1216.2474595854
1053.33616560066
1323.14047983453
1192.42868241499
1207.09564774564
1266.24986908203
1050.16357661889
1157.7214526515
1313.4978732381
1219.67873215038
1135.84441253683
1220.74524221509
1357.68314164505
1095.66279870682
1070.35622480304
1065.69234516944
1345.09097745734
1152.34575498351
981.979651243367
1135.53679878651
1213.88743389033
3017.35501072414
993.379050694169
928.45496129132
972.18823445066
3011.46454373253
1292.16762852955
1301.34235389284
1077.54651995962
1105.58992069697
3013.53134762777
1143.72840402329
1057.40020807286
1034.55882418247
1340.12702550165
1386.91330730203
1239.67262241333
1057.66337974682
1057.62104719494
943.383864277778
1317.9934401346
1074.22665766773
1059.27592557391
1142.53158333642
1071.55011117523
3022.6256636127
1469.61742382616
993.765157703445
1150.91093833045
1125.20368749419
1090.7767629265
884.294461648343
1132.33084814305
1151.08994970345
1035.55451568403
1051.56965336227
1256.44035117209
935.567568112358
1293.55858357353
1174.5677764179
1108.17050892421
1051.43589798662
1060.2985144628
1075.59529533448
1241.42267602923
1078.22499215197
1237.92794599366
924.149509363052
935.097155458158
912.867377849608
1140.75870767335
