0.109952385071665 0.884859420824796 0.0199548962991685 0.841464226366952 0.261435810243711 0.735647649504244 0.969047730322927 0.792670266702771 0.118997740792111 0.158027517143637 0.159968201769516 0.802672899095342 0.358094966504723 0.0378995593637228 0.3223486461211 0.467333660693839 0.0934151820838451 0.614319503773004 0.359349892940372 0.0894048188347369
0.674066253006458 0.169188203755766 0.756769797066227 0.801551359239966 0.443563020555303 0.272887999424711 0.848300799960271 0.72660443582572 0.637439037673175 0.174234428210184 0.806320598116145 0.183931445004418 0.627002248540521 0.581856539007276 0.45985564799048 0.619769740151241 0.246381369186565 0.0451806406490505 0.276332515757531 0.338516823248938
0.50602344959043 0.517699112650007 0.862448744243011 0.857301933225244 0.88848090544343 0.606893333606422 0.662780766142532 0.55722821992822 0.233689807122573 0.513130180537701 0.584309393540025 0.244515271857381 0.0494565090630203 0.528826639056206 0.146608910523355 0.257039876654744 0.607592836488038 0.0637998466845602 0.872718711849302 0.531726772431284
0.235045702429488 0.666891245404258 0.9699253058061 0.987612897064537 0.0921290670521557 0.519164078170434 0.987106864340603 0.466353736817837 0.263615424744785 0.922909875866026 0.556099062087014 0.919449089094996 0.701540898298845 0.926155813038349 0.27213877113536 0.113011609995738 0.407408270286396 0.672061011893675 0.147528538713232 0.81720116105862
0.942732281517237 0.595933810342103 0.539182335603982 0.114513980457559 0.192934738239273 0.94502176088281 0.646794156404212 0.591063344385475 0.528183921007439 0.280432010767981 0.268831914989278 0.681178268743679 0.432986445957795 0.365216818405315 0.148179274052382 0.593411157373339 0.2870814348571 0.458593293093145 0.930245129624382 0.620876439381391
0.703567551681772 0.701763205928728 0.06819918891415 0.099318197928369 0.235190662089735 0.429132682504132 0.955401230603456 0.30608352064155 0.939875280484557 0.333280121441931 0.948848163243383 0.00550664099864662 0.669676549034193 0.470406065694988 0.20517649082467 0.646303317975253 0.85058333678171 0.92523157200776 0.743818721501157 0.0299314328003675
0.0497216375079006 0.201877148123458 0.382275251904503 0.475834800628945 0.617214871337637 0.647604065714404 0.223398805828765 0.571549753658473 0.762610720470548 0.405078608542681 0.0499173698481172 0.11052105599083 0.556100381538272 0.627380078658462 0.000259319553151727 0.0505901947617531 0.446886393940076 0.35841654590331 0.137954183621332 0.69246399612166
0.701342960586771 0.957800184609368 0.393770015798509 0.885505062760785 0.930940730730072 0.632156763691455 0.239783497294411 0.900207452941686 0.040492924163118 0.150115228258073 0.162683655973524 0.0407217007596046 0.960810871096328 0.394275086233392 0.46186422300525 0.430276742437854 0.80463754455559 0.810303731588647 0.780114097520709 0.708455577958375
0.814163655973971 0.828696063486859 0.839954408816993 0.719250251539052 0.916002192301676 0.847619237145409 0.169783094199374 0.155325853032991 0.116735701216385 0.637952633900568 0.641481697093695 0.105460113380104 0.738862854894251 0.851706539513543 0.917753424029797 0.409823578549549 0.766150180250406 0.604434675304219 0.530574979959056 0.088538725161925
0.0104760567191988 0.654237216338515 0.916060229530558 0.671722479630262 0.565114790573716 0.776803232729435 0.948269839165732 0.730087337084115 0.208568234695122 0.54403801751323 0.0894505893811584 0.729398159310222 0.166660658083856 0.707433999748901 0.558903818018734 0.0249790430534631 0.0245609392877668 0.407212503952906 0.0511240693740547 0.191498982254416
0.699212584411725 0.449283184716478 0.154073344310746 0.16312951920554 0.229549051262438 0.135728303343058 0.758053733967245 0.970630667638034 0.436609278665856 0.870682851411402 0.64457546104677 0.84390396415256 0.796614411752671 0.517606982029974 0.288096195785329 0.0380444673355669 0.231326042441651 0.809579515829682 0.269230583915487 0.564891794230789
0.272671819664538 0.684579542605206 0.608275025850162 0.438704672502354 0.030999070731923 0.90216638892889 0.839822405017912 0.322811146499589 0.306528080254793 0.336227399297059 0.27632670244202 0.596160779008642 0.841666862135753 0.547441826900467 0.628845193423331 0.657734560081735 0.0178118941839784 0.0189171333331615 0.860364278778434 0.30491837952286
0.812496111728251 0.0944523736834526 0.615518872393295 0.0300406035967171 0.0594079464208335 0.307716678828001 0.208869894500822 0.404585670912638 0.41943327174522 0.999157581944019 0.0962501794565469 0.278571194270626 0.526784951565787 0.437509506708011 0.0698331261519343 0.488142727641389 0.923365590162575 0.0824640542268753 0.794918379047886 0.82364714378491
0.238888335647061 0.746340203564614 0.0886192205362022 0.606366924708709 0.67636765865609 0.619713700842112 0.171480195596814 0.968414120143279 0.372574278153479 0.251522025791928 0.628494360717013 0.722557451343164 0.458731546299532 0.575741897569969 0.142118678428233 0.419577062595636 0.993854214670137 0.551926457323134 0.259544071741402 0.243535759625956
0.506283583818004 0.895110661396757 0.859176284400746 0.724798353156075 0.855591864790767 0.670238215010613 0.85184972314164 0.611060007940978 0.203580868430436 0.796978526283056 0.671161965234205 0.132579603232443 0.349325150484219 0.203699653968215 0.67137872823514 0.320334080141038 0.197360699763522 0.362791207619011 0.43712471332401 0.3137323691044
0.558208354748785 0.570053001400083 0.568658300675452 0.326152586843818 0.131004132796079 0.0566077404655516 0.647474569967017 0.951700591016561 0.0118478259537369 0.374918301589787 0.597697724821046 0.745347866322845 0.321542662801221 0.643464665394276 0.0418101253453642 0.973549603484571 0.964456562418491 0.268651133403182 0.931868724524975 0.82790600694716
0.929551977198571 0.635118381120265 0.467362531460822 0.0901267707813531 0.419913729885593 0.411370220826939 0.279597296146676 0.463434778386727 0.645042030373588 0.598041599616408 0.131664367159829 0.959813466761261 0.553799207322299 0.646968703716993 0.411390557419509 0.589603319996968 0.602665862999856 0.771515412954614 0.760588066186756 0.289696285268292
0.709119398146868 0.444664267590269 0.414262008853257 0.587229499360546 0.221017743693665 0.881587626645342 0.0273760766722262 0.105202290695161 0.343283538240939 0.400474292691797 0.772121224086732 0.0701817891094834 0.936133373295888 0.145755000412464 0.181411940604448 0.744218980893493 0.966323096305132 0.738468267722055 0.352388148894534 0.0889120339415967
0.570506552932784 0.240596486721188 0.768568684114143 0.320192830404267 0.804877229034901 0.732730232411996 0.823481223778799 0.294452880974859 0.771098547615111 0.0152736138552427 0.73858295683749 0.605071687605232 0.312712777405977 0.146865939255804 0.346733169863001 0.05133140925318 0.90308250952512 0.0728106056340039 0.21471806243062 0.308522410690784
0.0799376720096916 0.20658614160493 0.804454713594168 0.646521545015275 0.247340583708137 0.822676095413044 0.111023768316954 0.716309609357268 0.0317148447502404 0.897689777659252 0.0309813036583364 0.705833934480324 0.300040795467794 0.994940289063379 0.025564574636519 0.538320228690282 0.249727489659563 0.649022149387747 0.484544182196259 0.0856896915938705
0.718157480703667 0.663040187675506 0.322826308431104 0.846636787056923 0.638920339988545 0.326704164035618 0.950286670820788 0.384369911858812 0.676208261167631 0.961097669322044 0.202356702648103 0.0877567906863987 0.570198642089963 0.051001915242523 0.44265876011923 0.132922154851258 0.324003933928907 0.270344004500657 0.127984510967508 0.373191351071
0.760092668700963 0.708878443809226 0.312546577304602 0.338539488380775 0.172700920142233 0.349959662882611 0.722971512004733 0.0624267919920385 0.894371116999537 0.864879630040377 0.566027441527694 0.262481475481763 0.249432595679536 0.260048529831693 0.0725544993765652 0.0748523790389299 0.73247191356495 0.520583253819495 0.97455154825002 0.328878648579121
0.679132413119078 0.964387628249824 0.989307994721457 0.726413787109777 0.854412878165022 0.505947957746685 0.363225216278806 0.267718168441206 0.822851786389947 0.430827641859651 0.858671402791515 0.702288615051657 0.0626239653211087 0.298807546729222 0.447311515687034 0.261467909207568 0.48379712831229 0.236197698395699 0.513066361192614 0.517183565767482
0.824508726364002 0.435269657988101 0.554193617310375 0.523877898463979 0.760986589128152 0.553197800880298 0.98584978794679 0.0198083280120045 0.996030881069601 0.987533865263686 0.191991887288168 0.702514429343864 0.762137436307967 0.273798362584785 0.946753174532205 0.0305601800791919 0.170287148328498 0.945391159970313 0.346743514994159 0.144896063022316
0.0145602147094905 0.375688013620675 0.519630202790722 0.370107191847637 0.194844791898504 0.399749939795583 0.771250218851492 0.941588674671948 0.0531531744636595 0.414295122027397 0.993456849362701 0.298316483385861 0.894406422739848 0.662619873415679 0.978324576513842 0.0051970761269331 0.599923413479701 0.615507702110335 0.236473916098475 0.328172265319154
0.495869104284793 0.747359726810828 0.56020763120614 0.232530881185085 0.126953060738742 0.479854870354757 0.346464839298278 0.516717202495784 0.490186451468617 0.907318078447133 0.212367057567462 0.432485665660352 0.227838790975511 0.610627136891708 0.395046699559316 0.505777600221336 0.942635104758665 0.0257433091755956 0.731590234208852 0.940469229361042
0.899507913039997 0.524110590806231 0.99551485455595 0.702546160202473 0.480741005158052 0.654482717625797 0.774268429493532 0.438483911100775 0.293395356973633 0.377712850226089 0.547152904095128 0.862575340317562 0.525078412145376 0.846035863505676 0.457875073188916 0.119946828577667 0.81333022704348 0.331702194875106 0.385522708529606 0.259374938905239
0.564275902230293 0.0837413126137108 0.251352787483484 0.229505276773125 0.024841466685757 0.815712062176317 0.0229827505536377 0.280473664402962 0.572623468236998 0.964607434812933 0.95790770300664 0.819085893919691 0.770600512158126 0.134308913955465 0.21021420811303 0.386972645064816 0.137068451847881 0.719835926545784 0.23110265051946 0.167148706270382
0.401254827389494 0.375249594682828 0.165032391902059 0.439979064278305 0.461245613405481 0.141765707870945 0.792299347231165 0.484335751039907 0.236319394549355 0.215268616797403 0.0506173861213028 0.310319259064272 0.886609280714765 0.285947418306023 0.706219067331403 0.477969619678333 0.13271625735797 0.544572176411748 0.17693267762661 0.809299697168171
0.544761467492208 0.88488022913225 0.785554949892685 0.0202040437143296 0.0768471027258784 0.758124597137794 0.187634579371661 0.143154530785978 0.414511100389063 0.433157254708931 0.512069254880771 0.750832073623314 0.728270930470899 0.738295001676306 0.741458794334903 0.855398984393105 0.630182391963899 0.920601304620504 0.369592384668067 0.204604721395299
0.532557843718678 0.19658146193251 0.653479339089245 0.0176258536521345 0.651189025258645 0.919387181987986 0.817092866403982 0.563244981924072 0.481981385033578 0.0798687215428799 0.667088023154065 0.831935438094661 0.152147364336997 0.249884681310505 0.14972463180311 0.139070512959734 0.153286063112319 0.305275346152484 0.60490276874043 0.260777305811644
0.911640045698732 0.594005870167166 0.420084849232808 0.887197364354506 0.249222948914394 0.208531794138253 0.249101188732311 0.545706901233643 0.699465841287747 0.087048506597057 0.87940927199088 0.423844625940546 0.634903485653922 0.661892520496622 0.784929172834381 0.686875110026449 0.904935637256131 0.978011863538995 0.692952641285956 0.623725791694596
0.0324688265100121 0.771000444190577 0.376004111720249 0.533491392154247 0.0170274232514203 0.124524145387113 0.238151192432269 0.183309404412284 0.438397047808394 0.105326674412936 0.375176063040271 0.878211817936972 0.642723417375237 0.298188871704042 0.610513177700341 0.466837048530579 0.520846399711445 0.351046019466594 0.799653731286526 0.327076245099306
0.423732235562056 0.160905484342948 0.476812595501542 0.562371330568567 0.647559969918802 0.217762303072959 0.181601174874231 0.607038183137774 0.259365712990984 0.754121276317164 0.487583147594705 0.535830826265737 0.157266023568809 0.588813236914575 0.112244725227356 0.182765726465732 0.0629893431905657 0.27227490209043 0.00199526129290462 0.241621356457472
0.889118497492746 0.433294945396483 0.356482388917357 0.858652671566233 0.41629860503599 0.6624015646521 0.729487155331299 0.151174010941759 0.0277684610337019 0.336375403450802 0.366412825183943 0.408445772482082 0.943939272547141 0.613156961277127 0.772156258579344 0.770261030644178 0.374949419405311 0.58788856677711 0.807062588864937 0.038523267256096
0.725709214573726 0.553974255919456 0.660531864035875 0.387091198004782 0.132026683073491 0.681310643907636 0.416149972006679 0.731401102151722 0.824495185865089 0.173205502796918 0.0747026999015361 0.918013079790398 0.543466489762068 0.454056689050049 0.686385754495859 0.279229051899165 0.61868884996511 0.922260805265978 0.172257700469345 0.743879989953712
0.153407411649823 0.149926046375185 0.862022743793204 0.959321418078616 0.704800334293395 0.0359128566924483 0.852414632681757 0.982454866636544 0.0851879455149174 0.629261384019628 0.820933297509328 0.620158490492031 0.618757720338181 0.980099436594173 0.201459494652227 0.200954870786518 0.973155521322042 0.103046501521021 0.333841484738514 0.412583269644529
0.272279287688434 0.803866195259616 0.145888107363135 0.400348159717396 0.515837315702811 0.748060423647985 0.0572106146719307 0.0271859341301024 0.0274983155541122 0.749376890715212 0.723396508255973 0.253703518770635 0.989053439814597 0.760868253652006 0.467817675322294 0.0965577219612896 0.77157287998125 0.253258118405938 0.689743173774332 0.369593371404335
0.50741679687053 0.0561291822232306 0.167146517662331 0.273327516857535 0.325667391065508 0.505169579060748 0.127074520103633 0.410177387529984 0.424991713371128 0.286322618834674 0.333296770462766 0.135414557531476 0.209298168541864 0.186929618241265 0.284017629222944 0.997786910273135 0.716245023533702 0.105700776446611 0.20284301484935 0.256956675788388
0.399775528116152 0.367806452093646 0.60140655352734 0.44184578792192 0.39993334771134 0.665733214234933 0.48239338491112 0.185525734676048 0.45586905349046 0.701273802202195 0.347114053089172 0.806696391897276 0.608360654208809 0.889478529803455 0.456482046283782 0.150539975147694 0.0114748943597078 0.588552030501887 0.416214093798772 0.244616551091895
0.501556850969791 0.0988762550987303 0.682411286747083 0.515544062945992 0.0612056278623641 0.837532814824954 0.158090865472332 0.887921532616019 0.461311615305021 0.101668033748865 0.949304014211521 0.91497937287204 0.326507925288752 0.841046340065077 0.422301995800808 0.182386394357309 0.847053556004539 0.341459760209545 0.871069661108777 0.818127794191241
0.77694198791869 0.928076933836564 0.336127889575437 0.0256773298606277 0.206874600378796 0.637743575731292 0.75443966104649 0.190824619028717 0.652366054011509 0.986740970285609 0.124447081936523 0.129195904824883 0.0465895149391145 0.813775338232517 0.0697177471593022 0.457265512552112 0.932534939143807 0.562641779892147 0.676426414866 0.610086973989382
0.782463543117046 0.436007924610749 0.0722679162863642 0.762421558145434 0.582324615679681 0.879897269420326 0.483377662952989 0.931225462583825 0.909517096821219 0.0955083051230758 0.507406594464555 0.602628665743396 0.275368021102622 0.105425291229039 0.201125713298097 0.353755674092099 0.187722137197852 0.798779620788991 0.499764828477055 0.894702482968569
0.783756110817194 0.7727578477934 0.618448545224965 0.105042939772829 0.338884972268716 0.543206930160522 0.0254613952711225 0.984653106890619 0.738930580439046 0.212817308492959 0.263204269576818 0.33037949539721 0.718338629696518 0.908143062377349 0.93328497861512 0.413697259034961 0.195072973147035 0.595729724969715 0.378599395975471 0.676853010198101
0.564306782791391 0.720161325996742 0.497024474199861 0.401278099510819 0.133081188891083 0.955749719170853 0.534414511639625 0.149960051523522 0.88308683084324 0.884296650998294 0.730174998054281 0.399015531409532 0.894380923127756 0.205549590755254 0.418973349034786 0.611168337753043 0.91764677898027 0.490561841521412 0.914384053321555 0.447080317884684
0.916281735058874 0.0830624110531062 0.878740374464542 0.0295698693953454 0.179793874965981 0.0687984523829073 0.436220003757626 0.48261895775795 0.336627712007612 0.43310655746609 0.832818386843428 0.0668882869649678 0.521901614731178 0.50625583389774 0.665965802967548 0.614051059354097 0.0109709033276886 0.506583561189473 0.134868223452941 0.233561949804425
0.41670279414393 0.126147242262959 0.0712853297591209 0.809886159142479 0.386949051870033 0.235924310283735 0.102697169873863 0.823171676602215 0.742397473892197 0.421758695039898 0.605099888285622 0.598850306356326 0.173532941378653 0.893176337936893 0.417209843406454 0.640188869088888 0.895703515736386 0.101959431078285 0.933559947181493 0.901902781566605
0.925887509947643 0.536187602207065 0.738686789758503 0.593645192217082 0.299719318281859 0.657742446754128 0.624361765803769 0.273111347109079 0.413584308233112 0.15200352971442 0.842339900089428 0.103612465551123 0.246723665390164 0.0811019281391054 0.697716549271718 0.61579525610432 0.201885314192623 0.718662134138867 0.470931564690545 0.470890016527846
0.254154928959906 0.398290415294468 0.228984857210889 0.888049782952294 0.310366109246388 0.934035504469648 0.888703864999115 0.412521919235587 0.933372154366225 0.0378520083613694 0.415955945150927 0.25690034031868 0.113883500685915 0.0638289612252265 0.525145884836093 0.550759383011609 0.169217645190656 0.821093224920332 0.821251206565648 0.306409064447507
0.875534182647243 0.793492132099345 0.117085222853348 0.700417703948915 0.99271102854982 0.149363426491618 0.735210560029373 0.755597823299468 0.702977538807318 0.350075298687443 0.751620453549549 0.830880219349638 0.309359552105889 0.802901356481016 0.0792328843381256 0.690695368219167 0.44414817309007 0.268881937256083 0.231614424148574 0.506141514983028
