0.324088086839765 0.184502582997084 0.385682589141652 0.973895273171365 0.214419406605884 0.281579228583723 0.600113234249875 0.513239743420854 0.356552889570594 0.935078323353082 0.0785457133315504 0.639213499380276 0.0444648631382734 0.775093583855778 0.496023055631667 0.320153437554836 0.247579678660259 0.32944126566872 0.27901802235283 0.285696787294
0.60725281923078 0.429590491345152 0.553286106092855 0.373044068692252 0.950502258259803 0.701425940962508 0.775729384971783 0.222352006239817 0.283892755396664 0.164576038951054 0.724465992767364 0.27773344819434 0.40218089800328 0.0577685495372862 0.130444078706205 0.180026964982972 0.871607071720064 0.685109338955954 0.563053492223844 0.591669502900913
0.112381383078173 0.781270985258743 0.0513261430896819 0.968127861153334 0.254275892162696 0.767079731915146 0.249306007986888 0.414949710713699 0.69371240423061 0.437015630071983 0.140586438355967 0.661254487698898 0.753147380426526 0.615399496164173 0.27233753609471 0.724227166734636 0.734445795649663 0.218986316816881 0.196210606023669 0.51989826047793
0.852748996345326 0.26713609835133 0.0813269899226725 0.650025076698512 0.187669913982973 0.0163688971661031 0.629716041497886 0.526326902443543 0.0705902520567179 0.0220094714313745 0.0943177421577275 0.857260198332369 0.0962971388362348 0.665810657665133 0.25112833478488 0.419139860197902 0.676816377788782 0.159536423860118 0.337686768267304 0.703151299618185
0.747700618347153 0.620442122686654 0.737130098976195 0.148870536591858 0.984781861538067 0.047238458879292 0.317305320873857 0.90885601262562 0.516112716170028 0.609139456646517 0.320485585136339 0.765198003966361 0.781739323632792 0.11850650398992 0.705436783609912 0.0104298377409577 0.0500993938185275 0.986378757981583 0.571689884876832 0.962571205105633
0.365156786050647 0.950508304871619 0.676061698002741 0.718363575171679 0.284590263850987 0.412295473506674 0.0419398432131857 0.0468668474350125 0.367510681040585 0.961125413188711 0.643103520851582 0.487574148690328 0.976282119750977 0.249096524436027 0.174470976227894 0.48992949957028 0.087786728516221 0.392460319213569 0.766570409759879 0.972667728085071
0.732012619497254 0.775239870650694 0.0901010744273663 0.0964705552905798 0.58322178106755 0.0137481773272157 0.294594210106879 0.980356081388891 0.43286800570786 0.788445747690275 0.653742040041834 0.515078077092767 0.195091680623591 0.0935163570102304 0.138949703192338 0.0295784398913383 0.131544465664774 0.652562658069655 0.525876416824758 0.562135526211932
0.084373622899875 0.365835236152634 0.336136651458219 0.873719341587275 0.0148754611145705 0.206193561200052 0.43012308049947 0.289603089448065 0.246856106910855 0.487971405265853 0.161985223880038 0.0162655001040548 0.21768840844743 0.101202337769791 0.64811914623715 0.675479582278058 0.162817982258275 0.551460030023009 0.896346280584112 0.277887776726857
0.529147673631087 0.16478447872214 0.411372130038217 0.00989607768133283 0.581508070463315 0.485267895506695 0.774261365877464 0.715054893167689 0.209449028596282 0.367417835630476 0.885758735239506 0.22009429265745 0.270506280940026 0.886452356586233 0.273356358520687 0.330494639463723 0.120770003180951 0.380023494595662 0.451251625316218 0.0410098605789244
0.426217138068751 0.163312298012897 0.484318440780044 0.694083616835997 0.903551516588777 0.964215669548139 0.333668907172978 0.451499164570123 0.374324838165194 0.895147262373939 0.0887265417259187 0.653146545868367 0.554628437152132 0.652720546117052 0.601112167816609 0.570661220466718 0.267593624768779 0.244823571527377 0.35863450053148 0.751551986671984
0.0108351537492126 0.925715777091682 0.499573132023215 0.18661962938495 0.000968441134318709 0.375201522372663 0.191176129505038 0.392420625081286 0.651237811194733 0.204970823368058 0.930348092224449 0.568091539433226 0.71056282101199 0.931931216968223 0.396374889649451 0.507304579252377 0.052489000139758 0.93894553789869 0.728710077237338 0.403845510445535
0.357474174816161 0.501277039991692 0.0932141065131873 0.702565945219249 0.795145132113248 0.260355930775404 0.592066928977147 0.245515575166792 0.208143207244575 0.884503725450486 0.888226073468104 0.613966658245772 0.363763541448861 0.709853930165991 0.453371099196374 0.932384331012145 0.235469077015296 0.825723587535322 0.727650958811864 0.488065571989864
0.0598228964954615 0.647542449878529 0.349786939797923 0.288585421163589 0.437531753676012 0.256409611320123 0.485779260518029 0.531946468399838 0.850183970294893 0.918921360513195 0.506295218598098 0.694335385225713 0.934959430247545 0.331362974597141 0.351887529948726 0.715713945915923 0.654264975804836 0.409247742500156 0.28839977667667 0.662546738050878
0.644940361846238 0.447788912104443 0.807299878913909 0.0458288711961359 0.27888194588013 0.27695645368658 0.725686128716916 0.83260664017871 0.599218222079799 0.251790120033547 0.335814153077081 0.757804483175278 0.0149635691195726 0.766025258693844 0.788346976740286 0.819087564013898 0.180219636065885 0.992383938748389 0.016721598803997 0.141765857348219
0.8329353609588 0.982488751411438 0.37379171140492 0.411173360887915 0.472276526736096 0.273521255003288 0.00255700293928385 0.460442722309381 0.0809782107826322 0.282990434439853 0.411565268877894 0.0936821377836168 0.820483138086274 0.890940006589517 0.589396163122728 0.238492835313082 0.499285526573658 0.970224390737712 0.927419478073716 0.2584500068333
0.767529559787363 0.42993886070326 0.268373102881014 0.236892887623981 0.24513427936472 0.20441057276912 0.463883728254586 0.282041357364506 0.342180673032999 0.237156544579193 0.0426220456138253 0.155150203499943 0.627841432578862 0.687797636492178 0.637658083578572 0.819076984422281 0.449604774825275 0.562477845232934 0.859606965910643 0.521635004319251
0.213867704151198 0.962034039665014 0.361146540148184 0.872952008154243 0.671032421523705 0.469304773490876 0.105600575217977 0.520341296913102 0.145913566928357 0.306535477982834 0.910397002240643 0.407440275186673 0.784043201711029 0.556110894074664 0.159343664301559 0.233013256220147 0.132743947440758 0.337662735488266 0.410784477135167 0.0606761970557272
0.836467007407919 0.847997436067089 0.773210100829601 0.933350675506517 0.52409609220922 0.739191280677915 0.970402144361287 0.812599686672911 0.779804413905367 0.222789381863549 0.222962365718558 0.411195205990225 0.949164802907035 0.052210018504411 0.741240526549518 0.48466854263097 0.464373910333961 0.273561721667647 0.14108941424638 0.0990740398410708
0.345487315906212 0.625698702177033 0.605715847807005 0.764402559259906 0.299925605067983 0.956155578140169 0.844000278273597 0.187395867658779 0.133946353336796 0.81562356906943 0.0418766273651272 0.4721911593806 0.776215153047815 0.00793816708028316 0.600405240897089 0.121945108054206 0.761206011055037 0.485871630953625 0.468060626415536 0.509161421563476
0.913719613803551 0.177391316276044 0.194095297949389 0.442568959435448 0.514940397348255 0.246476723812521 0.373315961100161 0.849823207827285 0.119406753219664 0.816598317585886 0.701118756784126 0.814721242291853 0.988439296372235 0.741921559907496 0.543846877524629 0.258391845738515 0.529916505794972 0.57006261497736 0.082854799926281 0.667436292162165
0.172727741068229 0.896049108356237 0.788020190084353 0.353627863107249 0.407194654690102 0.464412104338408 0.658750002039596 0.852388876723126 0.467883322620764 0.162448968738317 0.551495957421139 0.709242245182395 0.724749478511512 0.0935730969067663 0.0310411860700697 0.717526656808332 0.00765134324319661 0.175112199503928 0.844799369806424 0.249675209866837
0.613968298071995 0.485087026376277 0.384554980089888 0.353523310506716 0.336035948712379 0.0233314810320735 0.487631873227656 0.227296168683097 0.142610035603866 0.202640816336498 0.449976951349527 0.929752472788095 0.808814441552386 0.274476103717461 0.886772911297157 0.644425955601037 0.607031553750858 0.0297927332576364 0.932027162285522 0.938023062190041
0.297774136764929 0.317248383536935 0.811129564419389 0.166844899533316 0.603433711454272 0.146674058632925 0.469584328355268 0.860315883299336 0.675727026537061 0.237595061538741 0.0283395003061742 0.0534862030763179 0.163727415027097 0.471687081968412 0.998818653868511 0.366083858069032 0.022247718879953 0.769742664881051 0.0716164249461144 0.982584831072018
0.680867448681965 0.761889701476321 0.403011024929583 0.449890081537887 0.268434332450852 0.486131023848429 0.178529737750068 0.714995241258293 0.404045956907794 0.654009041376412 0.38056618324481 0.856764452299103 0.23693131050095 0.336770715657622 0.291912513086572 0.714547955431044 0.414503223961219 0.569505289429799 0.992168351542205 0.6693446978461
0.0414975208695978 0.142769454047084 0.642270651180297 0.722053744131699 0.356711003696546 0.283201145939529 0.214654169743881 0.108866485767066 0.962837632745504 0.262319801142439 0.388818208593875 0.804721476975828 0.457912910729647 0.353709722636268 0.0915311793796718 0.963335925480351 0.660560241434723 0.824434490641579 0.444866808596998 0.801789722405374
0.57680491451174 0.00962306163273752 0.803633229574189 0.07309350813739 0.0253685838542879 0.213164592860267 0.561809210339561 0.190923092886806 0.717125263996422 0.927419676911086 0.794993668561801 0.644115334842354 0.52716720290482 0.340991360368207 0.812332321889699 0.289484817069024 0.498439171351492 0.725643090670928 0.600052102003247 0.499847864732146
0.440240391297266 0.643030005972832 0.220580825349316 0.194128141505644 0.454216548008844 0.192787126172334 0.151952790794894 0.418256351258606 0.387087440583855 0.0726809774059802 0.916283255210146 0.677300893468782 0.0574042066000402 0.0202522061299533 0.302919415058568 0.333245902787894 0.585772701539099 0.890453803353012 0.411746766651049 0.258489508414641
0.4492949093692 0.0646781085524708 0.156719612888992 0.787030498497188 0.478876322042197 0.953566504642367 0.512337452499196 0.178464563563466 0.563796220114455 0.286414320813492 0.371357881929725 0.257088119164109 0.129508893238381 0.727957743918523 0.458201261004433 0.406082679983228 0.403843650594354 0.314051238121465 0.968750218395144 0.396047585178167
0.0842685690149665 0.906663817819208 0.239979714155197 0.393252804875374 0.756014387356117 0.764524196274579 0.486915977671742 0.705953165655956 0.902601024135947 0.66704183164984 0.657583483727649 0.764552583917975 0.762940101092681 0.122765050036833 0.547083701007068 0.226263561286032 0.043283624574542 0.5604913958814 0.222378461621702 0.733497973531485
0.936140947509557 0.088718181475997 0.414622574113309 0.467214152216911 0.352441671304405 0.839826765703037 0.579325560713187 0.149670179001987 0.173021708615124 0.968059802195057 0.387562790885568 0.514239497948438 0.368756845360622 0.714012006530538 0.785359421512112 0.364310497883707 0.12830744124949 0.631349721224979 0.422070828732103 0.24876941437833
0.0616214496549219 0.780457135057077 0.779894004575908 0.180700474884361 0.307650231989101 0.464874470140785 0.356308229733258 0.0673101975116879 0.798665454145521 0.183501986321062 0.384893200593069 0.981058644829318 0.0201523930300027 0.406331973848864 0.494220829801634 0.992085988866165 0.952399258036166 0.117452663369477 0.0935049746185541 0.583105676807463
0.109658695058897 0.976275085937232 0.205947010777891 0.90670542861335 0.730478615034372 0.675036683445796 0.111089579062536 0.0253724881913513 0.975683025550097 0.155088277999312 0.241995095042512 0.854775179410353 0.194242789642885 0.689361145952716 0.706474498147145 0.959674733690917 0.752256042789668 0.420128346653655 0.923528881045058 0.180619454476982
0.799017471959814 0.580102301901206 0.432523177238181 0.406629568198696 0.797945073572919 0.119731684448197 0.134399325121194 0.488526713568717 0.435372721171007 0.897948329802603 0.486333079868928 0.571510742651299 0.856710336171091 0.775780461030081 0.667538168374449 0.335539689986035 0.176756159635261 0.0043855463154614 0.187278505181894 0.253322483971715
0.994666316080838 0.345087802270427 0.408471178961918 0.103869914775714 0.988952826242894 0.13260722742416 0.919837143737823 0.588080483488739 0.86256063519977 0.334495934192091 0.199167844839394 0.204305293038487 0.817074646009132 0.724494778551161 0.960200307890773 0.20161393051967 0.553273414028808 0.101559340255335 0.444111638469622 0.867731519043446
0.700971585698426 0.0692790653556585 0.254375369986519 0.498582793865353 0.185173104749992 0.245281792012975 0.956626464379951 0.408449517795816 0.329591464949772 0.318182575283572 0.94981784443371 0.766442351974547 0.764020816422999 0.485903596039861 0.283287208760157 0.930775960208848 0.348425406962633 0.194709155010059 0.667573547456414 0.118167882086709
0.956561776809394 0.337306275963783 0.914648064645007 0.759920798940584 0.844068611040711 0.552799961064011 0.0570569401606917 0.634601010708138 0.00968634942546487 0.132559566758573 0.691956627881154 0.944687024923041 0.0841465021949261 0.0624153288081288 0.433595058275387 0.740235945442691 0.991599515080452 0.817190301604569 0.19149682438001 0.305261634057388
0.528940770542249 0.194096533348784 0.725214991718531 0.178410864667967 0.538083834806457 0.668412381783128 0.0227892564143986 0.00927170854993165 0.0753489534836262 0.757685240590945 0.211133691482246 0.0829135202802718 0.959304959978908 0.212631552480161 0.131684093968943 0.631666450528428 0.664140107110143 0.0236602819059044 0.669503981247544 0.497356205480173
0.45975856250152 0.643796891905367 0.885588630335405 0.91035088384524 0.806953263934702 0.606090642511845 0.735379626741633 0.42540588369593 0.0496829804033041 0.445728241233155 0.926136656431481 0.945672647794709 0.616226410958916 0.0805337105412036 0.148961845319718 0.899734442587942 0.688681891420856 0.581039665965363 0.138570488197729 0.710591007722542
0.639442321611568 0.896945440676063 0.767496437067166 0.433720810338855 0.349899327615276 0.181633384199813 0.276499464875087 0.77575166686438 0.355153888463974 0.185794568387792 0.978147955844179 0.397353978827596 0.77447099913843 0.0294826792087406 0.0699188832659274 0.309940439183265 0.0392761139664799 0.263456826098263 0.320563042070717 0.227789070690051
0.86884159850888 0.348605139413849 0.79136274731718 0.626875084592029 0.738484588218853 0.778168209129944 0.65157089009881 0.467082305811346 0.642205071402714 0.855467835441232 0.948632709216326 0.873967791441828 0.733209796715528 0.772764421766624 0.851057164138183 0.0452049560844898 0.308288163272664 0.522729819640517 0.933047904400155 0.285061083966866
0.00437555578537285 0.0959559555631131 0.193179952679202 0.237473719054833 0.506119784666225 0.285891544772312 0.695224673021585 0.738911959109828 0.851722630206496 0.775429661851376 0.874050733633339 0.630508946022019 0.213911211118102 0.589742249110714 0.178980420343578 0.579890934051946 0.783934929873794 0.0813969117589295 0.8273470106069 0.24480962799862
0.144499426241964 0.664589452790096 0.609988078707829 0.897920629940927 0.353454232215881 0.754632411058992 0.712340304395184 0.382809662492946 0.951243567978963 0.809134009992704 0.141779578756541 0.148579349275678 0.650202279910445 0.511775265913457 0.743116156663746 0.0948871476575732 0.00896577420644462 0.894697823794559 0.867522693239152 0.624582329299301
0.621594287920743 0.318858578568324 0.292516745859757 0.506302476627752 0.201481034746394 0.172598886769265 0.515355313429609 0.144130303524435 0.33545456524007 0.257856591837481 0.969445623923093 0.280811463482678 0.595797030022368 0.505003743804991 0.931146497838199 0.35127790318802 0.608940264210105 0.390628617024049 0.903720188653097 0.730218777665868
0.762131086084992 0.652950891992077 0.0147411213256419 0.190185728715733 0.125209819059819 0.090765630826354 0.983621362131089 0.482186310458928 0.663535938132554 0.727617412805557 0.406358813401312 0.134108901023865 0.165305142523721 0.102688091108575 0.95012529194355 0.266843057936057 0.0947812569793314 0.707645555026829 0.229494947008789 0.0249078837223351
0.979645592160523 0.964477193774655 0.920889324974269 0.397485020337626 0.998412432149053 0.145765229593962 0.9358585763257 0.780601148959249 0.274605283746496 0.572652920847759 0.472199917538092 0.253057080786675 0.541683814721182 0.00385907548479736 0.036137550836429 0.411620944738388 0.988864853745326 0.853618439286947 0.377929607406259 0.568507216870785
0.279006720287725 0.868624919326976 0.131582963746041 0.244658637791872 0.418964340817183 0.164228268200532 0.55917188944295 0.393609784077853 0.716823384165764 0.284350987058133 0.283747442532331 0.106917815981433 0.815710987197235 0.609818220837042 0.421585936797783 0.177262409124523 0.550125303911045 0.28935057669878 0.87061332911253 0.578913705656305
0.287695406470448 0.585532336030155 0.0485082643572241 0.172435618704185 0.0184701608959585 0.297970513114706 0.480336022330448 0.421690521528944 0.758939194958657 0.98200170788914 0.304472241550684 0.750699945725501 0.117438063956797 0.0182088958099484 0.360112346010283 0.197617716155946 0.181014840956777 0.339043595129624 0.866569980513304 0.485816091299057
0.13162272493355 0.178043318213895 0.24193783570081 0.823015936650336 0.850551544455811 0.0413004986476153 0.803265510126948 0.445664593251422 0.120341232977808 0.259519159561023 0.473257452482358 0.354138244176283 0.714485208736733 0.785942547721788 0.436390212271363 0.375904427375644 0.827770669013262 0.3837148132734 0.473246670560911 0.490230436436832
0.394100147299469 0.367633185582235 0.643210103269666 0.118077164283022 0.0829064787831157 0.944507125997916 0.0773760108277202 0.810151796555147 0.652690909570083 0.731736461864784 0.795492888893932 0.616971043171361 0.0775587281677872 0.903996720444411 0.652678790036589 0.944086774019524 0.741466670064256 0.533697019563988 0.0681039388291538 0.646778465947136
0.835662002442405 0.975914234062657 0.0890235144179314 0.65762898302637 0.368837842019275 0.707600770052522 0.816498915664852 0.147417235886678 0.306827737251297 0.116986439097673 0.524459291482344 0.529741886304691 0.523096369113773 0.165741499513388 0.176714104134589 0.823797442484647 0.116078449646011 0.312090388033539 0.391397835919634 0.854618947254494
