0.336218958254904 0.43547982419841 0.796217644354329 0.226920231012627 0.923896263586357 0.502199426293373 0.504164011916146 0.0891480105929077 0.733119399053976 0.793873585062101 0.0212686241138726 0.775105385342613 0.212297365767881 0.847520229406655 0.291673466796055 0.0453426213935018 0.205595595994964 0.602605182677507 0.809019677340984 0.217986582079902
0.457984486594796 0.597610988887027 0.259473141049966 0.589756513480097 0.0533247957937419 0.723946544807404 0.637365703703836 0.845773083390668 0.494003692874685 0.246396369999275 0.764403722714633 0.711778377415612 0.269676888128743 0.204606557963416 0.743197539122775 0.233035968383774 0.153833063086495 0.899863315280527 0.465267486171797 0.533998631173745
0.705822365591303 0.241449467837811 0.431108748307452 0.726165061583742 0.276822787942365 0.629070434952155 0.949712107423693 0.997902839444578 0.416748852003366 0.338687566341832 0.325713265920058 0.408877244684845 0.833271661773324 0.158704940695316 0.665621689986438 0.273815477732569 0.890809141797945 0.711462623206899 0.580148961162195 0.592538391472772
0.42420134996064 0.544458534801379 0.592119264882058 0.433889601379633 0.32807712838985 0.241008686367422 0.716493053361773 0.351865745382383 0.0810401125345379 0.134122089948505 0.0670373707544059 0.127328026341274 0.422372891567647 0.196080153807998 0.760101597290486 0.349451240617782 0.470019474392757 0.0322599206119776 0.966979736695066 0.43614707281813
0.116891704965383 0.424288655165583 0.887054504826665 0.460880854865536 0.70238315849565 0.079173298086971 0.933022786863148 0.671009271172807 0.701452547218651 0.646953215589747 0.370020287111402 0.335549644427374 0.0613917664159089 0.632246774155647 0.621114794630557 0.626048493431881 0.602382646175101 0.159339630044997 0.636230695294216 0.740674615837634
0.769705097423866 0.849505361868069 0.416215680539608 0.947771747130901 0.207243904238567 0.170278050005436 0.0457678092643619 0.389030978316441 0.964091549394652 0.19090837915428 0.750898069702089 0.789611655520275 0.654864713083953 0.408724322682247 0.163085847627372 0.0611616710666567 0.013828364899382 0.243079516571015 0.929258225718513 0.738520247163251
0.549643480917439 0.152153971837834 0.137817452428862 0.140734155662358 0.170398536371067 0.167766661848873 0.106854415731505 0.732014584820718 0.976209103129804 0.676170421764255 0.0787797893863171 0.359083401970565 0.00105316331610084 0.432425380218774 0.628718600608408 0.248290994437411 0.159551949938759 0.579709446756169 0.711645075818524 0.442058731103316
0.943540800828487 0.317241681739688 0.593401329824701 0.972338868770748 0.522013938985765 0.206685396609828 0.493107019690797 0.165472044143826 0.667844370706007 0.400105933425948 0.933312333654612 0.389217855641618 0.087202071910724 0.69352030637674 0.0945684551261365 0.565955120837316 0.63774171564728 0.852977696340531 0.844766350230202 0.569984299363568
0.855861743213609 0.599578200373799 0.25110274576582 0.632639349903911 0.135368052637205 0.0931668104603887 0.0713513060472906 0.329448235919699 0.989412690512836 0.572992985835299 0.211128928000107 0.297619620803744 0.903104097116739 0.828707922715694 0.789932721527293 0.247365226270631 0.937557817669585 0.587820681743324 0.424736933084205 0.325389302801341
0.129284919472411 0.150831063045189 0.0376888366881758 0.76661539170891 0.136458720779046 0.357153699966148 0.00192875205539167 0.865816829958931 0.111224728869274 0.66605048510246 0.27057258784771 0.920065078651533 0.836903403047472 0.858418051619083 0.785349113401026 0.464055697666481 0.702928681159392 0.476854621432722 0.517963055288419 0.0463479536119848
0.622758515411988 0.409130949527025 0.348608166677877 0.919831937877461 0.142688863677904 0.479835200123489 0.585606652311981 0.800877274945378 0.916766396025196 0.513648499269038 0.521093017421663 0.0001880107447505 0.832410385366529 0.34263888373971 0.144974284572527 0.325836492469534 0.898140599485487 0.690938537940383 0.598915633978322 0.724170118570328
0.872513253241777 0.335837099468336 0.477059873053804 0.843846389558166 0.654156122356653 0.159026088193059 0.499420902691782 0.130596370203421 0.155674408888444 0.271860128967091 0.594714168692008 0.84243479417637 0.168928173370659 0.696160142077133 0.458288098685443 0.450295434100553 0.150845453608781 0.408358437241986 0.0584825130645186 0.780202105641365
0.0661812820471823 0.133595133200288 0.491518119582906 0.567573287524283 0.305770019534975 0.604487835196778 0.340956279076636 0.0450295230839401 0.375261220149696 0.769875458674505 0.322815486695617 0.648233452346176 0.326561536872759 0.179975830717012 0.659204020164907 0.982898311922327 0.800290522398427 0.210680421208963 0.159345538588241 0.97413428989239
0.427140167914331 0.61002234602347 0.725526334252208 0.666859508026391 0.213076360058039 0.481840454041958 0.9222578688059 0.0371250982861966 0.341807932825759 0.486262562684715 0.428715537302196 0.639708637725562 0.212021846557036 0.319763901876286 0.830449877073988 0.255214670207351 0.569014679640532 0.734444977715611 0.476288324920461 0.307543439790606
0.804656503489241 0.73787926742807 0.476623533759266 0.322770341997966 0.232680409215391 0.678875651443377 0.941861745202914 0.484972500009462 0.738079166505486 0.603465758729726 0.614988507237285 0.204416594700888 0.528373274020851 0.250209316844121 0.516224666498601 0.428234444232658 0.811193953966722 0.0275864086579531 0.964748502708972 0.770524764200673
0.532625638647005 0.0158143867738545 0.40889314096421 0.8312861926388 0.0892640056554228 0.314872186398134 0.124113457044587 0.222964497748762 0.814689629944041 0.615266581531614 0.372088362695649 0.878404842223972 0.610766945872456 0.329064546851441 0.370902882423252 0.255433337530121 0.26637735334225 0.940321123460308 0.153106625424698 0.547383236000314
0.24456031434238 0.684666391694918 0.728714702185243 0.0390601840335876 0.967036574147642 0.589889745460823 0.955927401315421 0.825469635892659 0.431789773050696 0.687602224294096 0.15097827417776 0.86275756941177 0.80740031786263 0.0548096746206284 0.809703968232498 0.488846873864532 0.756841976195574 0.871690497966483 0.413761415751651 0.712742366595194
0.798526541795582 0.759193142177537 0.0172042606864125 0.4027487821877 0.557526908116415 0.699758523143828 0.30540732620284 0.112853404134512 0.968521318165585 0.0763824929017574 0.553990061860532 0.253371818689629 0.602183880517259 0.35778411757201 0.636533171869814 0.0497995791956782 0.405587001238018 0.318701681448147 0.0497769687790424 0.949689664877951
0.664778233505785 0.636116014095023 0.628404730698094 0.996732169529423 0.898931292118505 0.394186245510355 0.765465615550056 0.928843504982069 0.440324659226462 0.00120063056237996 0.969730190932751 0.515946351224557 0.515248015522957 0.348742430796847 0.577469024108723 0.44852695800364 0.564918782794848 0.365110672311857 0.484391555422917 0.693641182268038
0.658205492887646 0.400580914923921 0.56440874398686 0.385810827836394 0.850926256971434 0.930652041221038 0.722629503812641 0.19334409176372 0.464204956311733 0.589782680151984 0.727805674774572 0.502765778219327 0.629779602633789 0.438149633584544 0.665397204225883 0.291692185448483 0.663879269501194 0.333837132435292 0.50879557733424 0.549830966396257
0.263649949803948 0.125184822129086 0.938590820413083 0.0585372874047607 0.268016915768385 0.192420219071209 0.399003073107451 0.361188819399104 0.602792260004207 0.761742117581889 0.811771590029821 0.341780854389071 0.447858348488808 0.668140684487298 0.171442664926872 0.0731044001877308 0.836898570880294 0.853141559986398 0.915691129630432 0.718471708940342
0.00389623502269387 0.591551457997411 0.800159287406132 0.25283021479845 0.64823103370145 0.603980452055112 0.857552504166961 0.163105812855065 0.268099827459082 0.95992755307816 0.36220822785981 0.331971229985356 0.130801007850096 0.188242628471926 0.12919445685111 0.542364501859993 0.093541984912008 0.478016026550904 0.453246140154079 0.187562730628997
0.496512055629864 0.664126713061705 0.411806506803259 0.447140949079767 0.21515589626506 0.100466213189065 0.693010125309229 0.108074262039736 0.155050673754886 0.464600873645395 0.0695495516993105 0.426475318148732 0.367752344114706 0.338761490769684 0.592202165629715 0.183557536453009 0.754970809444785 0.982517564902082 0.0873456038534641 0.519775223219767
0.797811008058488 0.926203068112954 0.12423373805359 0.682876315433532 0.489327052142471 0.105710942763835 0.0493994001299143 0.262830400140956 0.924044287297875 0.0644935632590204 0.838826896622777 0.11126664839685 0.671599496854469 0.817166764987633 0.0114631776232272 0.0241291522979736 0.174059159820899 0.769803059985861 0.750088528497145 0.934880541404709
0.948498415527865 0.941466705407947 0.337399980286136 0.734629056882113 0.142680850811303 0.403426033910364 0.729686558013782 0.584019744303077 0.661362543003634 0.949672489892691 0.0960588878951967 0.435202400200069 0.103792182868347 0.205653906567022 0.964476413791999 0.0832896339707077 0.597920584958047 0.0774994136299938 0.180941987782717 0.804167974274606
0.369037147378549 0.436944493092597 0.207079676911235 0.103300299728289 0.489239225396886 0.945853118784726 0.636163496877998 0.20418662042357 0.188363133696839 0.69273939402774 0.10442159185186 0.768778508296236 0.651345505844802 0.189258508849889 0.560630473773926 0.789379459340125 0.253585964208469 0.0674196062609553 0.552107203518972 0.783853134838864
0.286618712358177 0.182901768013835 0.779511996312067 0.413610837887973 0.313679911894724 0.41440396476537 0.914956273511052 0.234636678127572 0.026513519929722 0.863271779613569 0.629216348053887 0.164339209208265 0.823752801166847 0.470801687100902 0.123022106476128 0.908955006161705 0.98904216545634 0.502784829353914 0.257749830838293 0.687643115408719
0.941054175375029 0.303733476670459 0.143796095624566 0.31542088999413 0.338106625247747 0.143644303781912 0.167693383526057 0.611764184664935 0.328686215914786 0.935214021243155 0.0856557986699045 0.373660476645455 0.0946499099954963 0.859765746630728 0.742737871594727 0.780960292322561 0.0319457766599953 0.181889477185905 0.473425263538957 0.013754642335698
0.57833599881269 0.289593503810465 0.00615077745169401 0.195173072395846 0.61851891851984 0.0220626078080386 0.973924041027203 0.454182791523635 0.643001577816904 0.175076991086826 0.37386628286913 0.773586110444739 0.119215769693255 0.113822946092114 0.3523811371997 0.491388565162197 0.33898581401445 0.00535349803976715 0.637946237111464 0.26384456991218
0.340384045848623 0.0832599161658436 0.369190745986998 0.173795310081914 0.593399554956704 0.102058828342706 0.725758794462308 0.291382102528587 0.755944630596787 0.0340106873773038 0.575121692847461 0.640120716067031 0.696618069894612 0.872663643676788 0.390000712592155 0.3576274078805 0.439470950281247 0.501493101706728 0.849946347763762 0.247767026303336
0.0386534887365997 0.270455385558307 0.386034116847441 0.152558163041249 0.384218520950526 0.957688705995679 0.19606105145067 0.647109318524599 0.601137202931568 0.318917928263545 0.25235304236412 0.3457107974682 0.219929234823212 0.349216329865158 0.989701845450327 0.199164002435282 0.381271857535467 0.636278583435342 0.547459958586842 0.274328578496352
0.675535867689177 0.53555923467502 0.408835840644315 0.397765911184251 0.415446126135066 0.24265536130406 0.127206632168964 0.169211861211807 0.552668422926217 0.569572410313413 0.031548488419503 0.0821283257100731 0.227241154294461 0.0120048311073333 0.873186388518661 0.916713869199157 0.635250107850879 0.0236680174712092 0.341456561116502 0.0343790496699512
0.780816904967651 0.115812562871724 0.0300151989795268 0.669033632380888 0.0387748826760799 0.970376643585041 0.487117406679317 0.386706373887137 0.610364413121715 0.107783225132152 0.7105372317601 0.91004353063181 0.203999133780599 0.609157327795401 0.663132659159601 0.877035758225247 0.469904599012807 0.743879297748208 0.553390817018226 0.339207846205682
0.813801381038502 0.757709190947935 0.369480690686032 0.732427149545401 0.936797291971743 0.333941289223731 0.304632405051962 0.439406133489683 0.299923182930797 0.451964823529124 0.552907402394339 0.944935305509716 0.105992451077327 0.864720128243789 0.548858775757253 0.824210814433172 0.387416132492945 0.0177382780238986 0.285476828925312 0.137818296672776
0.278042734833434 0.389766665408388 0.939412561012432 0.862090758513659 0.964616491924971 0.832231778418645 0.561622059904039 0.279498036950827 0.744502116460353 0.753457579296082 0.367494940757751 0.678122113225982 0.250934828538448 0.545759858097881 0.766890171682462 0.917559898458421 0.0684530436992645 0.735797601751983 0.498800191096961 0.379467383492738
0.390005542896688 0.301318985875696 0.583589166635647 0.179899317212403 0.564543816959485 0.130055473884568 0.627725538564846 0.492159193614498 0.943403239594772 0.551325140986592 0.0520232252310961 0.553822733694687 0.0589346634224057 0.150244818301871 0.64891266473569 0.231234040809795 0.489879915257916 0.945940070785582 0.0037409532815218 0.0750246345996857
0.816573983291164 0.0392946649808437 0.239913549739867 0.575865398859605 0.559407446533442 0.0968829868361354 0.500241457950324 0.856193067971617 0.949886611197144 0.0389096890576184 0.121079381788149 0.719830716494471 0.246728426311165 0.266115385340527 0.17873872211203 0.861908967373893 0.632985934615135 0.0712025975808501 0.145128520671278 0.593663738109171
0.0156914968974888 0.734366168500856 0.272349994862452 0.957162666833028 0.240230187075213 0.89828591584228 0.747896995162591 0.242146278033033 0.166406895034015 0.559900571359321 0.0276712735649198 0.0283467962872237 0.366761694196612 0.464595604687929 0.3149515746627 0.254573039477691 0.640218595042825 0.994496249360964 0.91831987304613 0.281369350850582
0.0193984885700047 0.134485187008977 0.480980090796947 0.29764168523252 0.144498617155477 0.221923801582307 0.0205705026164651 0.401383580407128 0.988672488136217 0.374856912763789 0.533136106561869 0.0758250111248344 0.209274191409349 0.397859172197059 0.33710009092465 0.605326360557228 0.593760910909623 0.774182907072827 0.97353522060439 0.171072270721197
0.600954813882709 0.60558608151041 0.488084567943588 0.138605443527922 0.766879010014236 0.884640081552789 0.0907114485744387 0.967420208733529 0.403460760600865 0.210931490175426 0.0596395011525601 0.390384022379294 0.21694240742363 0.018645622767508 0.0862116040661931 0.535126699367538 0.148365268949419 0.568904275773093 0.0446601992007345 0.0525127113796771
0.53480191109702 0.61437098775059 0.949222716037184 0.75042635272257 0.916118788532913 0.0487717990763485 0.443249350180849 0.530039400793612 0.300300157861784 0.979837142163888 0.0760503644123673 0.761321074329317 0.826917079510167 0.377605534391478 0.133244642056525 0.922195899300277 0.174952234840021 0.306214358657598 0.613305029924959 0.188115170458332
0.978078563697636 0.590703919762745 0.445583631284535 0.477239884436131 0.5946588027291 0.37719366652891 0.42193127097562 0.242278658552095 0.613733362872154 0.131788336904719 0.612569709774107 0.372473349794745 0.725966138765216 0.237820623908192 0.768592113163322 0.517543862340972 0.946848980849609 0.923398257000372 0.0364870382472873 0.708283894928172
0.275650373660028 0.192222486482933 0.815983449108899 0.346740021603182 0.613338118884712 0.821558632422239 0.55393682885915 0.907105889404193 0.875060817925259 0.201527889352292 0.280928954249248 0.519915804732591 0.404631909681484 0.676233305828646 0.674135213950649 0.74658688553609 0.0651554910000414 0.598391861887649 0.309095541248098 0.912698689149693
0.290146744344383 0.625079578487203 0.981797840911895 0.725044158985838 0.253182499436662 0.381447352701798 0.80824774201028 0.933195955585688 0.385028503602371 0.36001192079857 0.859456495149061 0.933321000775322 0.633102138759568 0.25648050615564 0.386097593232989 0.93607635772787 0.287511832313612 0.264867013320327 0.791222614003345 0.468299252912402
0.728767697466537 0.213788096792996 0.621510789263994 0.0311193547677249 0.116721024503931 0.984261365840212 0.239956346107647 0.0916211626026779 0.2617097790353 0.274197694612667 0.945853990968317 0.594034455018118 0.740367066813633 0.0510809586849064 0.654775479342788 0.881099399412051 0.693507916294038 0.53221568535082 0.944311337545514 0.902407260378823
0.637473922222853 0.997766294516623 0.943005045875907 0.00768739730119705 0.417095540789887 0.743154241004959 0.981446868507192 0.597578067565337 0.658307559089735 0.388708987506106 0.129622128559276 0.13499006559141 0.342887290287763 0.188838584115729 0.965203109197319 0.208342043915763 0.628358356421813 0.632621988188475 0.931259208824486 0.38563681486994
0.0987394584808499 0.57243359554559 0.211033859988675 0.508458053227514 0.742853755829856 0.982704606605694 0.181810146197677 0.807122721569613 0.460099272895604 0.266910061240196 0.565219121286646 0.791726008523256 0.423221308737993 0.891340169822797 0.963001798605546 0.714169377228245 0.3659118025098 0.708362700650468 0.109136827755719 0.436998269986361
0.536460812436417 0.760890398873016 0.545021191239357 0.581481402507052 0.841574874240905 0.596900432603434 0.0860177886206657 0.0707924284506589 0.393841342767701 0.1021064047236 0.0828761565499008 0.665181262418628 0.284217740641907 0.0821916705463082 0.242996181128547 0.745585981057957 0.397609111154452 0.292459804331884 0.390526404371485 0.222841129638255
0.751584263751283 0.0766163417138159 0.400184624362737 0.487862297566608 0.852574369171634 0.652349898125976 0.231442901771516 0.00807718001306057 0.427057729801163 0.638687414582819 0.687434447463602 0.145717968931422 0.831505545182154 0.427409853553399 0.20045982953161 0.37083962908946 0.920252689393237 0.31514005176723 0.908126966562122 0.657511561643332
0.102929853601381 0.949480486568063 0.303876654012129 0.637177122989669 0.838279741117731 0.644183496013284 0.863516779849306 0.244177634827793 0.451214494882151 0.284050362184644 0.285742656327784 0.177415579790249 0.716817334294319 0.166649874998257 0.817376244114712 0.271739151095971 0.0507742166519165 0.412117325700819 0.140239487634972 0.0572486184537411
