0.473534485790879 0.416195163270459 0.0987020812463015 0.348617313429713 0.536291636992246 0.0337731309700757 0.306403160328045 0.584602653048933 0.242696320638061 0.975008044624701 0.199322380591184 0.495810316177085 0.766894799424335 0.444348707329482 0.554476446239278 0.0474390259478241 0.144737049005926 0.565890576690435 0.895915458444506 0.863600097363815
0.399248527130112 0.583788755815476 0.997360219014809 0.847345577320084 0.514855020213872 0.102741092210636 0.957720771664754 0.0975381648167968 0.787544949678704 0.317523664329201 0.668515617959201 0.543788916664198 0.210210805991665 0.000779860652983189 0.86938622337766 0.430724350968376 0.923002098221332 0.39123355015181 0.714562074048445 0.196389529155567
0.0981025702785701 0.493930604541674 0.372092030243948 0.833985463483259 0.809825135627761 0.516754860524088 0.919660833431408 0.0168717303313315 0.364040624117479 0.095250143436715 0.437261248705909 0.274433138780296 0.197792860679328 0.415284315356985 0.56761071132496 0.452140259789303 0.833511843113229 0.891012132400647 0.0174446627497673 0.687400817172602
0.764660532120615 0.147393050836399 0.320930561050773 0.344650149578229 0.983596719335765 0.362575654638931 0.513011249247938 0.79947026562877 0.416446825256571 0.861104009672999 0.3913547557313 0.0693930364213884 0.578244467265904 0.497560237534344 0.707963441731408 0.786976592848077 0.989483375567943 0.98390881321393 0.998346005799249 0.785145073896274
0.363548464141786 0.934330746997148 0.37449497403577 0.918593536596745 0.716347142122686 0.557041304884478 0.567563969409093 0.310324375052005 0.509190518409014 0.118727643508464 0.745031909551471 0.153762012254447 0.584139900747687 0.0462170594837517 0.253772851778194 0.122988218208775 0.83616408589296 0.45293706539087 0.339106304803863 0.428773373365402
0.471136030275375 0.667197024449706 0.194711566902697 0.750434022629634 0.273853021441028 0.886336222523823 0.703368611633778 0.000263554509729147 0.661244878545403 0.893866130849347 0.0998321243096143 0.840195753145963 0.11717987456359 0.625398659845814 0.464015351608396 0.205973043804988 0.460329876281321 0.34122523968108 0.687817700207233 0.682776588015258
0.284764955053106 0.307291159871966 0.580132992239669 0.702304038451985 0.113511810544878 0.0466251694597304 0.834114612080157 0.784275391371921 0.795925587881356 0.166317206574604 0.456537026446313 0.901916382834315 0.756371292518452 0.973750289995223 0.120351916644722 0.622268585022539 0.288050228031352 0.929810465080664 0.824579298030585 0.501975486520678
0.350062939338386 0.228815181879327 0.348348536528647 0.403804087080061 0.0132807670161128 0.0133315322455019 0.880647036712617 0.906554271932691 0.468165621859953 0.00043299444951117 0.110602039843798 0.668986393837258 0.212500992696732 0.691182591486722 0.311188173480332 0.0806563422083855 0.80979942297563 0.0690027053933591 0.657582719111815 0.669326975243166
0.54003242473118 0.274689314886928 0.0390390336979181 0.165317995939404 0.678565740818158 0.38908068370074 0.251113432459533 0.90845328499563 0.131321355467662 0.453558570006862 0.269947042455897 0.814523543231189 0.528401385527104 0.122843539342284 0.627966362051666 0.230527512729168 0.067358722910285 0.0503667609300464 0.474556631408632 0.521747572347522
0.539653329644352 0.889158928766847 0.340938850073144 0.0687342609744519 0.210376625414938 0.859295446658507 0.747069712495431 0.546251612948254 0.879282281035557 0.859528249129653 0.452099841320887 0.278604475781322 0.181042499141768 0.735864196904004 0.204650641418993 0.128979102475569 0.0363677549175918 0.400996834505349 0.691285593202338 0.896870595403016
0.878910786472261 0.617501189466566 0.627478364156559 0.219076112378389 0.939712445251644 0.706887254724279 0.267940833000466 0.41169698513113 0.175926990341395 0.449443474644795 0.625817515188828 0.548931371187791 0.345115632750094 0.452800169121474 0.464744855184108 0.811623131856322 0.221245430177078 0.779720914317295 0.507876896997914 0.899853406939656
0.221952097024769 0.429625958204269 0.644151316722855 0.870263662189245 0.583071214146912 0.565446032909676 0.260783351259306 0.656349016120657 0.664236291777343 0.2738630278036 0.823870178777725 0.458699212176725 0.878021129639819 0.966170137980953 0.333530092611909 0.650457691634074 0.343172235181555 0.109077256638557 0.841070780763403 0.366954544559121
0.943363743601367 0.873653004411608 0.279099225765094 0.811368081485853 0.0735131360124797 0.301206204108894 0.166583611862734 0.881199745461345 0.154354340629652 0.928789930650964 0.679783010156825 0.501268366817385 0.431977951200679 0.248533894540742 0.4740157246124 0.120373881189153 0.921063235262409 0.123028313042596 0.407001913990825 0.393574876710773
0.512997627491131 0.117698413552716 0.232375784078613 0.974293424980715 0.40472220024094 0.17226648144424 0.0175389237701893 0.441660309908912 0.00217032711952925 0.174928897526115 0.233334818389267 0.132128699216992 0.478709520539269 0.732174825388938 0.00213463162072003 0.956507812719792 0.738612082554027 0.139250996522605 0.648947502253577 0.365361908217892
0.222196991555393 0.367086849175394 0.4582218460273 0.676533334888518 0.960531271994114 0.635513491230085 0.5225996801164 0.187226115958765 0.462117929942906 0.901982753770426 0.00842500384896994 0.453903630143031 0.19293501903303 0.645330717321485 0.69453239440918 0.731353141600266 0.683244447223842 0.0553825870156288 0.688193361507729 0.815304208779708
0.202096641762182 0.667370360111818 0.285149694420397 0.0540950822178274 0.191666361875832 0.146583654219285 0.474176492542028 0.115092431427911 0.87826980673708 0.0216688658110797 0.38103612116538 0.79949633940123 0.0423201818484813 0.208610645728186 0.616626187926158 0.606503263814375 0.680746271042153 0.963522762060165 0.0437617979478091 0.0930762311909348
0.886789968702942 0.781362629495561 0.710285610985011 0.0703692866954952 0.697720099473372 0.826746567850932 0.572084289276972 0.872589720180258 0.121643042424694 0.538705424871296 0.596496015088633 0.966324824374169 0.828962383093312 0.107064031763002 0.554502378217876 0.794819910312071 0.0268605137243867 0.896771380444989 0.27336042211391 0.994239092106
0.417556181550026 0.481733788736165 0.026857943739742 0.884245196823031 0.436606821836904 0.637971505988389 0.709720244864002 0.367632199311629 0.791326368227601 0.867054872680455 0.509134826017544 0.496946534141898 0.887619156157598 0.509785835631192 0.924592026742175 0.776922188000754 0.86459957389161 0.790854816092178 0.679675156716257 0.150898988358676
8.63196328282356e-05 0.885701989522204 0.630456391256303 0.374999969732016 0.775758935604244 0.914236492244527 0.537859844742343 0.561736798612401 0.672658324474469 0.335733629763126 0.943538115359843 0.321077609434724 0.320731518324465 0.339275300502777 0.752387288026512 0.153742445167154 0.633936794940382 0.939745547482744 0.770798292942345 0.775053997291252
0.327158814063296 0.985247708391398 0.448702392168343 0.416391988750547 0.172917471267283 0.10572634707205 0.892638493562117 0.875514761079103 0.892227834323421 0.195787134813145 0.118309784680605 0.213412227807567 0.664045414654538 0.936587827280164 0.753330558538437 0.915414712624624 0.825796060729772 0.463264081161469 0.0733066827524453 0.0264070769771934
0.979582346510142 0.965745270019397 0.620170306414366 0.414077206980437 0.346932804677635 0.123464609729126 0.111842303071171 0.341496169799939 0.83949042763561 0.941764043178409 0.0333198760636151 0.878541813930497 0.173768050037324 0.899920623982325 0.795230025192723 0.69230176275596 0.804678822867572 0.736950082238764 0.21059595188126 0.214928145520389
0.285311996005476 0.578306210692972 0.537124048219994 0.985830545425415 0.250765291042626 0.123174027074128 0.589087405940518 0.0384839482139796 0.911331262206659 0.851282564457506 0.653846537461504 0.48217759677209 0.882687946315855 0.28032981720753 0.595738004893064 0.948645445052534 0.697928667766973 0.603839214192703 0.402052331482992 0.55783849558793
0.647830927744508 0.3436207131017 0.898622930049896 0.721977383596823 0.128256540745497 0.951953721698374 0.648580282693729 0.219957093941048 0.700267279520631 0.929879220435396 0.522524176863953 0.151266065659001 0.498477066867054 0.838210272602737 0.27607682114467 0.512328834738582 0.000102493213489652 0.128578178817406 0.391967384377494 0.560480388812721
0.656116908183321 0.119207809912041 0.95464883511886 0.700255540199578 0.325444763991982 0.519111317582428 0.640308952191845 0.836059720953926 0.908161260187626 0.584257744485512 0.55531697277911 0.713260904420167 0.760233904002234 0.672378924908116 0.541877656243742 0.0305436104536057 0.528748319949955 0.157799490960315 0.686566752614453 0.354856482241303
0.332651104545221 0.789542610989884 0.559950147056952 0.677525969222188 0.0305150777567178 0.0210214073304087 0.85074414499104 0.830536930589005 0.605905391508713 0.260363063309342 0.477646495914087 0.00963898515328765 0.131021844921634 0.11724202381447 0.823968476150185 0.0784114899579436 0.513821420259774 0.219730035867542 0.31054725847207 0.08581134933047
0.927940782625228 0.836931440746412 0.959789589047432 0.997533437097445 0.792487918632105 0.0409867877606302 0.268491694703698 0.300486435648054 0.372467718319967 0.313405042747036 0.0413852471392602 0.26450799475424 0.159332415089011 0.822550046257675 0.208436509361491 0.554614300373942 0.984605778008699 0.620593914296478 0.861610821913928 0.913560624234378
0.757485913811252 0.341410798486322 0.125961378915235 0.461508001433685 0.947519732406363 0.273630761308596 0.0396182013209909 0.778113487409428 0.811887426301837 0.757462602341548 0.55744940484874 0.835524633293971 0.181041827891022 0.122285309247673 0.851504368707538 0.936762715457007 0.295318050310016 0.425802257843316 0.971378621878102 0.948867474449798
0.76378567237407 0.187069017905742 0.421029477845877 0.931392415659502 0.251042663352564 0.131453150184825 0.328156943898648 0.615723775234073 0.681632950669155 0.828629681840539 0.593709025066346 0.491482237586752 0.170180585933849 0.73976656794548 0.680370418122038 0.491611127275974 0.00737071805633605 0.368909375276417 0.121283286716789 0.949906858848408
0.190415570279583 0.227822935208678 0.18891013530083 0.0210577649995685 0.953017167747021 0.0381790092214942 0.184037905419245 0.995527479797602 0.265632997499779 0.800616985652596 0.376775192795321 0.616208215942606 0.474185530096292 0.420180820394307 0.372150315903127 0.0224410993978381 0.59499650564976 0.359041888965294 0.544414033414796 0.677150042261928
0.537373920669779 0.310274753952399 0.61284600594081 0.0330056985840201 0.369732626248151 0.365729972254485 0.0664633079431951 0.240573909366503 0.946732920594513 0.153205907670781 0.185384792042896 0.856398174772039 0.557799228234217 0.594773344462737 0.741041553905234 0.437704964773729 0.665538341039792 0.445600787177682 0.286230178084224 0.471447831951082
0.415904117515311 0.882364166434854 0.380431198282167 0.0522386240772903 0.216704678488895 0.718354064039886 0.967594118556008 0.515217305161059 0.29713973402977 0.115110895363614 0.471510292962193 0.322347279638052 0.842504684114829 0.0266623315401375 0.826873255893588 0.0508222626522183 0.277986282249913 0.558254933450371 0.012729830108583 0.419166125822812
0.14532498922199 0.980612917337567 0.525064851855859 0.262368804076687 0.343379283789545 0.565562064759433 0.126234996598214 0.283126219874248 0.192162135383114 0.580654680496082 0.738078616792336 0.404428493697196 0.0703585739247501 0.639035452157259 0.167632648721337 0.107351138954982 0.523553050355986 0.29661678429693 0.781576951500028 0.31401278055273
0.526656810892746 0.0540626407600939 0.37420124351047 0.632397431880236 0.369094983674586 0.0435743124689907 0.63342024339363 0.0841155759990215 0.911589388968423 0.974792405730113 0.193655058508739 0.56496585579589 0.245154445525259 0.308459614403546 0.670372172957286 0.152025245595723 0.272341980366036 0.848589641973376 0.634646991966292 0.026893806643784
0.647564564365894 0.633735009003431 0.443282896419987 0.856425680685788 0.324192649219185 0.325028046499938 0.378324670949951 0.420968672027811 0.120263657765463 0.988388932310045 0.81217598146759 0.476811422267929 0.0464704355690628 0.644612789852545 0.298545340774581 0.0733454858418554 0.613536922261119 0.0154378002043813 0.189347794745117 0.00193460495211184
0.40142700006254 0.855791897047311 0.814798257080838 0.751742732943967 0.824708600761369 0.926181084243581 0.225920322583988 0.0580178098753095 0.816643688827753 0.244315142044798 0.956716156797484 0.444695518119261 0.640845719724894 0.873531721066684 0.606465916149318 0.786766635254025 0.93369818944484 0.554430321324617 0.418706596130505 0.948260664474219
0.130946034565568 0.709797444520518 0.0406649762298912 0.933271928690374 0.183024103054777 0.476020072586834 0.50714870239608 0.582541877403855 0.209408631315455 0.144747580867261 0.190971193835139 0.256629127310589 0.248145308811218 0.489641551394016 0.311617688275874 0.637771443696693 0.182047711452469 0.495380504988134 0.955983694409952 0.17056676116772
0.10365686728619 0.166446134913713 0.456760022556409 0.737639208789915 0.762189539149404 0.953669233014807 0.873508625896648 0.967324225464836 0.735365389613435 0.140287484740838 0.0482383673079312 0.756893524900079 0.475847709923983 0.060031020315364 0.018918993184343 0.000733515480533242 0.222980272723362 0.910928799537942 0.0144421588629484 0.746097452472895
0.279810698702931 0.129590242402628 0.0065706733148545 0.206003068946302 0.418978627072647 0.034091069130227 0.310756962513551 0.265363213140517 0.309714622562751 0.415745873004198 0.914196363650262 0.368824317120016 0.911276782862842 0.62436240282841 0.469049799023196 0.905648906715214 0.3208628220018 0.417749813990667 0.255409542704001 0.0220001267734915
0.770455189049244 0.550956412684172 0.0298402076587081 0.225285769440234 0.707296377979219 0.794827971607447 0.235180758405477 0.221098848152906 0.476572639076039 0.68221489014104 0.110992405330762 0.966124830301851 0.255379307782277 0.715800954727456 0.295865783002228 0.00187536422163248 0.347464016405866 0.213634253712371 0.0300836670212448 0.923451667651534
0.338428794639185 0.824330295668915 0.994814338628203 0.927784521365538 0.200113931437954 0.454980598064139 0.902995578711852 0.998018255224451 0.478471371810883 0.944204634753987 0.941858498146757 0.0524102018680423 0.010851617436856 0.302935575135052 0.579179197782651 0.251335009466857 0.972022979520261 0.224824228323996 0.628892631037161 0.902628141688183
0.624585022451356 0.898201678181067 0.186949038412422 0.0152626656927168 0.574278275948018 0.823202155297622 0.772443045163527 0.370264042634517 0.787511997157708 0.907285486580804 0.964141123462468 0.837493998464197 0.810265102889389 0.241153891663998 0.612317866645753 0.315967347007245 0.810066322563216 0.0721969110891223 0.595068630762398 0.307754246285185
0.452065188903362 0.0884316808078438 0.191983501659706 0.814284898340702 0.252341557526961 0.325639849994332 0.377598567400128 0.189368232386187 0.735953002935275 0.145800140453503 0.664375095395371 0.779252840438858 0.879475063411519 0.0919500631280243 0.0436830820981413 0.0398098328150809 0.677660943474621 0.324648313224316 0.842240169877186 0.524428516393527
0.010324947303161 0.919039439409971 0.934019578387961 0.62726225447841 0.483874690486118 0.0214669653214514 0.862724297214299 0.341594210127369 0.391386881936342 0.790461660828441 0.355988065712154 0.202436052262783 0.0396815945859998 0.230507758911699 0.131166513543576 0.720157233765349 0.00486956769600511 0.511465839343145 0.858626249944791 0.10737396706827
0.967141474829987 0.0709368959069252 0.188940173247829 0.63353053224273 0.719096533255652 0.0342875495553017 0.774124487768859 0.0999452914111316 0.82787665608339 0.0145881571806967 0.933260342339054 0.0180537477135658 0.189238591585308 0.195979042211547 0.156347203301266 0.124524387763813 0.626461579231545 0.866127003217116 0.907370619475842 0.838204077677801
0.79340409161523 0.0110875423997641 0.344932767562568 0.55894345859997 0.13861678680405 0.985027444083244 0.749503393657506 0.41963400808163 0.603633109945804 0.0222671835217625 0.150825090706348 0.48124214168638 0.157552593154833 0.460963041288778 0.684204514836892 0.285772114759311 0.18498804140836 0.852975008776411 0.301249704323709 0.183627913007513
0.197220522211865 0.0848754413891584 0.931157916085795 0.912078614579514 0.553815311053768 0.549983918201178 0.713332113111392 0.634892439702526 0.756289212731645 0.421648624585941 0.899476070422679 0.165714499540627 0.205724364612252 0.0291823272127658 0.765467649325728 0.459231155691668 0.678500779671595 0.885926956078038 0.478945315815508 0.75255142361857
0.854187953751534 0.921643061796203 0.310182335553691 0.797875139163807 0.1170726607088 0.0392461121082306 0.642688346561044 0.717403591610491 0.484980676323175 0.339681504061446 0.170941156568006 0.438062868313864 0.590427033603191 0.458962317556143 0.485534254228696 0.398229602258652 0.242320929188281 0.861138900974765 0.347630745964125 0.12613110546954
0.0879443373996764 0.268412108998746 0.414703205227852 0.551437830785289 0.798900136956945 0.208905826322734 0.707005360396579 0.81496143550612 0.0631202056538314 0.426125087076798 0.203116008080542 0.648144450038671 0.827052843524143 0.511712030274794 0.518900861497968 0.456695495871827 0.54508307040669 0.346353702014312 0.883509702980518 0.905555965378881
0.870569647988304 0.702386164339259 0.623181530274451 0.0877912337891757 0.39632071275264 0.48676690668799 0.469015455804765 0.93678128765896 0.0872838026843965 0.744650561129674 0.873445444973186 0.0570388103369623 0.783214430324733 0.21774923382327 0.913711749715731 0.899858345743269 0.850883332081139 0.22446891060099 0.051138995680958 0.485724037280306
0.864761360455304 0.241915124468505 0.177507204702124 0.764232547488064 0.712473212974146 0.789086617995054 0.267508962424472 0.497879199450836 0.357441445346922 0.846812155097723 0.931627977872267 0.564385778037831 0.974925479153171 0.931753731332719 0.118559456197545 0.187920331023633 0.463011601939797 0.097406191052869 0.49874971434474 0.508822473930195
