0.514185270993039 0.623872827505693 0.713902572635561 0.600637780269608 0.271301455795765 0.470160011202097 0.251856492832303 0.0799995691049844 0.940516266506165 0.591835159808397 0.901209516683593 0.166472455020994 0.0896528617013246 0.854178445646539 0.111225431784987 0.134726493386552 0.759673308581114 0.164536491269246 0.145120903616771 0.805489041144028
0.437559121055529 0.208808313589543 0.651075060246512 0.416291092056781 0.612604955909774 0.884082585806027 0.370247945887968 0.318340430734679 0.743872930528596 0.884989549173042 0.429399001412094 0.783548825886101 0.59936570841819 0.980338988592848 0.211137698730454 0.948316963855177 0.218473529443145 0.317053350619972 0.129136179341003 0.229077798314393
0.774098143447191 0.904002001741901 0.170199505984783 0.787170722382143 0.846368294674903 0.326552700484172 0.634997467277572 0.891395995859057 0.870551252970472 0.455305092502385 0.796657874947414 0.332387823378667 0.466705641010776 0.900373426266015 0.465931674465537 0.409221146022901 0.889112330274656 0.63878730032593 0.903065527556464 0.468453545356169
0.345559778623283 0.864762893412262 0.844848182518035 0.876446348149329 0.0260531883686781 0.369718191213906 0.0786027724388987 0.967021065764129 0.197374772047624 0.553824421251193 0.700053322128952 0.704230060568079 0.32380413566716 0.780647758161649 0.801499443361536 0.891113983234391 0.292275417363271 0.609418048523366 0.90178621490486 0.690499707823619
0.783733420306817 0.143362174509093 0.256092340219766 0.583445489872247 0.398922994965687 0.785566051257774 0.215814207913354 0.985168378334492 0.839715120149776 0.0870095093268901 0.485357734840363 0.772324644494802 0.108562485547736 0.124455798184499 0.631440492812544 0.0795602055732161 0.434920951956883 0.405280588427559 0.457335314480588 0.0846775972750038
0.0378461380023509 0.664036194561049 0.642929655732587 0.647795611992478 0.440384757472202 0.910344134783372 0.188898446038365 0.713063177186996 0.137870543869212 0.960472564445809 0.367885066661984 0.096771003678441 0.114857309265062 0.949241144116968 0.0127218561246991 0.643395738210529 0.450740730389953 0.764454605523497 0.101723547326401 0.633079147199169
0.475470428820699 0.502500714035705 0.944421524880454 0.0688316246960312 0.474962727865204 0.93261052086018 0.680973578011617 0.0955016086809337 0.479754952248186 0.848404204938561 0.304901990573853 0.995015046792105 0.159891007933766 0.561525909230113 0.877842328278348 0.64817311312072 0.638899487210438 0.249414723366499 0.856386889470741 0.621848502196372
0.553959771292284 0.101359105436131 0.371031283168122 0.543735830113292 0.601773979142308 0.599108435679227 0.131217227084562 0.290505259763449 0.375966752879322 0.448522391729057 0.224566868972033 0.265051815658808 0.484778363257647 0.267325197113678 0.487790641142055 0.33373515191488 0.841481504263356 0.736607618164271 0.952377828070894 0.128662927541882
0.703842561226338 0.561144867213443 0.644788740202785 0.254642901243642 0.395731830503792 0.458912624511868 0.877172716427594 0.77996476739645 0.814591355854645 0.0468165769707412 0.612200412666425 0.208891273476183 0.30387140577659 0.148709525121376 0.165635924320668 0.482484704582021 0.926165571669117 0.000571759417653084 0.197662721853703 0.337933044880629
0.888880722923204 0.345560748130083 0.956031593959779 0.785587301244959 0.918424235889688 0.00430512125603855 0.462435282766819 0.6652430689428 0.821194725576788 0.00384557899087667 0.561184086604044 0.0801470093429089 0.180871409131214 0.708929906599224 0.735071846749634 0.49413690646179 0.604390430264175 0.709258995950222 0.205043157329783 0.0841671193484217
0.666245042812079 0.789462854620069 0.293445507064462 0.385988761670887 0.954087191959843 0.293523113708943 0.224467606050894 0.130423860857263 0.781901889946312 0.151870862115175 0.363693387480453 0.0773068075068295 0.138228281866759 0.470319458050653 0.256001348141581 0.22234989120625 0.26229081931524 0.0595568914432079 0.0879210119601339 0.00568078737705946
0.0301650494802743 0.924170574871823 0.115293649258092 0.689174133585766 0.365852745482698 0.718553330050781 0.952834001975134 0.77889633201994 0.531347721349448 0.82561451382935 0.402818543137982 0.709888902958483 0.163807270582765 0.586382678244263 0.167262584203854 0.762697782600299 0.163369287736714 0.549757182830945 0.244882091414183 0.79288106248714
0.418179852655157 0.366726357489824 0.0375162195414305 0.711825284874067 0.501943042268977 0.832900366513059 0.800574834924191 0.204208038980141 0.299950981512666 0.370618097484112 0.373215215280652 0.509548941627145 0.6693508294411 0.363932977663353 0.874570244923234 0.99235005187802 0.37415369367227 0.00766931707039475 0.782039120327681 0.860387779772282
0.500226344447583 0.00800471939146519 0.783886451041326 0.0600522067397833 0.650117746787146 0.37040066276677 0.207221577409655 0.922326797852293 0.35391828417778 0.285329553065822 0.119318879907951 0.388757759006694 0.579933504806831 0.709739254089072 0.00636670691892505 0.960818092571571 0.101479412056506 0.631864537717775 0.186770284315571 0.858378115110099
0.400822812691331 0.272578995907679 0.801788290496916 0.445097034564242 0.0845094013493508 0.487774973735213 0.822082399390638 0.995476052863523 0.285669813863933 0.607011651620269 0.334910447476432 0.610409250017256 0.326604889240116 0.513180277543142 0.751291516702622 0.908109575975686 0.82266554236412 0.189339386997744 0.000627992209047079 0.22550083976239
0.205905308481306 0.826716353883967 0.91217803186737 0.447617727564648 0.972105732187629 0.615030255401507 0.989541067974642 0.80279348557815 0.331557431956753 0.221874081064016 0.727657481096685 0.307591298827901 0.159134949324653 0.236723667243496 0.443198812426999 0.840700924629346 0.407366228755563 0.415003325557336 0.670105474302545 0.545117239234969
0.609431748045608 0.171609312295914 0.32154889870435 0.0195165351033211 0.561408725101501 0.902806264348328 0.312311742920429 0.618763053091243 0.309892257209867 0.770115406019613 0.327851167181507 0.672459594439715 0.0885572810657322 0.513983565382659 0.68220224045217 0.201679592486471 0.115265102358535 0.287036927882582 0.814840752864257 0.92217642837204
0.575295023387298 0.439552515046671 0.072112713009119 0.376798136159778 0.246015890967101 0.798813423374668 0.449208823265508 0.859377346932888 0.831940636504441 0.793956490932032 0.842409150674939 0.608941128710285 0.50264344830066 0.653387245256454 0.226737523451447 0.664036306319758 0.143787797074765 0.65447283978574 0.229148101992905 0.509620930766687
0.437670036684722 0.945923135615885 0.748425189172849 0.323974797967821 0.848065295722336 0.555092719383538 0.15897064935416 0.833449107827619 0.459100331645459 0.539697894593701 0.192388366442174 0.600107409060001 0.357689285418019 0.250318367499858 0.761327541666105 0.205448671244085 0.744212668156251 0.252620694227517 0.736759710824117 0.530279574682936
0.351674216100946 0.0113860287237912 0.562675260007381 0.869543712586164 0.280079198302701 0.27042728709057 0.956483028829098 0.635642323642969 0.208856488578022 0.903250698698685 0.689209919190034 0.886789948446676 0.258529260521755 0.612521040719002 0.833730872254819 0.317797686439008 0.53511239704676 0.905987253412604 0.422685910249129 0.85232298867777
0.270441854605451 0.982245782390237 0.251251072157174 0.788194476161152 0.653205126756802 0.52523523918353 0.977174862055108 0.769913946744055 0.467885234393179 0.923803937854245 0.648131669731811 0.803383014630526 0.788867221679538 0.640654909657314 0.543464824557304 0.643847075290978 0.947236554697156 0.102246656781062 0.0890139993280172 0.923954426078126
0.538265629671514 0.613006789702922 0.0546597829088569 0.863364035030827 0.0774321642238647 0.972026027739048 0.802180229220539 0.746324194129556 0.328137392411008 0.150554322637618 0.226832221494988 0.174199914792553 0.757156087085605 0.474888286087662 0.249392033321783 0.827960779890418 0.75492816278711 0.36227448284626 0.881536514032632 0.74833419569768
0.241587645374238 0.352302556158975 0.50796521641314 0.705161609919742 0.451912127668038 0.738410371355712 0.797688435297459 0.794221714604646 0.608227547490969 0.549192282836884 0.969506616704166 0.295660683885217 0.727263688575476 0.961800060234964 0.0627725659869611 0.986274887574837 0.550807314692065 0.376860002987087 0.748826895607635 0.607589614344761
0.231358604272828 0.600287582725286 0.772961036767811 0.798688815208152 0.064832613337785 0.834948470583186 0.162350035039708 0.493089185794815 0.258657297352329 0.0838091322220862 0.349638755666092 0.363673695363104 0.0442713757511228 0.988909751409665 0.494691711151972 0.669480073964223 0.229856606805697 0.355233486741781 0.736648991703987 0.768758398015052
0.945748943835497 0.317366753704846 0.18294955836609 0.915665776701644 0.364960527978837 0.802519771270454 0.715618890710175 0.482979212421924 0.0511990359518677 0.0480338467750698 0.924428185913712 0.493912788806483 0.709345159586519 0.284903812920675 0.967077143723145 0.923059105873108 0.347599151544273 0.729652349138632 0.730735672172159 0.57106973323971
0.120717541780323 0.173370440723374 0.241211229236796 0.444786705542356 0.968017160892487 0.842320409603417 0.542725384235382 0.821506857639179 0.668923973338678 0.376370943384245 0.138103041797876 0.139886590652168 0.905880820704624 0.0707386166322976 0.306505350861698 0.120480040088296 0.195909280562773 0.659681701101363 0.364916597027332 0.773885580245405
0.198035783367231 0.353281425544992 0.785704053938389 0.0771436614450067 0.14753329474479 0.0432199761271477 0.052768730558455 0.455815207213163 0.0563369931187481 0.525836754823104 0.780584812397137 0.374498191289604 0.427471542730927 0.495807262137532 0.693104446632788 0.94868248840794 0.55259499233216 0.355898469686508 0.597715401323512 0.310332301305607
0.0616374025121331 0.875194799853489 0.409553294070065 0.761420375900343 0.680445904843509 0.34109278768301 0.279919826891273 0.0355879685375839 0.407577901612967 0.218235451960936 0.366419482510537 0.231988164363429 0.29975275369361 0.541972738457844 0.619576483266428 0.0359481235500425 0.286982306046411 0.893600735347718 0.291213811840862 0.560953171923757
0.922742407070473 0.199743800563738 0.226227478357032 0.197542138630524 0.0256736802402884 0.734555190196261 0.881676324177533 0.893259291071445 0.0180185372009873 0.300306425429881 0.294514785520732 0.415911297313869 0.917588328011334 0.3258086014539 0.795467520365492 0.638044321676716 0.249664660776034 0.649052172666416 0.744229431962594 0.473403610289097
0.857610024744645 0.512230831431225 0.999617336317897 0.138349661836401 0.592712868470699 0.525583759183064 0.430836459621787 0.827533165924251 0.927252959692851 0.167242065770552 0.374932464212179 0.139455749420449 0.932681728154421 0.336943553294986 0.0552694324869663 0.27082885731943 0.431923251366243 0.572200258495286 0.117826556321234 0.706063205376267
0.995014431187883 0.410619382979348 0.113360681338236 0.0743256544228643 0.683847825974226 0.649128027958795 0.468250673962757 0.761722157010809 0.31148392893374 0.819285202305764 0.314267386449501 0.0758012316655368 0.0449244459159672 0.787336730863899 0.188765030354261 0.126416819635779 0.746213052421808 0.345555403968319 0.401408462785184 0.742710333317518
0.170883724000305 0.537649122765288 0.314208904979751 0.90777273545973 0.426212529186159 0.503312204033136 0.414207778172567 0.845500092254952 0.819695873418823 0.945019401609898 0.77990944031626 0.156248707324266 0.890868824906647 0.238444097572938 0.174073687521741 0.51033454737626 0.498212692560628 0.14993104012683 0.98073949967511 0.477528339950368
0.115868476452306 0.204797628335655 0.739855000283569 0.850536252139136 0.584067104617134 0.287197516998276 0.723414522595704 0.788572479505092 0.912768154637888 0.829646538943052 0.75270086270757 0.533437896054238 0.244391686981544 0.901196672348306 0.477488170843571 0.746813391335309 0.971344221150503 0.0125422077253461 0.573448110371828 0.389945974107832
0.286366171203554 0.46141268638894 0.374263647710904 0.826937369769439 0.301258229883388 0.414252208545804 0.97298961575143 0.131977481534705 0.785467409761623 0.885381701169536 0.960560248000547 0.876482122112066 0.312865152023733 0.799614835530519 0.601813209475949 0.0130654689855874 0.21536368643865 0.716988915577531 0.924619242316112 0.0755967700388283
0.779012014390901 0.383908254560083 0.879381709499285 0.812290467321873 0.260978267760947 0.938548183301464 0.200173212448135 0.075929062673822 0.2717026299797 0.0133639166597277 0.974752644775435 0.435931503772736 0.96497421618551 0.800371307879686 0.327149534365162 0.57840711530298 0.641966801835224 0.430640409467742 0.348579942015931 0.319477270357311
0.739626817172393 0.701273217797279 0.0727436849847436 0.92996024293825 0.983205235097557 0.307781150331721 0.444550669752061 0.00156834023073316 0.594419992994517 0.750663453480229 0.525427381042391 0.45323736872524 0.260090969968587 0.307359718484804 0.787690054392442 0.560585123253986 0.633681378560141 0.342794216005132 0.871956784976646 0.668565242085606
0.290844519389793 0.9615480506327 0.328384360764176 0.0682231453247368 0.183109679026529 0.667057123500854 0.327275010989979 0.0797775262035429 0.314686072990298 0.845454621128738 0.238854557974264 0.152926430338994 0.143882883246988 0.687369211111218 0.891500386642292 0.624589264160022 0.768649270758033 0.138083653990179 0.0260920585133135 0.215853034052998
0.0132804040331393 0.491526093799621 0.830777125665918 0.0555267150048167 0.75705552357249 0.728525099577382 0.00510679977014661 0.703780756564811 0.130290976958349 0.423206534003839 0.329423705348745 0.975215974729508 0.208182398229837 0.694306277669966 0.279172701528296 0.328234520973638 0.062562484992668 0.986404602183029 0.381582632660866 0.0146253448911011
0.22518050018698 0.93290374497883 0.866252311505377 0.331598729128018 0.405260629486293 0.20278631686233 0.112952424678952 0.673868365352973 0.354136541485786 0.38785094441846 0.399505155161023 0.0282218225765973 0.27927045780234 0.749563491903245 0.656249715015292 0.43210972729139 0.599430774338543 0.44747574115172 0.796236244263127 0.294835168635473
0.499860983807594 0.776921451790258 0.378211292438209 0.829610609449446 0.0642719503957778 0.190675894496962 0.645922424737364 0.737138690892607 0.722735970746726 0.678735176799819 0.556165761779994 0.980678868247196 0.25318936444819 0.232951057143509 0.444727199617773 0.488151341211051 0.52771311532706 0.5417005114723 0.829005050938576 0.613675148226321
0.259203583467752 0.452483423287049 0.395315795205534 0.0166660633403808 0.657508621923625 0.218623167369515 0.791715437779203 0.0359122101217508 0.93017027946189 0.7188952465076 0.405151614220813 0.420635222457349 0.282901488244534 0.106993181165308 0.733238454675302 0.136107576545328 0.00394231197424233 0.341388721484691 0.769112527370453 0.0468005754519254
0.20067741908133 0.707865974400192 0.529143501305953 0.460318596102297 0.292458723066375 0.951914381003007 0.0714528483804315 0.439580826321617 0.031741808867082 0.962166716810316 0.493914394406602 0.859842808218673 0.118807754712179 0.696984718320891 0.63024858222343 0.575511828297749 0.790644198656082 0.672669416293502 0.891890361672267 0.885431038914248
0.723340138792992 0.755290675908327 0.565342660062015 0.451128537999466 0.785921289585531 0.695936124771833 0.1748941258993 0.676178917754441 0.769421001430601 0.639674144098535 0.276921664364636 0.183127227239311 0.392329009715468 0.611805506981909 0.0571658504195511 0.905402607284486 0.308395712636411 0.56932238326408 0.458715241169557 0.0480945822782815
0.718646652065217 0.568803562084213 0.00145594705827534 0.462475838838145 0.454445328563452 0.466072448762134 0.974900304106995 0.430511830141768 0.0795911068562418 0.822094609495252 0.746695308946073 0.758717372547835 0.459787069354206 0.382472047116607 0.0207607406191528 0.460230270167813 0.0927980144042522 0.640956308227032 0.960636447416618 0.407995116896927
0.699082847451791 0.621689822291955 0.460482837632298 0.481760073918849 0.920458324253559 0.306814172537997 0.208483578870073 0.604158556787297 0.836419956060126 0.505977050634101 0.479624985484406 0.788917194819078 0.068026787834242 0.314862730447203 0.497424875851721 0.830608215648681 0.37721455283463 0.483785848133266 0.373079183045775 0.81002609198913
0.674621216254309 0.304136455757543 0.819163439329714 0.793001339072362 0.510096460347995 0.360918640624732 0.61681870277971 0.253224197775126 0.924115482484922 0.688815966481343 0.358617600752041 0.950374529697001 0.88988122344017 0.326791187748313 0.146475924644619 0.245891974074766 0.805889718234539 0.895890212850645 0.0999547552783042 0.50341450702399
0.174630927853286 0.295805699191988 0.14305768115446 0.687287266831845 0.429611741565168 0.843964033294469 0.806581759359688 0.725778940832242 0.725316466530785 0.368704344844446 0.657532698940486 0.925358920125291 0.795858471654356 0.408531185472384 0.709202018100768 0.170804364141077 0.861459844047204 0.365193489007652 0.316268241964281 0.522042182041332
0.87712026713416 0.773328957613558 0.825516025070101 0.546870819525793 0.36603086697869 0.931435850914568 0.190743459388614 0.0807927162386477 0.349583530565724 0.239887607749552 0.912527601467445 0.0496569399256259 0.0107087986543775 0.250897510210052 0.351182489423081 0.895013413392007 0.673801047494635 0.957685829373077 0.380719924578443 0.866601057816297
0.446312454529107 0.894672243855894 0.807460711337626 0.596958238631487 0.231161783915013 0.362593521596864 0.639786842511967 0.797275982797146 0.587581095984206 0.535959757165983 0.474595364416018 0.903573774034157 0.344731680583209 0.606917598750442 0.809087505331263 0.470436314819381 0.475895242532715 0.840960051864386 0.207687610760331 0.00488481181673706
0.398417823249474 0.393006704980507 0.313842978328466 0.0654153053183109 0.898971935268492 0.378311413340271 0.140006671892479 0.455923775909469 0.843356046127155 0.962075754301623 0.155999586451799 0.765336641808972 0.618718245066702 0.48528967378661 0.529482680605724 0.592284553218633 0.677632182603702 0.833410283317789 0.602991993073374 0.736433467827737
