0.929584786295891 0.592128308489919 0.342164293164387 0.378848835127428 0.470334467943758 0.0233049774542451 0.554642684059218 0.53903350350447 0.568724474869668 0.922513556899503 0.23762620985508 0.777420811820775 0.0537542051170021 0.874096800806001 0.196893921820447 0.380767704918981 0.20350956893526 0.574220346519724 0.463612730614841 0.556212666910142
0.0633912584744394 0.855988641502336 0.892120316624641 0.929227047832683 0.137275679968297 0.737695465795696 0.0446790370624512 0.826160283293575 0.989219077397138 0.399214206961915 0.0218907608650625 0.870697687845677 0.763494150247425 0.239411373622715 0.214278078870848 0.0771199699956924 0.885181517805904 0.227673297282308 0.488729119300842 0.301941751502454
0.95434300461784 0.494612714741379 0.996681823162362 0.132855632808059 0.369113875785843 0.685448160860687 0.365715789375827 0.155598294921219 0.970552829559892 0.687594131100923 0.471877308096737 0.197262890636921 0.52640385995619 0.654329425422475 0.551882681669667 0.642379310447723 0.588259894168004 0.177351933903992 0.578223306918517 0.852586603490636
0.435822201892734 0.923147341469303 0.946066300850362 0.441446475684643 0.559086706489325 0.330088063143194 0.558242465369403 0.428993749897927 0.199689722154289 0.627556682098657 0.259949383791536 0.784168837592006 0.873120204778388 0.466228738892823 0.168358532246202 0.781470380490646 0.884550520451739 0.174596345517784 0.000905035529285669 0.901614287868142
0.597706257831305 0.30613482487388 0.989244488067925 0.241400162223727 0.0191103373654187 0.911409810185432 0.124013801803812 0.96784840291366 0.506610530195758 0.706481209024787 0.981377401622012 0.277396125020459 0.8015898601152 0.0852023200131953 0.625096189090982 0.614505660953 0.907766764983535 0.303294747136533 0.681655156891793 0.0396030535921454
0.568460787180811 0.168774307938293 0.118140644161031 0.472998537356034 0.340609422884881 0.206764397444203 0.951972105773166 0.526435464154929 0.252869506599382 0.157052690628916 0.576626065652817 0.144083860097453 0.563357757637277 0.966518475208431 0.974297649692744 0.801551997894421 0.483979607000947 0.0622986757662147 0.0696785543113947 0.959970100549981
0.00497828936204314 0.846580192213878 0.756354637444019 0.326091272057965 0.84086702321656 0.0394718644674867 0.968480029609054 0.0522749235387892 0.0144173270091414 0.324375659693033 0.162706970935687 0.578412371920422 0.850399615010247 0.46055972436443 0.878484770655632 0.119490908458829 0.451456889510155 0.960636364063248 0.59757004561834 0.852712974650785
0.81673345901072 0.452427788404748 0.972265282645822 0.85484408098273 0.803602676838636 0.0383190091233701 0.0210741222836077 0.694729842944071 0.749691969715059 0.0726100797764957 0.473382962634787 0.416441985405982 0.286290327319875 0.745940670138225 0.329687427729368 0.771974511444569 0.723964927718043 0.500294777797535 0.164008871652186 0.976055618142709
0.0661816662177444 0.813857182860374 0.660619472851977 0.684404516825452 0.957556834677234 0.677866546902806 0.12780909310095 0.109632330015302 0.758504700381309 0.952726456802338 0.28446675511077 0.804572546156123 0.610873956233263 0.202202176908031 0.966348953545094 0.065967220813036 0.52446118555963 0.571738101309165 0.219585351645947 0.512679076055065
0.259087979793549 0.794460514327511 0.409684633370489 0.829428909346461 0.148552582599223 0.0779584494885057 0.59992319601588 0.110934347147122 0.526297362754121 0.843940431950614 0.0210449397563934 0.622987742768601 0.3847449447494 0.384024856844917 0.944682643050328 0.775651215109974 0.307397746481001 0.405634630005807 0.664844719925895 0.966802617767826
0.197805101517588 0.466416721465066 0.188840672373772 0.744230429409072 0.292431742185727 0.612784462282434 0.43403758504428 0.387116589350626 0.982987644150853 0.333794582635164 0.154996986035258 0.094198664650321 0.0639881114475429 0.146583038382232 0.602973670698702 0.0478284852579236 0.298035044921562 0.0325031438842416 0.34347420791164 0.437736112158746
0.915394957410172 0.938294775551185 0.994079902302474 0.24187168548815 0.261845850618556 0.711442483589053 0.329874772578478 0.57272986904718 0.273915419820696 0.395810375921428 0.331946552032605 0.777923451736569 0.958718489389867 0.0874557951465249 0.167462323559448 0.202696582302451 0.514059095643461 0.550399430096149 0.290454806294292 0.840624538250268
0.87648537219502 0.594357945257798 0.574899131432176 0.903960090130568 0.890406720573083 0.531770975096151 0.0717114359140396 0.521200687158853 0.936707650078461 0.619548087008297 0.0671541888732463 0.141901995521039 0.384327727137133 0.328288387972862 0.194639336084947 0.0701646809466183 0.379993773298338 0.238707578741014 0.285653759492561 0.185510315466672
0.975274552823976 0.382630108855665 0.971305676735938 0.329736017622054 0.326692083850503 0.355460298713297 0.0167791498824954 0.998529775533825 0.0153002194128931 0.531258050585166 0.374733373755589 0.44372945278883 0.0739390384405851 0.810205391375348 0.812404437921941 0.96986147086136 0.933583654928952 0.36378575139679 0.700851471396163 0.828764396952465
0.165086530148983 0.292233822867274 0.730644495459273 0.484598483890295 0.752112821443006 0.111996707972139 0.828734372043982 0.686293509090319 0.00751029746606946 0.0671949381940067 0.0166339215356857 0.554725693771616 0.932927915593609 0.53677335800603 0.657835713587701 0.371334644267336 0.309009178541601 0.917359507642686 0.781790909124538 0.721667957725003
0.360626286361367 0.146296055521816 0.249537205789238 0.526269074529409 0.0911410809494555 0.438705436652526 0.112056895624846 0.73665717500262 0.271903483895585 0.8606846856419 0.120236817514524 0.833849194226786 0.314815688412637 0.951776349917054 0.965595811605453 0.396568785887212 0.823086365824565 0.955008024116978 0.913382580969483 0.982283203164116
0.706960678799078 0.86056239833124 0.897213000571355 0.881170268636197 0.812239484628662 0.243823789525777 0.191011047223583 0.690132154151797 0.435888313455507 0.74164852546528 0.876463533844799 0.862924000713974 0.00202193600125611 0.781815839232877 0.154160919599235 0.216003526002169 0.883425751700997 0.540851348312572 0.603604874340817 0.537080959184095
0.0371976408641785 0.449928680900484 0.328100029146299 0.364041678840294 0.648613719269633 0.978392304154113 0.578046347713098 0.717148797819391 0.697039219783619 0.628507737768814 0.203166430583224 0.30577371828258 0.0860015610232949 0.993419057223946 0.821459853090346 0.0153738318476826 0.888152344385162 0.652878392487764 0.741005655843765 0.831203497713432
0.551879111677408 0.520811416674405 0.203380050137639 0.0192785700783134 0.654417838901281 0.611263452330604 0.103537806775421 0.109781358391047 0.812581041362137 0.217134979087859 0.391339217545465 0.753158264793456 0.646322906017303 0.160887766629457 0.414299157215282 0.761212028097361 0.0911501524969935 0.457384207984433 0.401511749951169 0.329841582337394
0.959871137049049 0.720309546450153 0.795471503632143 0.973501751199365 0.164630374172702 0.268474206095561 0.770699341082945 0.394410180160776 0.126825278392062 0.956114251865074 0.629922669148073 0.586773600429296 0.397720740409568 0.451529794372618 0.59376595239155 0.613214073935524 0.938895946834236 0.473697958746925 0.452605097554624 0.362337874714285
0.949718793854117 0.811934929341078 0.618171049281955 0.811986474785954 0.98670740891248 0.226850238163024 0.321725423680618 0.0505006802268326 0.643755956320092 0.017115447903052 0.147264746716246 0.185157566564158 0.615294314688072 0.076473401626572 0.481039188802242 0.979429687606171 0.589757502311841 0.607898373389617 0.741797655355185 0.053265867754817
0.434995509218425 0.102219343883917 0.747942377114668 0.939574607647955 0.0310882898047566 0.0317476575728506 0.263686263933778 0.404273792635649 0.365310242865235 0.446917525725439 0.124599595088512 0.882984456140548 0.268655888270587 0.0292689497582614 0.843435204122216 0.564754946157336 0.723840556573123 0.351547794649377 0.163970628753304 0.632062446558848
0.114769622683525 0.942712255055085 0.786525004543364 0.0711245818529278 0.205089924158528 0.92457606527023 0.756144505692646 0.775432689348236 0.579101352486759 0.870292332256213 0.0348975411616266 0.535361464833841 0.718280088622123 0.507942515425384 0.680520888883621 0.29442895273678 0.0804132949560881 0.776104545919225 0.0678883495274931 0.0301482873037457
0.0548214318696409 0.511995109030977 0.735410186462104 0.0768965159077197 0.219321763142943 0.618926987983286 0.697287280578166 0.426239528693259 0.438688674708828 0.986460966290906 0.940812699729577 0.184473401401192 0.0249254668597132 0.341786744305864 0.996509618125856 0.309348274022341 0.223413864616305 0.0904837599955499 0.652786855818704 0.0833797485101968
0.735818004002795 0.420841482933611 0.205054245190695 0.569284515921026 0.0360497750807554 0.50568834762089 0.0418931276071817 0.842537355609238 0.887879213551059 0.55421423073858 0.213366855401546 0.189374394947663 0.830742813181132 0.874992208089679 0.0928918649442494 0.540747619466856 0.737246849806979 0.487719486001879 0.582490121014416 0.170939629198983
0.937895050738007 0.521669470937923 0.715584759134799 0.503246809123084 0.36618396663107 0.0998224793002009 0.563226704485714 0.390061436919495 0.594086091965437 0.731979600852355 0.839141761185601 0.876650506397709 0.358161030802876 0.587366729509085 0.107324447715655 0.908045273274183 0.531167966779321 0.635628058342263 0.0619966508820653 0.219174223253503
0.936193743953481 0.400499223964289 0.243033200968057 0.71328333998099 0.118090484756976 0.160471978131682 0.0749835874885321 0.753219262929633 0.898957946337759 0.448297596303746 0.142866316949949 0.387184059713036 0.627891052747145 0.308547821128741 0.685947347665206 0.060378369409591 0.572492806473747 0.0392570819240063 0.667510512517765 0.662173751508817
0.271995585411787 0.0354781784117222 0.128893541172147 0.929162222193554 0.0732013427186757 0.749401717679575 0.0280130680184811 0.990079221315682 0.89149760780856 0.844083736417815 0.9287401472684 0.898120113415644 0.576744170859456 0.718976686010137 0.0602959957905114 0.222434072522447 0.463430271251127 0.0424243586603552 0.626981048844755 0.607675625709817
0.0740415423642844 0.534786983625963 0.426782795926556 0.464620007900521 0.688563000643626 0.268771084956825 0.129993583774194 0.245406561763957 0.685579667799175 0.256075440905988 0.983602055348456 0.0109644490294158 0.801734319888055 0.580856064567342 0.951703021302819 0.826733183581382 0.954790968680754 0.970855328487232 0.997004562057555 0.174332804046571
0.78059274982661 0.860119041753933 0.783103797584772 0.12741534691304 0.959670868003741 0.603149547474459 0.956813990836963 0.0286268924828619 0.2327686464414 0.734385790769011 0.146055761957541 0.954930183943361 0.981520988047123 0.972675167024136 0.932735565118492 0.588422734756023 0.800917063141242 0.749691775068641 0.708530239528045 0.474327236646786
0.489306466886774 0.833085051039234 0.0901007857173681 0.9526427234523 0.246295594843104 0.224004146642983 0.337832297664136 0.905738393543288 0.682690749876201 0.339424131903797 0.358111353358254 0.892462903168052 0.65924098296091 0.831077702110633 0.416173748439178 0.473506716778502 0.752545133931562 0.858371556736529 0.528901866870001 0.322807036107406
0.138061421690509 0.856567241484299 0.475523929810151 0.171750635141507 0.0998803509864956 0.509698318783194 0.777019566157833 0.698284005746245 0.714529528981075 0.6012852427084 0.195390687324107 0.106892289593816 0.79021907155402 0.176510869991034 0.782910705078393 0.847518566995859 0.838877379894257 0.577729227254167 0.526626016944647 0.125524620292708
0.764852097956464 0.621885330416262 0.426927248016 0.928926105843857 0.355906917480752 0.419058238621801 0.920382868032902 0.619671083521098 0.171249345876276 0.513097099261358 0.165763060562313 0.503127670148388 0.93937826459296 0.806410180404782 0.843198552727699 0.553719058167189 0.973004698054865 0.805947560584173 0.660731370560825 0.45079698972404
0.765859538223594 0.301071202615276 0.580291956895962 0.624360865913332 0.908985369605944 0.244655112735927 0.541117099346593 0.530571705196053 0.513011799426749 0.986899376148358 0.607755129691213 0.399796669604257 0.659494681283832 0.0666106806602329 0.43813866423443 0.157019751146436 0.261279021156952 0.277984638698399 0.103687298484147 0.0454491355922073
0.910158216720447 0.619908054592088 0.714298045262694 0.176520807202905 0.319631159305573 0.177297051995993 0.243171052541584 0.433403965551406 0.475634817034006 0.050827962346375 0.139393742196262 0.513244023080915 0.444227825151756 0.165149734821171 0.778389925835654 0.0758452364243567 0.681708240415901 0.562231094110757 0.821307312930003 0.630579125136137
0.349755848990753 0.431230392772704 0.666737843304873 0.449383296538144 0.215506159001961 0.353159282822162 0.246776970569044 0.781035226071253 0.226207360858098 0.643329486483708 0.285091283265501 0.0322725337464362 0.627809585770592 0.961373889120296 0.351992303971201 0.292703951010481 0.746841200161725 0.877390606561676 0.0407763165421784 0.292351313168183
0.552515914663672 0.287367406999692 0.771836309693754 0.130377128021792 0.126922524534166 0.875970904016867 0.729785067029297 0.960035909432918 0.197652279166505 0.243069365387782 0.810499438084662 0.623866656562313 0.0574657120741904 0.193430477986112 0.898827952798456 0.725284983636811 0.335425129393116 0.109831567620859 0.511965470621362 0.765460967784747
0.218406211584806 0.738235041731969 0.106416296679527 0.85634004091844 0.519581438740715 0.874011828564107 0.932712710462511 0.452356182504445 0.975150579353794 0.26161152147688 0.0886447462253273 0.677950286539271 0.877332237083465 0.32975434185937 0.857262569712475 0.522575913462788 0.0737248789519072 0.885250579798594 0.490747267846018 0.299388484796509
0.958393178414553 0.22717137914151 0.651835162658244 0.842034694273025 0.898217380745336 0.897417801432312 0.683193400036544 0.0925866407342255 0.475460844114423 0.098168006632477 0.000487083569169044 0.276656734757125 0.442513654241338 0.599778609815985 0.0881727987434715 0.0509300911799073 0.339776053326204 0.536834178026766 0.02367701404728 0.562782140914351
0.655492119723931 0.900927250506356 0.972947525558993 0.365200451342389 0.536185105098411 0.515508444514126 0.504036497091874 0.774370487546548 0.553335930686444 0.510625443654135 0.85697383666411 0.433906300226226 0.795099639333785 0.782965609803796 0.265586459310725 0.52537321834825 0.89895934634842 0.938977598678321 0.688238750444725 0.177959243301302
0.531143833650276 0.053384420229122 0.545341261196882 0.90622222237289 0.765070752473548 0.350131595507264 0.603845557197928 0.698728947201744 0.965135943843052 0.939136295579374 0.648871627170593 0.314738636370748 0.513120178831741 0.26992330676876 0.0522624149452895 0.145446916809306 0.24389891163446 0.486718965228647 0.730200882302597 0.573073925450444
0.50417622923851 0.49331775540486 0.115674484521151 0.38485312461853 0.767962167039514 0.426416508387774 0.124491861322895 0.0657893870957196 0.704039942473173 0.198371035745367 0.380407267948613 0.436008655233309 0.0455121004488319 0.179191572824493 0.292369123315439 0.90150790149346 0.675360752735287 0.519857315113768 0.257996489293873 0.0122258693445474
0.592124890303239 0.996747575700283 0.878328219987452 0.50761362304911 0.169721279293299 0.89601877797395 0.756685020634905 0.0110063902102411 0.418750661890954 0.0216672825627029 0.0538971906062216 0.859359856462106 0.579736239975318 0.339801139663905 0.914760265266523 0.0754744394216686 0.304876352194697 0.975294914562255 0.978964038193226 0.654485068283975
0.130727677838877 0.655560990097001 0.582784995436668 0.786468480015174 0.0939433500170708 0.830992588540539 0.424775780877098 0.882676458917558 0.916117520770058 0.116619954351336 0.364950301824138 0.846964501775801 0.19273104169406 0.581708764424548 0.905513260280713 0.793459926266223 0.726885980926454 0.839238692773506 0.937011652160436 0.413097800919786
0.77448469097726 0.718339938437566 0.668128988007084 0.642676976043731 0.901512467302382 0.371610188856721 0.622267208062112 0.308088808087632 0.45080156205222 0.106686139013618 0.724091817392036 0.923865003278479 0.970382018247619 0.148939973674715 0.0834789508953691 0.717363563366234 0.196449341485277 0.139503760728985 0.186273779952899 0.423016000073403
0.991419099271297 0.206986138597131 0.437539688078687 0.488823066465557 0.134961701463908 0.998025711392984 0.734005062142387 0.746852857992053 0.37053141836077 0.5965594004374 0.904938831459731 0.574966000625864 0.990776694845408 0.313048602081835 0.521123303100467 0.0957745034247637 0.852569175651297 0.950766988098621 0.0257366579025984 0.871666984865442
0.226684313733131 0.289851790526882 0.323996957624331 0.908954090671614 0.774030999280512 0.0612972406670451 0.971658043563366 0.708068669075146 0.256363507825881 0.177093947771937 0.22927488735877 0.636884722625837 0.485456406138837 0.892563250847161 0.391088848700747 0.708706904668361 0.288093970622867 0.646571948193014 0.181610360508785 0.982832744019106
0.34785469667986 0.140547356801108 0.928091726265848 0.53265303466469 0.794579809065908 0.976224920712411 0.324792630504817 0.328989395406097 0.148928778478876 0.610175457317382 0.805824284208938 0.729386715451255 0.623789240373299 0.569683398352936 0.0261570662260056 0.792750637512654 0.10661047976464 0.511569402413443 0.716289511881769 0.0487567849922925
0.596067329868674 0.503839737968519 0.0977412515785545 0.554177034879103 0.854077832074836 0.286055510398 0.867318307748064 0.892989059444517 0.567695884499699 0.801311849150807 0.52690419764258 0.841751221567392 0.778333209920675 0.790110697038472 0.40359028079547 0.983427169267088 0.844468379626051 0.658461841288954 0.17134625161998 0.802595348330215
0.261445363750681 0.0602488478180021 0.217745861969888 0.122126780916005 0.698036660905927 0.830517810536548 0.138948499457911 0.9658492077142 0.753419154323637 0.119104277342558 0.726105133537203 0.0365290232002735 0.722046995069832 0.268483116291463 0.746278841746971 0.905108134029433 0.669843240408227 0.502892483957112 0.447928928770125 0.228455155389383
