0.0013715096283704 0.711611887905747 0.0620228794869035 0.256423123413697 0.234554236056283 0.198030925821513 0.288068824680522 0.564399281982332 0.995795745402575 0.287711747456342 0.0807943800464272 0.687283080304042 0.638914339011535 0.17785451002419 0.822861528489739 0.869720084825531 0.473534485790879 0.416195163270459 0.0987020812463015 0.348617313429713
0.997360219014809 0.847345577320084 0.514855020213872 0.102741092210636 0.957720771664754 0.0975381648167968 0.787544949678704 0.317523664329201 0.668515617959201 0.543788916664198 0.210210805991665 0.000779860652983189 0.86938622337766 0.430724350968376 0.923002098221332 0.39123355015181 0.714562074048445 0.196389529155567 0.702641225419939 0.495011206250638
0.0981025702785701 0.493930604541674 0.372092030243948 0.833985463483259 0.809825135627761 0.516754860524088 0.919660833431408 0.0168717303313315 0.364040624117479 0.095250143436715 0.437261248705909 0.274433138780296 0.197792860679328 0.415284315356985 0.56761071132496 0.452140259789303 0.833511843113229 0.891012132400647 0.0174446627497673 0.687400817172602
0.983596719335765 0.362575654638931 0.513011249247938 0.79947026562877 0.416446825256571 0.861104009672999 0.3913547557313 0.0693930364213884 0.578244467265904 0.497560237534344 0.707963441731408 0.786976592848077 0.989483375567943 0.98390881321393 0.998346005799249 0.785145073896274 0.48112928122282 0.32539562182501 0.568221033085138 0.624508223962039
0.37449497403577 0.918593536596745 0.716347142122686 0.557041304884478 0.567563969409093 0.310324375052005 0.509190518409014 0.118727643508464 0.745031909551471 0.153762012254447 0.584139900747687 0.0462170594837517 0.253772851778194 0.122988218208775 0.83616408589296 0.45293706539087 0.339106304803863 0.428773373365402 0.386756468564272 0.641595898428932
0.194711566902697 0.750434022629634 0.273853021441028 0.886336222523823 0.703368611633778 0.000263554509729147 0.661244878545403 0.893866130849347 0.0998321243096143 0.840195753145963 0.11717987456359 0.625398659845814 0.464015351608396 0.205973043804988 0.460329876281321 0.34122523968108 0.687817700207233 0.682776588015258 0.625419636489823 0.85940027772449
0.284764955053106 0.307291159871966 0.580132992239669 0.702304038451985 0.113511810544878 0.0466251694597304 0.834114612080157 0.784275391371921 0.795925587881356 0.166317206574604 0.456537026446313 0.901916382834315 0.756371292518452 0.973750289995223 0.120351916644722 0.622268585022539 0.288050228031352 0.929810465080664 0.824579298030585 0.501975486520678
0.350062939338386 0.228815181879327 0.348348536528647 0.403804087080061 0.0132807670161128 0.0133315322455019 0.880647036712617 0.906554271932691 0.468165621859953 0.00043299444951117 0.110602039843798 0.668986393837258 0.212500992696732 0.691182591486722 0.311188173480332 0.0806563422083855 0.80979942297563 0.0690027053933591 0.657582719111815 0.669326975243166
0.54003242473118 0.274689314886928 0.0390390336979181 0.165317995939404 0.678565740818158 0.38908068370074 0.251113432459533 0.90845328499563 0.131321355467662 0.453558570006862 0.269947042455897 0.814523543231189 0.528401385527104 0.122843539342284 0.627966362051666 0.230527512729168 0.067358722910285 0.0503667609300464 0.474556631408632 0.521747572347522
0.943380575859919 0.859706650488079 0.0715513359755278 0.902562868315727 0.539653329644352 0.889158928766847 0.340938850073144 0.0687342609744519 0.210376625414938 0.859295446658507 0.747069712495431 0.546251612948254 0.879282281035557 0.859528249129653 0.452099841320887 0.278604475781322 0.181042499141768 0.735864196904004 0.204650641418993 0.128979102475569
0.494226023089141 0.479900521924719 0.384803709574044 0.656409018440172 0.878910786472261 0.617501189466566 0.627478364156559 0.219076112378389 0.939712445251644 0.706887254724279 0.267940833000466 0.41169698513113 0.175926990341395 0.449443474644795 0.625817515188828 0.548931371187791 0.345115632750094 0.452800169121474 0.464744855184108 0.811623131856322
0.878021129639819 0.966170137980953 0.333530092611909 0.650457691634074 0.343172235181555 0.109077256638557 0.841070780763403 0.366954544559121 0.538606782443821 0.821249326458201 0.0099784922786057 0.76714995270595 0.685279983561486 0.728095066035166 0.132374826353043 0.80386968376115 0.0467724394984543 0.838429305003956 0.52726170537062 0.28527095168829
0.0735131360124797 0.301206204108894 0.166583611862734 0.881199745461345 0.154354340629652 0.928789930650964 0.679783010156825 0.501268366817385 0.431977951200679 0.248533894540742 0.4740157246124 0.120373881189153 0.921063235262409 0.123028313042596 0.407001913990825 0.393574876710773 0.159491640515625 0.296340230852365 0.0275482174474746 0.240115595282987
0.232375784078613 0.974293424980715 0.40472220024094 0.17226648144424 0.0175389237701893 0.441660309908912 0.00217032711952925 0.174928897526115 0.233334818389267 0.132128699216992 0.478709520539269 0.732174825388938 0.00213463162072003 0.956507812719792 0.738612082554027 0.139250996522605 0.648947502253577 0.365361908217892 0.209020164096728 0.543544378597289
0.453903630143031 0.19293501903303 0.645330717321485 0.69453239440918 0.731353141600266 0.683244447223842 0.0553825870156288 0.688193361507729 0.815304208779708 0.0474407505244017 0.800073814811185 0.221119987312704 0.778760033659637 0.485405537532642 0.245360722066835 0.395445483038202 0.611502748914063 0.0239773145876825 0.501129581825808 0.46802917541936
0.937083781464025 0.765359684359282 0.362607820192352 0.36108518531546 0.468932990217581 0.830190494423732 0.279929735697806 0.646411676425487 0.0543409453239292 0.52687482861802 0.0249692872166634 0.00933078303933144 0.668801335385069 0.351598390145227 0.611876277951524 0.345519840717316 0.596327595179901 0.378110430669039 0.187002287013456 0.554919007001445
0.710285610985011 0.0703692866954952 0.697720099473372 0.826746567850932 0.572084289276972 0.872589720180258 0.121643042424694 0.538705424871296 0.596496015088633 0.966324824374169 0.828962383093312 0.107064031763002 0.554502378217876 0.794819910312071 0.0268605137243867 0.896771380444989 0.27336042211391 0.994239092106 0.70672718831338 0.449121799552813
0.417556181550026 0.481733788736165 0.026857943739742 0.884245196823031 0.436606821836904 0.637971505988389 0.709720244864002 0.367632199311629 0.791326368227601 0.867054872680455 0.509134826017544 0.496946534141898 0.887619156157598 0.509785835631192 0.924592026742175 0.776922188000754 0.86459957389161 0.790854816092178 0.679675156716257 0.150898988358676
8.63196328282356e-05 0.885701989522204 0.630456391256303 0.374999969732016 0.775758935604244 0.914236492244527 0.537859844742343 0.561736798612401 0.672658324474469 0.335733629763126 0.943538115359843 0.321077609434724 0.320731518324465 0.339275300502777 0.752387288026512 0.153742445167154 0.633936794940382 0.939745547482744 0.770798292942345 0.775053997291252
0.172917471267283 0.10572634707205 0.892638493562117 0.875514761079103 0.892227834323421 0.195787134813145 0.118309784680605 0.213412227807567 0.664045414654538 0.936587827280164 0.753330558538437 0.915414712624624 0.825796060729772 0.463264081161469 0.0733066827524453 0.0264070769771934 0.4093346898444 0.244461921742186 0.419332464691252 0.295646451180801
0.620170306414366 0.414077206980437 0.346932804677635 0.123464609729126 0.111842303071171 0.341496169799939 0.83949042763561 0.941764043178409 0.0333198760636151 0.878541813930497 0.173768050037324 0.899920623982325 0.795230025192723 0.69230176275596 0.804678822867572 0.736950082238764 0.21059595188126 0.214928145520389 0.74758667871356 0.175928258802742
0.402052331482992 0.55783849558793 0.699723028112203 0.942103184061125 0.884655767586082 0.542901857756078 0.632210785523057 0.7175410639029 0.761982280062512 0.145369637524709 0.144220430636778 0.0113261889200658 0.430981870274991 0.761628504144028 0.273827977711335 0.911566627444699 0.968847889686003 0.397835930809379 0.928035391727462 0.902169022476301
0.647830927744508 0.3436207131017 0.898622930049896 0.721977383596823 0.128256540745497 0.951953721698374 0.648580282693729 0.219957093941048 0.700267279520631 0.929879220435396 0.522524176863953 0.151266065659001 0.498477066867054 0.838210272602737 0.27607682114467 0.512328834738582 0.000102493213489652 0.128578178817406 0.391967384377494 0.560480388812721
0.95464883511886 0.700255540199578 0.325444763991982 0.519111317582428 0.640308952191845 0.836059720953926 0.908161260187626 0.584257744485512 0.55531697277911 0.713260904420167 0.760233904002234 0.672378924908116 0.541877656243742 0.0305436104536057 0.528748319949955 0.157799490960315 0.686566752614453 0.354856482241303 0.59404077171348 0.185549524845555
0.559950147056952 0.677525969222188 0.0305150777567178 0.0210214073304087 0.85074414499104 0.830536930589005 0.605905391508713 0.260363063309342 0.477646495914087 0.00963898515328765 0.131021844921634 0.11724202381447 0.823968476150185 0.0784114899579436 0.513821420259774 0.219730035867542 0.31054725847207 0.08581134933047 0.908399459673092 0.195497957523912
0.959789589047432 0.997533437097445 0.792487918632105 0.0409867877606302 0.268491694703698 0.300486435648054 0.372467718319967 0.313405042747036 0.0413852471392602 0.26450799475424 0.159332415089011 0.822550046257675 0.208436509361491 0.554614300373942 0.984605778008699 0.620593914296478 0.861610821913928 0.913560624234378 0.0299243738409132 0.578971694223583
0.125961378915235 0.461508001433685 0.947519732406363 0.273630761308596 0.0396182013209909 0.778113487409428 0.811887426301837 0.757462602341548 0.55744940484874 0.835524633293971 0.181041827891022 0.122285309247673 0.851504368707538 0.936762715457007 0.295318050310016 0.425802257843316 0.971378621878102 0.948867474449798 0.494908039458096 0.452620475087315
0.828629681840539 0.593709025066346 0.491482237586752 0.170180585933849 0.73976656794548 0.680370418122038 0.491611127275974 0.00737071805633605 0.368909375276417 0.121283286716789 0.949906858848408 0.00816310895606875 0.16279245284386 0.412680680397898 0.710451746359468 0.0989642788190395 0.0697366553358734 0.525090610841289 0.0952795054763556 0.221152776386589
0.18891013530083 0.0210577649995685 0.953017167747021 0.0381790092214942 0.184037905419245 0.995527479797602 0.265632997499779 0.800616985652596 0.376775192795321 0.616208215942606 0.474185530096292 0.420180820394307 0.372150315903127 0.0224410993978381 0.59499650564976 0.359041888965294 0.544414033414796 0.677150042261928 0.00372945377603173 0.158558664610609
0.369732626248151 0.365729972254485 0.0664633079431951 0.240573909366503 0.946732920594513 0.153205907670781 0.185384792042896 0.856398174772039 0.557799228234217 0.594773344462737 0.741041553905234 0.437704964773729 0.665538341039792 0.445600787177682 0.286230178084224 0.471447831951082 0.609050061786547 0.425579671282321 0.116361345630139 0.0193330503534526
0.380431198282167 0.0522386240772903 0.216704678488895 0.718354064039886 0.967594118556008 0.515217305161059 0.29713973402977 0.115110895363614 0.471510292962193 0.322347279638052 0.842504684114829 0.0266623315401375 0.826873255893588 0.0508222626522183 0.277986282249913 0.558254933450371 0.012729830108583 0.419166125822812 0.322454609442502 0.490716407541186
0.781576951500028 0.31401278055273 0.304248778149486 0.125576549209654 0.661818597000092 0.692440096754581 0.951505264034495 0.821863612392917 0.349549302831292 0.199807334225625 0.895267799030989 0.302076310152188 0.623770184349269 0.835750547237694 0.534888657974079 0.474179366836324 0.205835414119065 0.51992984674871 0.0736600896343589 0.492976765381172
0.37420124351047 0.632397431880236 0.369094983674586 0.0435743124689907 0.63342024339363 0.0841155759990215 0.911589388968423 0.974792405730113 0.193655058508739 0.56496585579589 0.245154445525259 0.308459614403546 0.670372172957286 0.152025245595723 0.272341980366036 0.848589641973376 0.634646991966292 0.026893806643784 0.306543448241428 0.964503366267309
0.324192649219185 0.325028046499938 0.378324670949951 0.420968672027811 0.120263657765463 0.988388932310045 0.81217598146759 0.476811422267929 0.0464704355690628 0.644612789852545 0.298545340774581 0.0733454858418554 0.613536922261119 0.0154378002043813 0.189347794745117 0.00193460495211184 0.436744754435495 0.46049497788772 0.387498502619565 0.738100628135726
0.814798257080838 0.751742732943967 0.824708600761369 0.926181084243581 0.225920322583988 0.0580178098753095 0.816643688827753 0.244315142044798 0.956716156797484 0.444695518119261 0.640845719724894 0.873531721066684 0.606465916149318 0.786766635254025 0.93369818944484 0.554430321324617 0.418706596130505 0.948260664474219 0.30358498566784 0.333320932229981
0.0406649762298912 0.933271928690374 0.183024103054777 0.476020072586834 0.50714870239608 0.582541877403855 0.209408631315455 0.144747580867261 0.190971193835139 0.256629127310589 0.248145308811218 0.489641551394016 0.311617688275874 0.637771443696693 0.182047711452469 0.495380504988134 0.955983694409952 0.17056676116772 0.614305303432047 0.828475856687874
0.10365686728619 0.166446134913713 0.456760022556409 0.737639208789915 0.762189539149404 0.953669233014807 0.873508625896648 0.967324225464836 0.735365389613435 0.140287484740838 0.0482383673079312 0.756893524900079 0.475847709923983 0.060031020315364 0.018918993184343 0.000733515480533242 0.222980272723362 0.910928799537942 0.0144421588629484 0.746097452472895
0.418978627072647 0.034091069130227 0.310756962513551 0.265363213140517 0.309714622562751 0.415745873004198 0.914196363650262 0.368824317120016 0.911276782862842 0.62436240282841 0.469049799023196 0.905648906715214 0.3208628220018 0.417749813990667 0.255409542704001 0.0220001267734915 0.874007635982707 0.691867858404294 0.966084955260158 0.111690325895324
0.770455189049244 0.550956412684172 0.0298402076587081 0.225285769440234 0.707296377979219 0.794827971607447 0.235180758405477 0.221098848152906 0.476572639076039 0.68221489014104 0.110992405330762 0.966124830301851 0.255379307782277 0.715800954727456 0.295865783002228 0.00187536422163248 0.347464016405866 0.213634253712371 0.0300836670212448 0.923451667651534
0.39092458691448 0.13955960329622 0.200983280083165 0.210248684510589 0.338428794639185 0.824330295668915 0.994814338628203 0.927784521365538 0.200113931437954 0.454980598064139 0.902995578711852 0.998018255224451 0.478471371810883 0.944204634753987 0.941858498146757 0.0524102018680423 0.010851617436856 0.302935575135052 0.579179197782651 0.251335009466857
0.226785336388275 0.167298089712858 0.624585022451356 0.898201678181067 0.186949038412422 0.0152626656927168 0.574278275948018 0.823202155297622 0.772443045163527 0.370264042634517 0.787511997157708 0.907285486580804 0.964141123462468 0.837493998464197 0.810265102889389 0.241153891663998 0.612317866645753 0.315967347007245 0.810066322563216 0.0721969110891223
0.252341557526961 0.325639849994332 0.377598567400128 0.189368232386187 0.735953002935275 0.145800140453503 0.664375095395371 0.779252840438858 0.879475063411519 0.0919500631280243 0.0436830820981413 0.0398098328150809 0.677660943474621 0.324648313224316 0.842240169877186 0.524428516393527 0.868075642734766 0.779623131034896 0.859841189114377 0.935650197323412
0.997539460193366 0.51626592874527 0.16884054732509 0.0331416830886155 0.565182598540559 0.635961727239192 0.721887919586152 0.660174501826987 0.586021422408521 0.999569315696135 0.0898733944632113 0.0583729008212686 0.650714485207573 0.37288181646727 0.816184525145218 0.437102535041049 0.715918430127203 0.85176401399076 0.874097188469023 0.632822396699339
0.967141474829987 0.0709368959069252 0.188940173247829 0.63353053224273 0.719096533255652 0.0342875495553017 0.774124487768859 0.0999452914111316 0.82787665608339 0.0145881571806967 0.933260342339054 0.0180537477135658 0.189238591585308 0.195979042211547 0.156347203301266 0.124524387763813 0.626461579231545 0.866127003217116 0.907370619475842 0.838204077677801
0.344932767562568 0.55894345859997 0.13861678680405 0.985027444083244 0.749503393657506 0.41963400808163 0.603633109945804 0.0222671835217625 0.150825090706348 0.48124214168638 0.157552593154833 0.460963041288778 0.684204514836892 0.285772114759311 0.18498804140836 0.852975008776411 0.301249704323709 0.183627913007513 0.699448755709454 0.744328638538718
0.713332113111392 0.634892439702526 0.756289212731645 0.421648624585941 0.899476070422679 0.165714499540627 0.205724364612252 0.0291823272127658 0.765467649325728 0.459231155691668 0.678500779671595 0.885926956078038 0.478945315815508 0.75255142361857 0.670733356615528 0.0624126140028238 0.95668504666537 0.0295234124641865 0.33106440375559 0.570760433329269
0.484980676323175 0.339681504061446 0.170941156568006 0.438062868313864 0.590427033603191 0.458962317556143 0.485534254228696 0.398229602258652 0.242320929188281 0.861138900974765 0.347630745964125 0.12613110546954 0.575952979968861 0.617253377567977 0.105399793712422 0.840987421339378 0.102868062909693 0.381419786950573 0.842026952188462 0.811990419169888
0.564518556231633 0.851952340221033 0.794430981157348 0.640902713174 0.888274932745844 0.796358139254153 0.838272705441341 0.147001944715157 0.78960819891654 0.914801189675927 0.824751198291779 0.720885683083907 0.788400815567002 0.11717689409852 0.0879443373996764 0.268412108998746 0.414703205227852 0.551437830785289 0.798900136956945 0.208905826322734
0.870569647988304 0.702386164339259 0.623181530274451 0.0877912337891757 0.39632071275264 0.48676690668799 0.469015455804765 0.93678128765896 0.0872838026843965 0.744650561129674 0.873445444973186 0.0570388103369623 0.783214430324733 0.21774923382327 0.913711749715731 0.899858345743269 0.850883332081139 0.22446891060099 0.051138995680958 0.485724037280306
0.49874971434474 0.508822473930195 0.897262792801484 0.388272527372465 0.678211722988635 0.990002023987472 0.281902252463624 0.320439964300022 0.655474649975076 0.502815919695422 0.76873705140315 0.227526028407738 0.310210113180801 0.490106461336836 0.390462481416762 0.557097872253507 0.335658601950854 0.416541040875018 0.873477270128205 0.536065412685275
