0.393732708878815 0.182292100973427 0.126325762597844 0.239245088072494 0.70075787906535 0.322462441166863 0.735612731892616 0.201934681273997 0.162247261265293 0.998325546039268 0.699691503774375 0.676132682245225 0.756879975786433 0.955614686012268 0.732806323561817 0.86838145647198 0.59456186182797 0.522875340655446 0.146964235929772 0.634522531414405
0.220808076439425 0.960786267649382 0.295447642216459 0.875690008280799 0.62045474932529 0.259878889657557 0.935226342640817 0.363429427146912 0.538396909367293 0.0753947701305151 0.157908659661189 0.165633873548359 0.892943412763998 0.873346126871184 0.0909849535673857 0.647515576565638 0.293874108465388 0.600411253748462 0.151717325206846 0.1004145918414
0.079828918678686 0.237387615488842 0.489385693566874 0.00971012073569 0.546109141083434 0.242780421627685 0.44150944147259 0.980862928321585 0.341290823416784 0.232900748960674 0.970480469055474 0.676455894019455 0.967188670532778 0.99736818834208 0.578791624167934 0.444203474791721 0.711791465524584 0.651650349376723 0.84193892031908 0.231076868018135
0.390221553156152 0.496417188318446 0.596854595001787 0.0549129105638713 0.817603386938572 0.249225748470053 0.400966794462875 0.0781668161507696 0.892904616892338 0.448011270724237 0.639032512670383 0.396739310584962 0.327680152608082 0.322444785619155 0.917130202287808 0.929656916763633 0.594046202953905 0.525579809211195 0.604999605333433 0.718373787356541
0.186509897001088 0.856427541468292 0.648435591021553 0.0378284142352641 0.200837217504159 0.553430704632774 0.370228302432224 0.265983550343663 0.916077296016738 0.0533591418061405 0.341831261059269 0.932371051982045 0.531658608699217 0.568073168862611 0.0937582708429545 0.267327798530459 0.133028851822019 0.117328974884003 0.347273855470121 0.387202052632347
0.788640655344352 0.983019043225795 0.0736274088267237 0.460610400652513 0.950830067042261 0.918540433514863 0.33176736952737 0.68444796348922 0.431596044683829 0.11737651983276 0.193718882743269 0.62001484981738 0.0949529320932925 0.291366655379534 0.867947941180319 0.439065103186294 0.135758467484266 0.903775660553947 0.583287596004084 0.840666540432721
0.830559438094497 0.536557796178386 0.977999087423086 0.588322241324931 0.270833757240325 0.19504933943972 0.0556052448228002 0.432241990929469 0.444066544994712 0.743959833169356 0.683610569685698 0.80029410473071 0.748649793677032 0.962470478843898 0.639108932809904 0.0970623914618045 0.863516682526097 0.0132741772104055 0.91591109498404 0.205083667533472
0.604402514640242 0.0645513772033155 0.480213168077171 0.917242802446708 0.657575552817434 0.160127440467477 0.890347889391705 0.719145557610318 0.366978734731674 0.513576689176261 0.416649399092421 0.789304177975282 0.663761778967455 0.00107520981691778 0.717376208631322 0.142206288175657 0.731742148287594 0.909326961031184 0.200104369549081 0.574892848497257
0.758425006177276 0.522705683019012 0.78717954736203 0.106466340599582 0.15867619193159 0.948216686490923 0.758692567702383 0.213437072234228 0.32713482901454 0.931624998338521 0.197913950309157 0.582865182310343 0.479240223998204 0.956756404601038 0.569163145264611 0.0989536580163985 0.589300138410181 0.176881008781493 0.0317780610639602 0.416538638761267
0.436806391458958 0.671436228556558 0.605793935945258 0.261790467426181 0.212529032025486 0.430598234757781 0.821075667859986 0.0701843965798616 0.359140438260511 0.893950866768137 0.749001690885052 0.782293500378728 0.889908668585122 0.540989772416651 0.756924072746187 0.568497731350362 0.82198605267331 0.979697237722576 0.539939196081832 0.978845384437591
0.769134357804433 0.257809348637238 0.616218598792329 0.597213282715529 0.877229316160083 0.0679153350647539 0.344006287399679 0.376529050059617 0.0284590001683682 0.743148169014603 0.0906240334734321 0.307861045468599 0.876265577739105 0.760832781437784 0.883462326368317 0.428048826055601 0.809071061667055 0.216067871311679 0.143354058265686 0.564401030773297
0.878723039291799 0.330699694110081 0.254765605088323 0.551511561963707 0.0840007087681442 0.881083843763918 0.977585853077471 0.777462098281831 0.861267403233796 0.631239048903808 0.299496793653816 0.757363041862845 0.901042109820992 0.704775771591812 0.454094070475549 0.424335700692609 0.766811514738947 0.287035846151412 0.551385874161497 0.501128034899011
0.0828401835169643 0.793049743631855 0.780200289562345 0.246711852727458 0.817133146570995 0.979328647255898 0.116642463719472 0.227536659920588 0.125716688809916 0.781996875535697 0.30129689257592 0.0365556348115206 0.728053555823863 0.652878139400855 0.895518703153357 0.773440203396603 0.989885162794963 0.583542519481853 0.827644686214626 0.146310073789209
0.438699895283207 0.0792055088095367 0.308596822200343 0.882351202890277 0.985724175581709 0.937786869239062 0.0700724471826106 0.775322936940938 0.781573639018461 0.333858862984926 0.0681751875672489 0.860766404075548 0.238564156927168 0.298036376945674 0.204415524378419 0.79089437588118 0.533055352047086 0.145755110075697 0.0157263691071421 0.741271244827658
0.471663963282481 0.497052035527304 0.955909737385809 0.0410147099755704 0.343880595173687 0.12326934421435 0.326020593056455 0.0285478443838656 0.65336849517189 0.705492058768868 0.972121358616278 0.107204183703288 0.262246536323801 0.696461614919826 0.453026748728007 0.92429788550362 0.269051413983107 0.333775220438838 0.547805375186726 0.848771329037845
0.561814076732844 0.514737251447514 0.372644196264446 0.719293838134035 0.452165563823655 0.64439196465537 0.897047808859497 0.815388150513172 0.470530631486326 0.413719130912796 0.751428234158084 0.721036256523803 0.441616620868444 0.956888211658224 0.3457833067514 0.500217827036977 0.999790035653859 0.354722318006679 0.616731812246144 0.548182860715315
0.0849374905228615 0.389611099148169 0.851785704493523 0.264055458828807 0.644174157408997 0.514423398766667 0.224522216012701 0.393705032300204 0.693445957731456 0.735602730186656 0.312057985225692 0.14848767593503 0.71474180277437 0.607542761135846 0.0164583211299032 0.307844900293276 0.994962704367936 0.00749508547596633 0.89316806406714 0.0797411755193025
0.504732755944133 0.164405385497957 0.563556360546499 0.224257991882041 0.43323886138387 0.634234589990228 0.931683563627303 0.840366422664374 0.730295230634511 0.618163261329755 0.411084641702473 0.202717345673591 0.0372803087811917 0.898532881168649 0.947926911525428 0.0324271162971854 0.265619201818481 0.894762791227549 0.505431327270344 0.15910410694778
0.820138261653483 0.692376421066001 0.00551705365069211 0.571712491335347 0.575267814798281 0.54719721339643 0.950796138262376 0.186561178881675 0.0510926910210401 0.521275975508615 0.309726818697527 0.363603025907651 0.0755025239195675 0.984153527067974 0.317442235536873 0.872623041272163 0.391033933730796 0.593057868536562 0.58050865936093 0.534427638165653
0.254836532985792 0.0321156198624521 0.0645914550404996 0.578729850938544 0.172422901028767 0.606362233636901 0.584466221276671 0.456781251588836 0.618226490914822 0.633804454002529 0.309918061131611 0.434431713307276 0.571059529669583 0.594160537933931 0.545545525616035 0.763499049702659 0.233945658197626 0.1862850880716 0.396127880550921 0.145416588056833
0.0955260323826224 0.027151032583788 0.661108855623752 0.469989465782419 0.240760278888047 0.995329492725432 0.936535571934655 0.287900743074715 0.491391145857051 0.96246777381748 0.950052491156384 0.0361988549120724 0.363073617219925 0.168724606512114 0.882322988007218 0.264807596569881 0.930655579548329 0.170828054891899 0.286171153420582 0.454151226906106
0.730480576166883 0.93999562994577 0.5490229325369 0.123461386421695 0.0038761212490499 0.66500564920716 0.129021361237392 0.266284696524963 0.786906352266669 0.907709977123886 0.761784936534241 0.821924139047042 0.706353181507438 0.879876329097897 0.773300004191697 0.816856356337667 0.0546090598218143 0.158119524363428 0.494758940301836 0.304951631231233
0.536490300903097 0.0502167670056224 0.322970552835613 0.786455638008192 0.0472975759766996 0.778819499071687 0.217192527139559 0.996974956942722 0.299476970452815 0.119710026308894 0.206000623526052 0.933303191093728 0.391128282528371 0.753210496390238 0.252331580035388 0.807004410773516 0.0469199130311608 0.550055548781529 0.100305223837495 0.297133203828707
0.350306339561939 0.933508085785434 0.79757079272531 0.322921281214803 0.112572151469067 0.73634334676899 0.00875670369714499 0.242898176657036 0.0465617922600359 0.735958547098562 0.328687296714634 0.794070385862142 0.00194618385285139 0.256410465808585 0.224871428217739 0.28763835481368 0.227683845441788 0.81621938268654 0.569599852897227 0.994190249359235
0.855563421268016 0.274348989129066 0.587172265397385 0.348588897148147 0.0383371943607926 0.542773200199008 0.0436045394744724 0.39853472285904 0.0609028553590178 0.0379423461854458 0.806739000370726 0.328959836158901 0.305551226949319 0.855201086727902 0.920589963439852 0.224749660352245 0.620402483269572 0.637187804328278 0.199449696345255 0.23286655312404
0.701362892752513 0.814294254407287 0.120789434295148 0.425893324194476 0.684390465263277 0.487182525917888 0.447973541216925 0.714645202970132 0.851228441577405 0.426651743007824 0.328599537489936 0.797389439539984 0.310715609230101 0.925752777606249 0.347615999635309 0.217065059347078 0.821967299096286 0.66114985011518 0.248890632530674 0.514995928388089
0.343747241189703 0.0464945447165519 0.692749468842521 0.75702801393345 0.919892519246787 0.508664005203173 0.314836396137252 0.645869421306998 0.205596454441547 0.714016246376559 0.355800245190039 0.96856758533977 0.479767471784726 0.529643842251971 0.710841933265328 0.321308110142127 0.294135079719126 0.234524785075337 0.379734521266073 0.377771518193185
0.0942992747295648 0.706786286784336 0.702741688117385 0.393131964839995 0.348101014504209 0.683814131654799 0.271251390455291 0.0268980925902724 0.14266541111283 0.948027995415032 0.254465525737032 0.288160358555615 0.874828947009519 0.837346922373399 0.521718631032854 0.0165739990770817 0.637094984296709 0.955007306765765 0.566850657342002 0.993934114696458
0.18393288529478 0.796346444869414 0.9788461367134 0.745178044540808 0.363275640644133 0.818832441233099 0.878356370376423 0.763888333924115 0.489962054882199 0.471358304377645 0.663115430856124 0.342611748725176 0.0468174577690661 0.0306806191802025 0.667848928365856 0.610016550403088 0.259028185624629 0.467018830822781 0.339681736659259 0.323807835346088
0.422233544057235 0.352638958254829 0.275523715419695 0.168097623856738 0.702078657690436 0.218144751386717 0.347206838894635 0.756443874677643 0.219085919903591 0.935749404132366 0.970365178305656 0.0322186013218015 0.901179969543591 0.414272935828194 0.734086805023253 0.139390495838597 0.777569119120017 0.542169094551355 0.590050538768992 0.891006003133953
0.949348600115627 0.905625504208729 0.534112684894353 0.333308457629755 0.497487948508933 0.84775527077727 0.050491074565798 0.8606665013358 0.881997493561357 0.27948801079765 0.803360342746601 0.928469477919862 0.506339429179206 0.392042771214619 0.403861819533631 0.662338122026995 0.175896021537483 0.379387457622215 0.40311387903057 0.339147120015696
0.969873288879171 0.211709117284045 0.0915558922570199 0.580372693948448 0.382010113215074 0.192104310495779 0.327265205327421 0.519773309351876 0.813692240277305 0.0390077147167176 0.650725006125867 0.305971132125705 0.300416183657944 0.0594642958603799 0.233954803552479 0.23387638758868 0.0240792620461434 0.717398497741669 0.226086129201576 0.962848417460918
0.286754278698936 0.373350047040731 0.360703063430265 0.753832601709291 0.0445043535437435 0.69062977982685 0.653527504066005 0.618095968617126 0.494445166084915 0.15324201923795 0.112016194267198 0.860372197581455 0.17096889927052 0.108130501816049 0.501957576721907 0.644651657203212 0.875773182604462 0.683262136764824 0.938415589043871 0.551199570298195
0.142626544227824 0.929775797761977 0.121376713970676 0.769293177640066 0.662300434429199 0.856358179589733 0.831245311535895 0.155758396955207 0.0176756011787802 0.632876670686528 0.146402171812952 0.536181099712849 0.572283783229068 0.830126119311899 0.680096892872825 0.217929079430178 0.00907215662300587 0.358325986890122 0.0437694415450096 0.184216280234978
0.74355994258076 0.0462550432421267 0.422313188901171 0.32241994026117 0.32120618969202 0.874127587769181 0.169899356551468 0.474150095833465 0.0257628592662513 0.828984880819917 0.3777006927412 0.904187801992521 0.705728865228593 0.736891451757401 0.915542761329561 0.544426253996789 0.166121460031718 0.51267616613768 0.819861353840679 0.0133709493093193
0.194795248098671 0.737394392490387 0.148709188215435 0.767628842033446 0.858784093055874 0.52252089837566 0.996306632645428 0.274221762316301 0.191919083241373 0.331823913380504 0.933355004759505 0.594380948226899 0.415482194395736 0.735984232742339 0.796995693352073 0.747355980798602 0.885845028329641 0.192018816247582 0.234121553134173 0.0427213492803276
0.422563855070621 0.728984090732411 0.506073137046769 0.101669906172901 0.979134771041572 0.612789472797886 0.898974711773917 0.647424183320254 0.176602912368253 0.992072504479438 0.0737548423931003 0.097158414311707 0.666727607836947 0.37349728634581 0.0268053621985018 0.262944980058819 0.552414138568565 0.183212420204654 0.786144289188087 0.136101489886642
0.486252866918221 0.774215718964115 0.0279576473403722 0.921750636072829 0.643425645306706 0.235853997291997 0.642051576636732 0.407244740519673 0.895484212320298 0.420612217392772 0.78783048549667 0.197802767623216 0.725056320661679 0.743579413508996 0.127829503733665 0.201223451877013 0.249084908049554 0.911796289030463 0.808983801165596 0.942264234414324
0.244522023247555 0.336701674386859 0.346297069685534 0.0113893575035036 0.0843404564075172 0.687848184024915 0.856628839392215 0.389259553747252 0.456263730768114 0.452688074205071 0.322239709319547 0.590534131508321 0.690882571972907 0.394467933569103 0.557409454602748 0.402572508668527 0.234519850928336 0.260870109079406 0.76353814243339 0.201051007024944
0.573599707102403 0.418345902115107 0.964275558013469 0.368564666248858 0.538899209117517 0.359938863664865 0.80540908430703 0.194187338696793 0.353776540607214 0.697822351939976 0.107481349026784 0.671056573046371 0.838293098146096 0.820050519192591 0.932880429085344 0.408123169094324 0.612552771810442 0.639120994368568 0.0931474643293768 0.969002962345257
0.288860458415002 0.949460635893047 0.355058513581753 0.111591086257249 0.235170229338109 0.556807402055711 0.917383133200929 0.212138968054205 0.683769054012373 0.738717206288129 0.0256631849333644 0.189951166044921 0.502851226367056 0.140724007273093 0.177451853407547 0.175323332194239 0.645356345921755 0.556010894477367 0.56244772602804 0.789337888825685
0.31430251384154 0.889752102550119 0.956580739002675 0.577838199678808 0.529231623513624 0.980042218929157 0.251136515755206 0.653636123985052 0.763480228604749 0.0942027533892542 0.781510442728177 0.202589398482814 0.205427773296833 0.0590969996992499 0.789261510130018 0.72046087984927 0.911875454708934 0.724097331287339 0.446947816759348 0.488844347419217
0.0442575446795672 0.775385626126081 0.501793630421162 0.084018510999158 0.97989125107415 0.589457132853568 0.999379331478849 0.926964377285913 0.615772583056241 0.863499813713133 0.759577744873241 0.953795528737828 0.837633818853647 0.739413375267759 0.393112499965355 0.835991530911997 0.249882160453126 0.412406290182844 0.820541729684919 0.702535732649267
0.978477427037433 0.210542000597343 0.917029487434775 0.379384626634419 0.979757241904736 0.878946242155507 0.551717084832489 0.959561537019908 0.365654342574999 0.316857455065474 0.898263054667041 0.80650132172741 0.605232950067148 0.105745334178209 0.410967157455161 0.170283192070201 0.61866684560664 0.274331735447049 0.555699074873701 0.712512085912749
0.790369909023866 0.0402789600193501 0.409332872368395 0.962175442371517 0.072932057781145 0.569995072903112 0.229579946724698 0.224759377306327 0.70490872557275 0.547461098525673 0.426138153765351 0.838518468430266 0.902904828079045 0.766205692430958 0.00377547205425799 0.328381147934124 0.993739265482873 0.896780881797895 0.889472457347438 0.759513506898656
0.776375465560704 0.66969436313957 0.356396249029785 0.998068131506443 0.37380263232626 0.872938324231654 0.240867775399238 0.366671464173123 0.661746210884303 0.959517493611202 0.769861886743456 0.0958752383012325 0.451186718884856 0.792948046233505 0.475164767121896 0.948168326634914 0.496704284101725 0.108973418362439 0.692214125068858 0.814610050758347
0.503194939577952 0.27858624747023 0.0466015595011413 0.674987094011158 0.575461960397661 0.638090121094137 0.65929046459496 0.432845622766763 0.606776101980358 0.262532812310383 0.133605615701526 0.677404141519219 0.311595479724929 0.98242097790353 0.0421853982843459 0.887285928474739 0.399607001803815 0.46869047312066 0.666803834727034 0.154032035032287
0.908817037241533 0.740362642565742 0.461200552294031 0.710202201269567 0.217027598293498 0.917815623339266 0.731746323173866 0.348091792315245 0.721025125589222 0.996737292734906 0.900501746451482 0.591737442649901 0.217545962426811 0.548307808348909 0.375451903324574 0.484503597486764 0.317174592288211 0.661552090663463 0.643529831198975 0.240394787862897
0.0469577675685287 0.771085794316605 0.684353510383517 0.362733547110111 0.216959859477356 0.486060674535111 0.396164851495996 0.46524336677976 0.00728092179633677 0.392118041170761 0.457585506839678 0.737564881099388 0.889860818395391 0.757241346640512 0.43868870427832 0.0951570717152208 0.0396899248007685 0.607229994144291 0.0528164410497993 0.556679670931771
0.437691634288058 0.716531863901764 0.0142841401975602 0.635159689700231 0.940589254256338 0.38264918117784 0.357378574088216 0.815828936873004 0.630499171093106 0.945476836524904 0.137641003355384 0.148843991803005 0.264392343116924 0.91488189343363 0.593929974595085 0.694160261424258 0.188017926644534 0.165621534688398 0.523296632105485 0.686068852897733
