0.62424189131707 0.776427899254486 0.295620598830283 0.615338504081592 0.383730244124308 0.609064401593059 0.405905211577192 0.816759678535163 0.8800769073423 0.257922411896288 0.416258440120146 0.394626484252512 0.266799628734589 0.329220678890124 0.0355500974692404 0.0800075714942068 0.969730389304459 0.396634918171912 0.178380186902359 0.155125877354294
0.0411368801724166 0.41898365993984 0.632288386579603 0.101116737117991 0.831601293059066 0.604834699537605 0.871532222256064 0.309118269244209 0.61182612599805 0.527301252353936 0.778858253499493 0.875488396733999 0.025595220271498 0.468160124029964 0.337062967708334 0.749734468292445 0.673935460392386 0.906528799328953 0.879784308606759 0.40992804360576
0.0169640814419836 0.624645270872861 0.204139594221488 0.343531035119668 0.310300303855911 0.0381120468955487 0.490087397396564 0.398126512533054 0.360318004153669 0.62461931607686 0.021180177340284 0.36660631117411 0.265781760681421 0.809967415174469 0.817015928216279 0.186952811200172 0.731247833464295 0.00276970025151968 0.616434666560963 0.303495016880333
0.385318472981453 0.181020825868472 0.208472352707759 0.490280473604798 0.557547751348466 0.102643736870959 0.0759802355896682 0.424478605389595 0.925900650443509 0.519804262788966 0.314587499946356 0.0181919310707599 0.053315268130973 0.968830597354099 0.807925938162953 0.860303178895265 0.718156589195132 0.756576016545296 0.265765227377415 0.74107912206091
0.446939012035728 0.843421643599868 0.451639998005703 0.962624487932771 0.528264358639717 0.474686423549429 0.630525621119887 0.729712927248329 0.168240195605904 0.779118606587872 0.524951962288469 0.555127496365458 0.296159835532308 0.585445045027882 0.1898172814399 0.296053730417043 0.197214703541249 0.471555427880958 0.365276244701818 0.805597978178412
0.372921149479225 0.035228188149631 0.80975105217658 0.416179325431585 0.157198522007093 0.732167067704722 0.642153959022835 0.324018310755491 0.445351757807657 0.111299529438838 0.895301565993577 0.804924468044192 0.109099217457697 0.848504659021273 0.957139052217826 0.549960150849074 0.504426478873938 0.774143293034285 0.23512245551683 0.925065363757312
0.28954134741798 0.429025535471737 0.441719468450174 0.501436223741621 0.489383781328797 0.283022395102307 0.910802116850391 0.696187911788002 0.584218627540395 0.7689168760553 0.846277624368668 0.789642671821639 0.00212480034679174 0.91656641382724 0.730752164730802 0.687518673483282 0.217026298167184 0.318187594413757 0.274331940570846 0.00734309502877295
0.622414753772318 0.0427953414618969 0.11996340425685 0.461554372915998 0.549256526399404 0.104704403318465 0.903072584886104 0.0289155261125416 0.17448174348101 0.323034786619246 0.272426262963563 0.244603627827018 0.647460704902187 0.541592705063522 0.609771644929424 0.932797337882221 0.0499585994984955 0.595264253672212 0.889835939742625 0.684068391798064
0.50011395290494 0.730758524732664 0.462760643102229 0.958811462391168 0.843004792463034 0.519303331384435 0.837700110860169 0.781893426319584 0.499246497871354 0.120863157091662 0.427864493569359 0.525589453522116 0.592278144555166 0.481746048200876 0.749876976711676 0.622297395020723 0.394913582364097 0.841571236262098 0.110832353122532 0.468962892191485
0.875487370882183 0.788097642129287 0.188800659496337 0.451757851289585 0.660722039174289 0.185904686804861 0.91522878408432 0.629336730809882 0.331322299083695 0.893586432095617 0.362271143123507 0.54612415493466 0.812850808957592 0.90038370504044 0.048933727433905 0.580804257420823 0.0587163968011737 0.804118221625686 0.390973790548742 0.539648743579164
0.0560415263753384 0.309769350802526 0.00992348720319569 0.0180754561442882 0.547430535312742 0.509868571534753 0.146681173006073 0.757251136703417 0.855907564982772 0.435636897571385 0.398715946357697 0.0577521815430373 0.676901464350522 0.185099153546616 0.347903411369771 0.064689849736169 0.299676131689921 0.0865487563423812 0.713993386132643 0.824588143266737
0.611102231545374 0.604583441046998 0.910728983348235 0.849066582974046 0.76826878474094 0.31285165832378 0.0937250140123069 0.0829330624546856 0.0910382745787501 0.552221369696781 0.587149530183524 0.514539266936481 0.720177678624168 0.848676413763314 0.295854067662731 0.0888461391441524 0.973313257563859 0.306216273223981 0.516527358908206 0.420955612557009
0.638248597737402 0.584700076375157 0.256777038797736 0.374632814433426 0.691746558761224 0.8083263898734 0.493386400397867 0.286462267395109 0.226313541410491 0.41705131647177 0.941436003893614 0.56482762680389 0.512576574226841 0.76926312292926 0.264525119448081 0.155882104765624 0.468653732910752 0.870161849306896 0.901160055072978 0.18215716839768
0.359930044971406 0.0258614374324679 0.0435385731980205 0.655082250246778 0.230429808143526 0.600757673149928 0.255964150652289 0.780897336313501 0.238431323552504 0.915691118920222 0.465071837184951 0.703874482307583 0.93562957062386 0.886488293064758 0.618010045029223 0.223255287390202 0.406947681680322 0.774692560080439 0.320504083530977 0.0929395714774728
0.124059014255181 0.956257365411147 0.631409749621525 0.934589526848868 0.470436732051894 0.0491365857888013 0.109377176035196 0.581441920716316 0.670625744853169 0.488599404459819 0.41311971261166 0.615362189244479 0.560778518207371 0.941449617268518 0.913735314505175 0.912189982598647 0.876329880906269 0.642425496829674 0.00468663196079433 0.633146405452862
0.939706872683018 0.0665600090287626 0.0297092883847654 0.150731844594702 0.299552360549569 0.252518749330193 0.0964849498122931 0.861408548196778 0.802122725406662 0.748609163798392 0.681590516818687 0.146567424060777 0.844576325733215 0.222876337589696 0.330086898524314 0.739462305558845 0.387899479828775 0.490867353510112 0.199440927710384 0.0308522977866232
0.737238907022402 0.693225469905883 0.179634297033772 0.416561046149582 0.44114792230539 0.186950785573572 0.884207319002599 0.168568496825173 0.0176441641524434 0.9422956276685 0.761547260452062 0.939717932138592 0.103374913800508 0.0596912496257573 0.293509608134627 0.939984701341018 0.113498597405851 0.909262739820406 0.81238545733504 0.293856482021511
0.908978166989982 0.406587643781677 0.313079089857638 0.127639811253175 0.378873411333188 0.121467569842935 0.354884059401229 0.996663726400584 0.24989665299654 0.851639735279605 0.266807921463624 0.492882972583175 0.489847322693095 0.680115065071732 0.459946649614722 0.328679679892957 0.989792201668024 0.528839726233855 0.0257251111324877 0.395725901937112
0.297177940839902 0.946882276562974 0.272319091716781 0.491222979268059 0.763648906024173 0.884600646328181 0.736911857733503 0.0823386458214372 0.46391598880291 0.525354552082717 0.524774944176897 0.776610584929585 0.538987306412309 0.371290763374418 0.0608586396556348 0.0391146373003721 0.29462001984939 0.839405123610049 0.0398858666885644 0.55678606312722
0.839437481947243 0.563846992328763 0.539103446528316 0.0758684021420777 0.657508370699361 0.715910460799932 0.829050700413063 0.0739295983221382 0.557962251361459 0.678442983189598 0.300099004292861 0.532546163303778 0.895377700682729 0.359984446084127 0.348959044553339 0.630281213438138 0.68503079446964 0.273620278807357 0.644857427105308 0.650956147583202
0.7581161565613 0.545640521449968 0.237077360507101 0.327173596713692 0.82782518886961 0.0770084159448743 0.0515776562970132 0.752068749628961 0.274977197404951 0.727009336696938 0.989114244934171 0.925338535336778 0.563047358533368 0.412369410973042 0.0498384113889188 0.199323976412416 0.147803092142567 0.52466443204321 0.907825817819685 0.236663714749739
0.321851203450933 0.30113863456063 0.328490470070392 0.268274139845744 0.8401791411452 0.0653999007772654 0.184052306925878 0.258624415844679 0.554443085100502 0.0283358732704073 0.981438740156591 0.669717449927703 0.736269111046568 0.394176789326593 0.852139479247853 0.0105700343847275 0.767337680328637 0.36129621649161 0.327809823211282 0.117241102270782
0.216987994732335 0.91924240719527 0.395310724619776 0.50798249989748 0.117866420419887 0.200128397904336 0.883286798838526 0.177493760129437 0.370352578582242 0.443389056483284 0.414821424055845 0.795921521726996 0.273066876688972 0.279699576552957 0.405831349547952 0.40749930520542 0.434655147371814 0.625864593777806 0.0671166691463441 0.630659862887114
0.17341353232041 0.329023701371625 0.895679427077994 0.876048394478858 0.0980802811682224 0.103943476220593 0.37643980444409 0.983160783071071 0.425650181481615 0.0103416629135609 0.381124012172222 0.518505253829062 0.658416793914512 0.260916791157797 0.400511879241094 0.243447515647858 0.162489220732823 0.429419977357611 0.892318263184279 0.964459366630763
0.952898424118757 0.260062977438793 0.381541325477883 0.710908005479723 0.448957968503237 0.747881231596693 0.734594907611609 0.392209489597008 0.942205181578174 0.914584242738783 0.946246378589422 0.217336542438716 0.770895539550111 0.544905523303896 0.767023991560563 0.782167807919905 0.989947096677497 0.266468027140945 0.511178176151589 0.545884022023529
0.167625221656635 0.223741687368602 0.284032087307423 0.769689067732543 0.529778969241306 0.314253411721438 0.873451584484428 0.595640609273687 0.965983103727922 0.375544706592336 0.554051912622526 0.0941636508796364 0.452477053971961 0.364815512439236 0.323208580724895 0.196219799341634 0.35924262041226 0.221726684365422 0.613179404987022 0.12815087265335
0.187388000776991 0.316082860110328 0.562400807626545 0.790758556919172 0.0769045427441597 0.559725308790803 0.301364563172683 0.32864909642376 0.389257967006415 0.342254614224657 0.328481462551281 0.633623041445389 0.53251414350234 0.944829697022215 0.730239757103845 0.835451210150495 0.0299830643925816 0.734988612122834 0.586826163111255 0.402820095419884
0.781828588806093 0.10815074108541 0.745990650495514 0.297669691033661 0.218549881828949 0.258148636203259 0.64222723711282 0.152648107847199 0.548667714931071 0.890264588175341 0.259670108091086 0.659872363088652 0.938480807002634 0.338378469459713 0.269722586963326 0.481376213952899 0.419505457160994 0.274444136535749 0.508360769366845 0.0746559300459921
0.0205554882995784 0.351256157970056 0.470825875643641 0.513698339695111 0.0495687678921968 0.0891539235599339 0.701899463078007 0.0993375228717923 0.561322457389906 0.78450682759285 0.802407953888178 0.64395471313037 0.498931990936399 0.145991204772145 0.490424851654097 0.097206006757915 0.122076726984233 0.890075279166922 0.423946536611766 0.0237275962717831
0.808237626217306 0.170355283422396 0.621149945771322 0.920042897108942 0.234619607916102 0.230394900776446 0.893152751261368 0.973960231756791 0.635551704559475 0.274654075270519 0.585241639055312 0.745073364814743 0.890595364384353 0.471641551237553 0.911821957211941 0.821802486665547 0.0560029302723706 0.565079811261967 0.278147229924798 0.659941853722557
0.44933705450967 0.548412950243801 0.492021659621969 0.392968912841752 0.312127847690135 0.697935551637784 0.590156194753945 0.739756458206102 0.284845125395805 0.075330103514716 0.543245527660474 0.0805241835769266 0.274902048287913 0.461932747391984 0.345108877168968 0.873769194819033 0.0881401463411748 0.151666515273973 0.729069311870262 0.822049255715683
0.77231811825186 0.692778644617647 0.875623394036666 0.873988459119573 0.00896266428753734 0.978504340164363 0.56054670130834 0.752016602084041 0.0792405232787132 0.275372912641615 0.577197862556204 0.81478773150593 0.688742494909093 0.601637830492109 0.643234495306388 0.997960184700787 0.718511071754619 0.39985176641494 0.99758830643259 0.0876185297966003
0.0436537645291537 0.445006147492677 0.424495639977977 0.753068345133215 0.239735689712688 0.418765400769189 0.195700411917642 0.616782598430291 0.29859390668571 0.0166719916742295 0.307994422968477 0.386836855206639 0.635001310147345 0.207933374913409 0.173395824385807 0.385683474130929 0.239698822144419 0.97049715090543 0.36105396063067 0.554804979125038
0.969245296204463 0.776544452644885 0.744131602812558 0.031240354757756 0.262129542417824 0.06453005829826 0.73484475701116 0.671391373034567 0.91322971554473 0.374374297680333 0.769860498141497 0.805213136132807 0.475986371515319 0.664250156609342 0.626744972541928 0.680617177393287 0.720428269123659 0.0507322768680751 0.257230405462906 0.394066552631557
0.813777077943087 0.00399547698907554 0.910972857614979 0.917723326710984 0.369669459061697 0.06620350969024 0.868798601673916 0.353517624316737 0.970276354579255 0.28806574922055 0.069062378956005 0.212387608597055 0.16920482669957 0.0612845604773611 0.00959840603172779 0.77193947439082 0.878970219288021 0.0649324557743967 0.244656780501828 0.334850372280926
0.567525550024584 0.716220958624035 0.169918568106368 0.821817518677562 0.444369717035443 0.126820577541366 0.406284051015973 0.437672119354829 0.483423333847895 0.636630952591076 0.0786756183952093 0.789899906842038 0.916000555967912 0.907474556704983 0.920613857917488 0.645156974904239 0.185608617728576 0.599055190104991 0.494503989350051 0.0616718789096922
0.611380924470723 0.129499087575823 0.263102633180097 0.213979129912332 0.974294797284529 0.899035041453317 0.303223534487188 0.710953696165234 0.573828579857945 0.530277840094641 0.00258967047557235 0.274177334271371 0.492283764993772 0.983018729137257 0.932406170526519 0.872363651404157 0.869335805531591 0.812374769477174 0.411938647739589 0.256981501821429
0.543865129351616 0.137864263728261 0.291347100632265 0.684929393231869 0.767189439153299 0.00839381758123636 0.109309189720079 0.850852655479684 0.548155197640881 0.393292379099876 0.272300777724013 0.832539966562763 0.753982551628724 0.50970988557674 0.654748308705166 0.127900431398302 0.979092041961849 0.63244356168434 0.877806747565046 0.807880142237991
0.792193956207484 0.450830107089132 0.744223588844761 0.897933120140806 0.768964031012729 0.176897942554206 0.402725606691092 0.237396045587957 0.346677785739303 0.532006958965212 0.152167043881491 0.589463614858687 0.428679563803598 0.0174150641541928 0.883375897305086 0.642058161087334 0.00121908681467175 0.034311932278797 0.00379690178669989 0.567099750274792
0.740492532029748 0.408517791191116 0.0534897777251899 0.0624108691699803 0.309501652838662 0.317622749367729 0.940583533374593 0.988968490157276 0.299143271520734 0.702832679497078 0.00576906208880246 0.937395075336099 0.234008381608874 0.844361356459558 0.307644910411909 0.0160651789046824 0.830190058564767 0.695512332720682 0.529435391537845 0.0675346567295492
0.887845465913415 0.437821981497109 0.132519752020016 0.722449059132487 0.606610681395978 0.198799291159958 0.304152073105797 0.927003066055477 0.82098474027589 0.533568772254512 0.480446405475959 0.252087037079036 0.907728925114498 0.861714286729693 0.609498501522467 0.891913897357881 0.0639614032115787 0.0994789332617074 0.988994042854756 0.247183502651751
0.278065704740584 0.602080716518685 0.250251732068136 0.214951588306576 0.591157004702836 0.414699004031718 0.150084634777158 0.470735458889976 0.775656531332061 0.438228036975488 0.217557980213314 0.0521841598674655 0.215801340993494 0.978316109161824 0.0504607073962688 0.383588441181928 0.882595425471663 0.579834090080112 0.755570378387347 0.222152730217203
0.0160994450561702 0.874807281885296 0.45268153375946 0.500446154735982 0.945576548343524 0.822455130284652 0.793105993419886 0.0726148523390293 0.0713736177422106 0.45718520344235 0.909615299664438 0.828137930948287 0.829294773051515 0.526363281067461 0.643268397077918 0.70571953849867 0.474241978721693 0.458637725096196 0.635432138340548 0.0272173734847456
0.791283706668764 0.699472337495536 0.603351005353034 0.954764923313633 0.773389935260639 0.169691559392959 0.372287618927658 0.707072565099224 0.588841816177592 0.169259492773563 0.93742450652644 0.201662516919896 0.391597244888544 0.563806960824877 0.146861788583919 0.53735641296953 0.877780021866783 0.0162444901652634 0.528224063338712 0.681869626045227
0.934536119457334 0.734747268259525 0.462586962152272 0.227336485171691 0.387208346975967 0.179288188228384 0.806048452388495 0.740128605626523 0.525309507269412 0.349521057447419 0.45995025197044 0.956842128187418 0.27699646144174 0.875816843239591 0.167935238452628 0.82558159949258 0.615669780876487 0.644164340337738 0.957217192510143 0.561885194154456
0.400879230583087 0.000848612515255809 0.890794983599335 0.394546277588233 0.900404097745195 0.559434477007017 0.198087567230687 0.835816162871197 0.834611362311989 0.214721701573581 0.939206876559183 0.878877748269588 0.569422767031938 0.0839839500840753 0.798999026883394 0.744041071273386 0.172543551307172 0.291877740528435 0.155171686783433 0.116699398728088
0.50840414641425 0.301471727434546 0.0697745159268379 0.442729131318629 0.130811035865918 0.239819049602374 0.387202485231683 0.792854958213866 0.181155552854761 0.66554582095705 0.896610094932839 0.676700221607462 0.155845200177282 0.691082732519135 0.0433776483405381 0.89451357559301 0.263583153253421 0.157012475887313 0.82333204918541 0.14846601174213
0.595435610739514 0.754236984066665 0.649849305860698 0.168808502377942 0.0249801273457706 0.515022723237053 0.574817878194153 0.127215716522187 0.829465817892924 0.293463006615639 0.203773385379463 0.596827747765929 0.400004555936903 0.949930703267455 0.272558983415365 0.814725794130936 0.103601386537775 0.711191720096394 0.38737299409695 0.640901588369161
0.989174632821232 0.0320142903365195 0.390484066447243 0.865419829729944 0.42726050154306 0.168586362851784 0.164568746229634 0.031328113283962 0.889097852632403 0.605881218565628 0.296607366530225 0.0929084196686745 0.0443550422787666 0.910067598568276 0.170899736462161 0.179516311734915 0.362763378769159 0.234036833746359 0.0877336557023227 0.394313484895974
0.754547804826871 0.994429242098704 0.243730928981677 0.123450488783419 0.257346623577178 0.842226429143921 0.363058236427605 0.367165425093845 0.710379726020619 0.735749126877636 0.970422019949183 0.859215182485059 0.774416760308668 0.658398843370378 0.00337349530309439 0.360932052135468 0.0231113955378532 0.903098121052608 0.264911820646375 0.601756606251001
