0.421267278026789 0.449853725032881 0.0515039693564177 0.0805314846802503 0.636051849229261 0.330576087115332 0.89939894224517 0.133285106858239 0.98172226222232 0.718470401130617 0.81370305432938 0.0542872392106801 0.620104627916589 0.410363008268178 0.277474575908855 0.14888121932745 0.627441222080961 0.701308589894325 0.832330105593428 0.80668462626636
0.155786961782724 0.111486810259521 0.278201713226736 0.492722951807082 0.302699038526043 0.769814200466499 0.0236323308199644 0.395395679632202 0.423313942737877 0.280914247734472 0.109063868643716 0.29655985836871 0.667286935029551 0.0839882106520236 0.657908442197368 0.523663920583203 0.081368830986321 0.0464764249045402 0.552274834830314 0.601941543631256
0.84349060873501 0.178999747615308 0.0336845270358026 0.624596006702632 0.900348249822855 0.97779028210789 0.169766708509997 0.13761961623095 0.133565755793825 0.998525759205222 0.528868363704532 0.0182527401484549 0.0763104860670865 0.623034507734701 0.30053910263814 0.57557114912197 0.384931158507243 0.74496132414788 0.704218870494515 0.642837950028479
0.43837548000738 0.26145814708434 0.212451428407803 0.589556777151302 0.334740384714678 0.427703205496073 0.827500805258751 0.855325789889321 0.752072431147099 0.514942843932658 0.314703376498073 0.915978447534144 0.474754861323163 0.336939323926345 0.599251338746399 0.166845181956887 0.465662402566522 0.104003325570375 0.805109079927206 0.370267070131376
0.00415732758119702 0.695928992237896 0.05020651826635 0.580704845255241 0.988062877207994 0.205103815067559 0.260069214738905 0.440214270493016 0.90660672984086 0.705264002084732 0.0856974159833044 0.0279061878100038 0.124307773541659 0.479174374369904 0.442326523829252 0.134235623991117 0.60478663444519 0.242606697836891 0.681132301222533 0.191865328932181
0.64334678510204 0.833288224413991 0.982200761558488 0.934041993226856 0.553891082992777 0.318915622774512 0.937687919009477 0.983092132490128 0.62612971663475 0.241676785284653 0.608456389978528 0.793693710118532 0.268908469704911 0.0993881500326097 0.838935502106324 0.209511044202372 0.960626542102545 0.280438092770055 0.852624293649569 0.409743547905236
0.198431846220046 0.508099398808554 0.210017113247886 0.461075378814712 0.243838712805882 0.344170526601374 0.326390696922317 0.248629227280617 0.623266059439629 0.50980970216915 0.000768906436860561 0.102265182184055 0.994387653889135 0.05873962957412 0.78880364401266 0.811047582421452 0.494534750236198 0.696403635432944 0.818930671317503 0.136306188534945
0.809474635636434 0.305908335605636 0.478779680095613 0.675773721886799 0.769719414180145 0.878026227932423 0.964185595978051 0.921953557291999 0.874134153593332 0.456548771588132 0.933142679277807 0.146465477300808 0.496236201841384 0.333697686670348 0.127017769031227 0.803274985635653 0.323063304414973 0.465423666406423 0.833228136412799 0.60948642459698
0.457708582514897 0.77464775624685 0.914960536872968 0.742874660762027 0.995998255908489 0.66651111911051 0.440326992888004 0.629998329794034 0.0325819042045623 0.759939151350409 0.853524099569768 0.0836048251949251 0.355541443452239 0.0748164050746709 0.620920973131433 0.635216605849564 0.764771035639569 0.79727383190766 0.995835444191471 0.702108087483793
0.423045449657366 0.488710068631917 0.165923098800704 0.40789037453942 0.338944234419614 0.649539393605664 0.0184136461466551 0.218443329213187 0.354695813031867 0.740707483608276 0.314699969021603 0.538792021106929 0.0176147778984159 0.874419442145154 0.182844707975164 0.566551262047142 0.760796930873767 0.174343596678227 0.872454166645184 0.215618056245148
0.020199618069455 0.589282068423927 0.858457315480337 0.802639204543084 0.0156460534781218 0.725847492925823 0.375537374289706 0.956277523422614 0.292745595332235 0.853501322912052 0.853695990052074 0.590509480098262 0.903052328852937 0.0091972267255187 0.461797590833157 0.654226167825982 0.224049274111167 0.343074037693441 0.478092600824311 0.0788326081819832
0.8615202375222 0.0216699936427176 0.283753330353647 0.378415558254346 0.34418080933392 0.517360267462209 0.779410870047286 0.759016514755785 0.0605105236172676 0.0811402555555105 0.11557603161782 0.595794001827016 0.779752764850855 0.101971119642258 0.106461658840999 0.173235857393593 0.835875820135698 0.256841581314802 0.108224709983915 0.304469502298161
0.612277509411797 0.645774171222001 0.299805381335318 0.11297236662358 0.118026222800836 0.0925486660562456 0.0920547426212579 0.653285620966926 0.691927539883181 0.834021162940189 0.985811847029254 0.765968268504366 0.655441197101027 0.796804097713903 0.230976928025484 0.250614296644926 0.93412993918173 0.00916919624432921 0.535747913410887 0.52265158877708
0.31892315694131 0.533590686507523 0.562770481454208 0.176190572790802 0.0506435942370445 0.757615463808179 0.273340929765254 0.750237308209762 0.713625578209758 0.520667858421803 0.752534575760365 0.3095922912471 0.953578479588032 0.248948168708012 0.489758411189541 0.0923033140134066 0.442115761572495 0.536707241320983 0.939422267721966 0.672091997694224
0.0926370949018747 0.772312183165923 0.342335511930287 0.352273898664862 0.682818042347208 0.125984932761639 0.0784481670707464 0.848304789280519 0.867472859797999 0.25486357929185 0.670233407057822 0.359621634706855 0.630045894300565 0.584807436680421 0.782436797628179 0.644840602530167 0.707544530043378 0.393001952441409 0.234543219907209 0.152540535666049
0.220105029642582 0.0999821966979653 0.0462558949366212 0.132211024640128 0.452672332990915 0.475388142280281 0.211863817181438 0.602817394305021 0.385524726472795 0.774001168552786 0.789594847708941 0.383804626064375 0.0492916617076844 0.909539070911705 0.786392921349034 0.764838866190985 0.707877383334562 0.509838882833719 0.877070209709927 0.067914227489382
0.855978383915499 0.41769133717753 0.0270184387918562 0.4232708143536 0.653057158924639 0.460424667689949 0.0893462884705514 0.491017212625593 0.687334899092093 0.500329528702423 0.263170996215194 0.248843151144683 0.628882033750415 0.596893646754324 0.920495176687837 0.0190935221035033 0.762471655616537 0.903040419798344 0.87112424778752 0.224000624613836
0.756592050660402 0.604263151530176 0.685057227732614 0.610406742198393 0.322212752420455 0.20734480000101 0.267209348734468 0.0340611157007515 0.136199299013242 0.486257505137473 0.19298432697542 0.366353037301451 0.0547655178233981 0.0534668702166528 0.0882886969484389 0.549408928956836 0.920676360605285 0.323858252028003 0.519824776565656 0.933827080763876
0.933135333703831 0.941378221614286 0.354011156363413 0.472468822030351 0.586245083715767 0.908069273456931 0.0524652232415974 0.808850170811638 0.667502930620685 0.815340967848897 0.886218342231587 0.96080612228252 0.514807800296694 0.888963542180136 0.192132541909814 0.231803998816758 0.912865087157115 0.892227007541806 0.688744468381628 0.821896569803357
0.719818163430318 0.03148607397452 0.0843556658364832 0.597567602293566 0.242780148750171 0.994416320463642 0.216900883475319 0.877566400449723 0.930334512609988 0.602548483526334 0.35400292580016 0.461314687039703 0.84881291189231 0.766824085498229 0.694191511720419 0.59438096685335 0.997846195939928 0.297296416712925 0.29983266768977 0.225900526857004
0.233748495578766 0.139003164833412 0.233668029075488 0.540052940836176 0.273315924685448 0.859959816094488 0.713525659870356 0.701093839015812 0.502649729140103 0.683342256117612 0.924423661082983 0.487366325687617 0.0298933191224933 0.55226490390487 0.00585068436339498 0.854306635912508 0.370152327464893 0.550520108314231 0.485862045548856 0.0919974874705076
0.712376187089831 0.54565419559367 0.707663689274341 0.935260571073741 0.0345466695725918 0.187333171721548 0.838413363788277 0.548315721331164 0.425153410062194 0.315921173896641 0.474112689960748 0.270169517956674 0.322533930651844 0.195828627096489 0.517241055611521 0.697414959315211 0.253953309264034 0.0919317617081106 0.463130131363869 0.270563610363752
0.745052580256015 0.0485158252995461 0.216105036437511 0.611399242887273 0.10903477598913 0.673478734446689 0.425564893288538 0.160591551102698 0.0868316874839365 0.0392384617589414 0.571538569172844 0.342737873783335 0.279972381191328 0.970270137069747 0.911644656676799 0.552664530696347 0.12536481814459 0.821342670125887 0.304499405901879 0.709178298478946
0.600343060446903 0.151336995884776 0.0498421357478946 0.847734417533502 0.121774998726323 0.5536905284971 0.384307504631579 0.149681997252628 0.0159008940681815 0.0520210058894008 0.23120403313078 0.715226276544854 0.570712269749492 0.890587062342092 0.47367673413828 0.672389329178259 0.657183398259804 0.956422318937257 0.0211415938101709 0.413880160776898
0.188687134068459 0.17865496664308 0.943248436087742 0.753977470798418 0.421020874986425 0.563810000661761 0.760277908295393 0.497873145854101 0.324262270703912 0.484104294329882 0.890458512818441 0.128940884489566 0.928216049214825 0.66277291229926 0.197330741910264 0.192423752276227 0.303891208022833 0.599277988541871 0.273106849286705 0.343970129964873
0.953062372282147 0.709271846571937 0.341488873120397 0.0400324105285108 0.665156263392419 0.883120169397444 0.385657551465556 0.268117568921298 0.234971623169258 0.843681026482955 0.080935594625771 0.345184374367818 0.0162954258266836 0.279993951786309 0.990800976287574 0.721283866558224 0.403025777079165 0.0449736965820193 0.289189958013594 0.75001329020597
0.295279978308827 0.0457720682024956 0.0699402159079909 0.787331966450438 0.94111458864063 0.948912424268201 0.340557739371434 0.217010681051761 0.109428818803281 0.827712921891361 0.515257686842233 0.167267095996067 0.530375407077372 0.768465326633304 0.0388121728319675 0.316889632493258 0.808304828125983 0.80327371112071 0.524551697773859 0.291180782020092
0.480781008256599 0.704458155436441 0.640444157412276 0.957125382963568 0.263004958862439 0.610364730237052 0.804339876631275 0.746187720680609 0.452348199672997 0.84820188744925 0.656229848740622 0.387629572069272 0.68283213255927 0.475167427677661 0.416366490768269 0.100910778623074 0.23699293541722 0.374057239387184 0.753274382092059 0.198901435127482
0.860770005034283 0.0303287433926016 0.748706139391288 0.100950127700344 0.429057040950283 0.741934564895928 0.993485728511587 0.961454312782735 0.922458211658522 0.616986508946866 0.422004960710183 0.00640228181146085 0.878394877072424 0.0945156880188733 0.535436823964119 0.338096750201657 0.282897738041356 0.987383836414665 0.0141045213676989 0.710428525926545
0.261719702277333 0.491173026384786 0.72743847919628 0.92103485786356 0.419754880247638 0.874384266790003 0.549819985870272 0.617547164671123 0.10318005993031 0.862548849545419 0.744088966865093 0.966883589047939 0.236724459799007 0.0543819274753332 0.25904786773026 0.711428858805448 0.526396841974929 0.555824296781793 0.371864210581407 0.190168675035238
0.786300829611719 0.241337170358747 0.611440739128739 0.51132827764377 0.632889945991337 0.146650645183399 0.843302742578089 0.290997459320351 0.0691922877449542 0.217041908064857 0.689381512347609 0.472844183444977 0.224314672406763 0.114770875778049 0.456792093580589 0.211279657902196 0.0283612851053476 0.828648103168234 0.00507731828838587 0.924691261723638
0.0301227448508143 0.65751023311168 0.426757792709395 0.395257732830942 0.0586356467101723 0.513874833704904 0.644450487801805 0.125997585011646 0.994075576076284 0.0914624112192541 0.461176031269133 0.785881272284314 0.8581844039727 0.597411564784124 0.506581499241292 0.172287181485444 0.455639150924981 0.381950462237 0.616831278195605 0.865831560222432
0.370323465205729 0.354442831128836 0.0413501770235598 0.465208003297448 0.508226951118559 0.154051791643724 0.770732507109642 0.900819691829383 0.904793322086334 0.682737060589716 0.299066691892222 0.374917793786153 0.528230416588485 0.591648514149711 0.727466037729755 0.702966310549527 0.178858197759837 0.612418545875698 0.553959745913744 0.426425768295303
0.878008901840076 0.610860388725996 0.585976482601836 0.66147043206729 0.525165525265038 0.552319008624181 0.983036071993411 0.834996624849737 0.944109038915485 0.300970446318388 0.956523567438126 0.196880765492097 0.213609582511708 0.791478663217276 0.598349154694006 0.0737433042377234 0.608655953779817 0.863290671491995 0.756738892989233 0.0539464468602091
0.653789217583835 0.11204763292335 0.906472901348025 0.87683298275806 0.961788925807923 0.25676637259312 0.249333298532292 0.183425839291885 0.421429278329015 0.43934443499893 0.029087538830936 0.335348496213555 0.138475340558216 0.94649614370428 0.57638849155046 0.126461083535105 0.131062026601285 0.671737903496251 0.0490894229151309 0.767196414992213
0.680947512155399 0.0242485152557492 0.45150507404469 0.736963673727587 0.273027066607028 0.148541923845187 0.488234600052238 0.596053268527612 0.878428108990192 0.454760637134314 0.857023872435093 0.584664601599798 0.335396705195308 0.20857263263315 0.597474889131263 0.68369614914991 0.152983484091237 0.194634898332879 0.669754326110706 0.893734677694738
0.40776503784582 0.720664492808282 0.583476421888918 0.458747545490041 0.548103072214872 0.43563700420782 0.936106168199331 0.945095093920827 0.265924268402159 0.456351471832022 0.722935842815787 0.948514629621059 0.88098460691981 0.826906588161364 0.0591157525777817 0.193916940828785 0.973726220894605 0.69423095532693 0.623003596439958 0.873929429566488
0.0696446776855737 0.0312160402536392 0.89779730187729 0.0668498701415956 0.49448451353237 0.530427681049332 0.568481973139569 0.259986796649173 0.725590960821137 0.511729125864804 0.375175455119461 0.715149380499497 0.609263632213697 0.33594945538789 0.835155849112198 0.221262245438993 0.894473768072203 0.317173018120229 0.0446270320098847 0.186896246625111
0.572343826526776 0.369255106896162 0.874098942847922 0.329852046445012 0.314919312950224 0.184800886781886 0.98011612566188 0.317268484504893 0.363277322612703 0.592154897749424 0.402717160293832 0.548854974098504 0.624597470276058 0.084300164366141 0.0660020755603909 0.144592211581767 0.237033483339474 0.305630341172218 0.00048926193267107 0.0263422327116132
0.0810070640873164 0.932144900783896 0.67730019800365 0.645704018650576 0.869671761756763 0.806217924458906 0.10757657350041 0.463219932513312 0.652134162606671 0.924408305203542 0.798509207554162 0.738288765540347 0.332084353547543 0.913559778826311 0.737727901199833 0.980579922674224 0.969698749482632 0.804862123914063 0.324721527053043 0.165396504104137
0.46788155217655 0.6997948999051 0.114952239673585 0.373999665258452 0.493941853987053 0.628849516389892 0.587260258384049 0.382430109195411 0.774646894540638 0.812784534879029 0.103294405154884 0.247168261092156 0.31668152147904 0.748941045952961 0.0959740208927542 0.941833635093644 0.800121132517233 0.146508375415578 0.479324587387964 0.679175817174837
0.685666257282719 0.650734950555488 0.886566940462217 0.994218754349276 0.0162763383705169 0.565924257971346 0.108983768383041 0.29897218127735 0.104657999472693 0.822152563836426 0.0840701388660818 0.118025567382574 0.319644350558519 0.809830873971805 0.542640579165891 0.412043634336442 0.0289018680341542 0.0750840932596475 0.865914965514094 0.925863438518718
0.890402262331918 0.349353924626485 0.192754566203803 0.620091000106186 0.454537030542269 0.0724980800878257 0.400679377373308 0.661933818366379 0.703656570287421 0.995460407342762 0.580344619229436 0.346742132212967 0.508747806074098 0.287689048796892 0.895685061812401 0.469883294776082 0.409265718189999 0.154875468695536 0.445102846715599 0.0728542502038181
0.485020576510578 0.691747545497492 0.591082531493157 0.161873704986647 0.615222014952451 0.685356569010764 0.41385398991406 0.328540769638494 0.900940113002434 0.492134536150843 0.671694403048605 0.139843815239146 0.768143475055695 0.00753212976269424 0.932532110018656 0.490485079353675 0.0636911261826754 0.322630958398804 0.311199837364256 0.836966283153743
0.661598009755835 0.766231062123552 0.72429604199715 0.760932114440948 0.454011071007699 0.891414954792708 0.179099713917822 0.0830053414683789 0.231594097102061 0.17561759846285 0.958074041176587 0.668813824420795 0.303150761174038 0.815458811586723 0.0725751216523349 0.443868717178702 0.912835257127881 0.350866252090782 0.70417911815457 0.378887814935297
0.315031131729484 0.0496864311862737 0.730050356127322 0.146574225975201 0.114466601517051 0.501147339353338 0.142320810584351 0.488036958500743 0.718185301171616 0.385248427512124 0.540956422686577 0.197222745977342 0.549245509086177 0.0858216173946857 0.970709343440831 0.553905294276774 0.705134354066104 0.687112183542922 0.335998706985265 0.866978281643242
0.951606435701251 0.355814612703398 0.97345074894838 0.598424929659814 0.831376661313698 0.310248448746279 0.620519940974191 0.444238655967638 0.188581723254174 0.00878717913292348 0.856790590332821 0.498594927135855 0.113590303109959 0.39937945199199 0.409313163487241 0.00208573648706079 0.789801656035706 0.123076959978789 0.871880134101957 0.693940406898037
0.666137161199003 0.951315704267472 0.876280652591959 0.357638456858695 0.803227571304888 0.158497833879665 0.742548368871212 0.626563391881064 0.298553065396845 0.909150452585891 0.607608139980584 0.912018098402768 0.356833782978356 0.76658891979605 0.975177214480937 0.129631189629436 0.76375899114646 0.123286578571424 0.452931956388056 0.58896909840405
0.228580323979259 0.670810565119609 0.721273632720113 0.322390557965264 0.941952882101759 0.332786547252908 0.77835050644353 0.565628752112389 0.186068423558027 0.502239920897409 0.71758914552629 0.537708113901317 0.14470558334142 0.833057783544064 0.287353832740337 0.835138296242803 0.558507026871666 0.880105978809297 0.455243641976267 0.605076267849654
0.385478795738891 0.919250547420233 0.928103303303942 0.411872179247439 0.851041957270354 0.00379745964892209 0.0434286058880389 0.274965931894258 0.242020985577255 0.100789686199278 0.886799460509792 0.425092452205718 0.852614833274856 0.279059184715152 0.856531492434442 0.830416741082445 0.59329717233777 0.848497377941385 0.0573631045408547 0.278840040555224
